1 0.701236 0.896750 0.049451 0.015300
0 0.141003 0.182450 0.216621 0.149500
2 0.408242 0.574100 0.097253 0.029600
4 0.132967 0.618300 0.192308 0.019800
1 0.219231 0.185300 0.041209 0.011000
1 0.467788 0.893950 0.050137 0.013100
4 0.374931 0.970100 0.247940 0.018000
1 0.209821 0.911200 0.057005 0.013600
4 0.129945 0.974450 0.183516 0.010300
4 0.135371 0.431800 0.202885 0.008600
2 0.153777 0.934100 0.097940 0.030000
5 0.218956 0.933500 0.034066 0.030000
3 0.127747 0.959800 0.123626 0.013200
3 0.377060 0.417300 0.168956 0.013200
4 0.381319 0.431700 0.190385 0.009600
0 0.620673 0.360950 0.221566 0.172300
2 0.637500 0.390200 0.096978 0.031800
5 0.702610 0.390000 0.033242 0.031400
3 0.627541 0.417950 0.195742 0.014500
4 0.620398 0.436600 0.219643 0.019600
2 0.895398 0.387850 0.093544 0.031100
5 0.958929 0.388100 0.034066 0.030600
3 0.616621 0.948250 0.218407 0.022100
2 0.164217 0.572950 0.097390 0.029100
1 0.460920 0.365250 0.044918 0.010900
4 0.132555 0.794800 0.173901 0.008800
2 0.882280 0.933800 0.098352 0.029400
0 0.381113 0.544300 0.222940 0.170800
5 0.959890 0.570250 0.035989 0.029100
2 0.158379 0.387700 0.096703 0.030400
2 0.405907 0.211850 0.094505 0.030500
5 0.470742 0.211300 0.036813 0.029400
3 0.376992 0.238100 0.116071 0.010200
0 0.619025 0.181650 0.227060 0.174100
1 0.463393 0.724100 0.039698 0.011400
3 0.134478 0.779700 0.129670 0.012600
1 0.704190 0.735000 0.041896 0.013600
3 0.614354 0.601650 0.129808 0.009100
3 0.372321 0.774550 0.155907 0.022900
3 0.623352 0.781900 0.137912 0.012600
1 0.944643 0.736950 0.046429 0.013100
0 0.138187 0.353200 0.208516 0.166800
4 0.859890 0.247250 0.175275 0.008700
3 0.860302 0.236100 0.140110 0.008200
1 0.944574 0.191100 0.041896 0.014200
0 0.873008 0.175300 0.201511 0.153800
1 0.701511 0.180450 0.047253 0.012500
4 0.378571 0.249750 0.140110 0.009300
1 0.459066 0.190250 0.043407 0.012500
1 0.692926 0.367050 0.049313 0.012700
4 0.864080 0.610900 0.179258 0.020600
2 0.893750 0.570250 0.096841 0.029100
2 0.163530 0.207100 0.095192 0.029600
2 0.651305 0.757300 0.097940 0.030000
0 0.625206 0.721400 0.221016 0.180600
4 0.371154 0.799150 0.182143 0.020500
5 0.473695 0.745700 0.035302 0.028400
5 0.717582 0.757050 0.034615 0.029500
4 0.619231 0.800200 0.179121 0.021200
0 0.863324 0.723550 0.221154 0.169700
2 0.892102 0.759200 0.097115 0.029400
5 0.957212 0.759500 0.033379 0.030000
3 0.866484 0.783100 0.195604 0.014200
4 0.861264 0.799050 0.215385 0.017500
0 0.862157 0.909900 0.205632 0.142000
1 0.936538 0.911150 0.049451 0.015700
5 0.230838 0.572550 0.036126 0.029100
5 0.947253 0.933550 0.032418 0.028900
3 0.860440 0.961000 0.173077 0.011000
4 0.861882 0.972250 0.201511 0.010100
0 0.619162 0.898250 0.225687 0.168700
2 0.646841 0.919600 0.098077 0.031600
5 0.713393 0.919600 0.035577 0.030600
3 0.380907 0.599600 0.189835 0.013200
4 0.377747 0.619100 0.189835 0.019600
1 0.705838 0.547300 0.046841 0.015000
4 0.613324 0.613300 0.190385 0.009800
0 0.869162 0.536600 0.224863 0.170000
3 0.864698 0.593000 0.214835 0.013800
0 0.628091 0.539400 0.222390 0.162000
0 0.137088 0.909450 0.220330 0.142100
2 0.409066 0.386850 0.095604 0.027900
5 0.473626 0.387450 0.034615 0.030900
5 0.473764 0.574150 0.034066 0.030500
0 0.141209 0.538250 0.221978 0.181100
2 0.647390 0.203400 0.096429 0.030000
5 0.712019 0.203450 0.033379 0.031100
3 0.619437 0.233350 0.226236 0.025300
4 0.620879 0.256450 0.194780 0.021900
2 0.890041 0.212150 0.096291 0.028900
5 0.955632 0.212150 0.034615 0.028900
5 0.229190 0.207100 0.034753 0.029600
3 0.137843 0.240150 0.182280 0.012100
4 0.138255 0.251700 0.193819 0.009600
0 0.138599 0.718900 0.217308 0.160400
5 0.718063 0.570250 0.033654 0.030900
2 0.407555 0.746200 0.097527 0.029400
5 0.229876 0.755700 0.034753 0.030000
0 0.387088 0.175450 0.206868 0.159500
0 0.385508 0.720300 0.212775 0.181600
0 0.387019 0.356400 0.209203 0.161400
1 0.461332 0.552000 0.042445 0.011800
3 0.132349 0.599300 0.198489 0.011800
2 0.165179 0.755200 0.096566 0.030000
3 0.133723 0.417200 0.142445 0.011200
5 0.224038 0.387900 0.034615 0.030000
3 0.374863 0.947600 0.222527 0.025400
5 0.480495 0.916650 0.035165 0.028900
2 0.413942 0.916900 0.098214 0.029400
0 0.375755 0.900350 0.251511 0.159900
4 0.615797 0.970550 0.214286 0.020100
2 0.653159 0.570250 0.096429 0.030900
1 0.217170 0.733350 0.043407 0.009300
1 0.945330 0.547750 0.047527 0.014100
1 0.212500 0.364950 0.043681 0.014100
0 0.868063 0.358050 0.218819 0.178900
1 0.948695 0.366000 0.045742 0.013600
3 0.867308 0.419150 0.175275 0.010900
4 0.868063 0.436950 0.190247 0.019100
1 0.219712 0.550800 0.041896 0.013200
