4 0.251044 0.937650 0.132115 0.013100
1 0.911815 0.861050 0.063838 0.018500
0 0.831593 0.845250 0.263708 0.198900
0 0.219843 0.614500 0.296345 0.220000
3 0.729765 0.698150 0.296606 0.019500
0 0.725522 0.628950 0.329634 0.193100
4 0.268342 0.715550 0.177415 0.012300
3 0.262141 0.699600 0.192167 0.017600
5 0.860953 0.671100 0.047911 0.032800
4 0.530496 0.937060 0.204021 0.013100
3 0.531005 0.920760 0.209269 0.016800
0 0.519909 0.839000 0.259138 0.215000
5 0.933420 0.894000 0.050392 0.033200
2 0.851762 0.889300 0.108486 0.038000
2 0.780809 0.667500 0.110183 0.037400
5 0.340796 0.672200 0.047911 0.032800
2 0.535379 0.889300 0.108355 0.037600
5 0.301436 0.894350 0.050131 0.032500
3 0.242402 0.921200 0.146475 0.016800
2 0.218473 0.889250 0.109269 0.037500
2 0.259465 0.667350 0.109791 0.036500
1 0.321345 0.639100 0.063838 0.019400
0 0.194909 0.842800 0.272585 0.211600
5 0.616514 0.893050 0.050783 0.031700
1 0.598238 0.860750 0.064621 0.018500
1 0.842363 0.639650 0.064099 0.017700
1 0.281332 0.861200 0.062663 0.018600
4 0.757311 0.715100 0.241514 0.013800
4 0.872291 0.936880 0.155287 0.013100
3 0.849935 0.919810 0.203264 0.016800
