0 0.291925 0.875950 0.273256 0.211100
0 0.508391 0.429250 0.378023 0.220100
3 0.772028 0.960400 0.179199 0.015000
2 0.589858 0.481350 0.107623 0.035300
4 0.779005 0.975500 0.163178 0.011800
2 0.397416 0.698700 0.109044 0.037400
3 0.814793 0.284100 0.221835 0.015200
0 0.804910 0.651650 0.242377 0.205500
2 0.816473 0.701500 0.105556 0.034000
0 0.292804 0.662505 0.436176 0.191010
0 0.753618 0.199450 0.366150 0.214300
4 0.343282 0.749600 0.299483 0.011000
3 0.283979 0.730350 0.418088 0.016900
2 0.830556 0.251150 0.107364 0.034900
3 0.812468 0.734150 0.199096 0.012700
5 0.478747 0.704200 0.047158 0.031200
1 0.459044 0.670650 0.061499 0.018100
3 0.321512 0.960500 0.193152 0.015000
4 0.351098 0.976000 0.135013 0.008600
1 0.829070 0.900350 0.062274 0.020900
5 0.402649 0.933150 0.046641 0.030100
5 0.898643 0.705950 0.046641 0.029900
1 0.428682 0.223400 0.060465 0.018400
1 0.651098 0.454500 0.058786 0.017600
5 0.909690 0.256850 0.046512 0.031300
1 0.889922 0.222300 0.056589 0.015000
5 0.450388 0.255100 0.049096 0.031400
5 0.670736 0.486700 0.048191 0.031600
0 0.701163 0.874250 0.343928 0.217900
2 0.766537 0.928050 0.112403 0.034500
2 0.323579 0.927950 0.110207 0.037700
1 0.877842 0.671850 0.060853 0.016700
2 0.369057 0.251400 0.110982 0.036400
4 0.815956 0.749750 0.193928 0.010500
3 0.503876 0.513300 0.363566 0.014400
4 0.588049 0.530450 0.195220 0.010700
4 0.311886 0.300600 0.303876 0.010400
3 0.289858 0.282850 0.346899 0.015900
4 0.863889 0.299150 0.121318 0.012100
1 0.383140 0.899750 0.062145 0.019700
5 0.847481 0.932900 0.051034 0.033000
0 0.279070 0.204800 0.399225 0.208600
