0 0.379909 0.859900 0.246164 0.194800
4 0.163329 0.516900 0.157607 0.026800
3 0.867295 0.481950 0.149415 0.028100
4 0.865475 0.513050 0.153056 0.026500
3 0.223342 0.750150 0.219896 0.015500
4 0.245839 0.765800 0.178544 0.010400
3 0.551430 0.712450 0.202211 0.029100
4 0.541352 0.745150 0.218726 0.026300
3 0.807997 0.713900 0.258648 0.030000
4 0.819376 0.744550 0.236931 0.027700
3 0.147074 0.935050 0.189597 0.012500
4 0.141222 0.950450 0.203381 0.010700
3 0.374772 0.935250 0.233030 0.012900
0 0.628934 0.862200 0.213134 0.191600
4 0.384330 0.950050 0.215735 0.012900
2 0.236801 0.718250 0.110793 0.036500
2 0.630299 0.474300 0.110533 0.036000
2 0.845839 0.442200 0.111443 0.035000
2 0.629584 0.901600 0.100520 0.036400
2 0.397074 0.902900 0.108843 0.033800
2 0.148960 0.902550 0.104941 0.034500
2 0.395709 0.262300 0.110013 0.032600
5 0.707152 0.909100 0.052276 0.030800
1 0.614499 0.646600 0.054486 0.019200
5 0.637061 0.678350 0.048114 0.030700
1 0.901560 0.645300 0.057217 0.020200
5 0.923537 0.678650 0.048895 0.031100
1 0.455722 0.234250 0.060208 0.019100
1 0.202146 0.238400 0.062809 0.019200
1 0.684330 0.238050 0.055527 0.020100
1 0.456632 0.875400 0.061769 0.020000
5 0.705462 0.270650 0.048895 0.030900
5 0.475878 0.269250 0.049805 0.031100
1 0.917945 0.236650 0.057477 0.015900
5 0.221782 0.270400 0.048244 0.030600
1 0.207867 0.874800 0.058648 0.019600
5 0.939922 0.270200 0.046554 0.031200
1 0.207672 0.417350 0.057737 0.020700
1 0.451170 0.445800 0.060988 0.017200
5 0.473082 0.480050 0.049935 0.032900
1 0.688622 0.446150 0.058908 0.018100
0 0.146489 0.867750 0.214434 0.180700
0 0.626853 0.219650 0.205332 0.200500
0 0.852081 0.215600 0.231079 0.208200
0 0.160013 0.427350 0.188947 0.207500
3 0.148570 0.297850 0.218596 0.012700
5 0.477100 0.907320 0.049285 0.031900
5 0.227282 0.450890 0.049545 0.033500
0 0.855072 0.859800 0.226138 0.196200
0 0.385566 0.214000 0.235631 0.208200
0 0.149545 0.215450 0.223147 0.209500
2 0.858908 0.265850 0.114174 0.034500
2 0.626138 0.265800 0.107152 0.034400
0 0.519311 0.652800 0.288036 0.212600
0 0.851495 0.424750 0.225748 0.207100
0 0.383680 0.428600 0.233940 0.210000
2 0.141547 0.264400 0.110923 0.033200
3 0.399220 0.295750 0.203121 0.011700
4 0.385111 0.310400 0.233160 0.014600
3 0.621912 0.296650 0.197009 0.013300
4 0.632575 0.313050 0.176463 0.010100
3 0.851170 0.296850 0.226398 0.013700
4 0.872107 0.313200 0.184005 0.011600
3 0.154681 0.485150 0.174902 0.026500
4 0.626073 0.519700 0.234720 0.012600
3 0.384265 0.508350 0.232770 0.015100
4 0.395254 0.522550 0.211313 0.010700
3 0.629454 0.504550 0.227438 0.015100
0 0.627308 0.425300 0.236931 0.203400
0 0.203186 0.701200 0.286996 0.139800
5 0.713199 0.480100 0.050065 0.033400
1 0.904486 0.415950 0.054746 0.017300
5 0.926138 0.446950 0.046294 0.033100
1 0.300910 0.690350 0.063459 0.018700
0 0.812939 0.656050 0.272692 0.209700
5 0.934200 0.908250 0.050195 0.033300
1 0.913394 0.874300 0.057477 0.019400
5 0.320351 0.723450 0.048505 0.030900
1 0.685046 0.874100 0.060858 0.015600
5 0.226788 0.908400 0.048635 0.032200
3 0.621912 0.935850 0.198570 0.012500
4 0.639142 0.948700 0.163069 0.014800
3 0.858062 0.934350 0.178283 0.016300
4 0.859168 0.951150 0.177373 0.009900
4 0.154811 0.313050 0.207412 0.009500
2 0.841157 0.673150 0.108843 0.034100
2 0.556112 0.674600 0.109363 0.037400
2 0.853836 0.902150 0.105852 0.034500
2 0.392458 0.475250 0.107672 0.034700
2 0.146424 0.444650 0.106892 0.033700
