4 0.379063 0.980000 0.198536 0.017600
5 0.240410 0.931000 0.031040 0.025800
5 0.483163 0.930200 0.030161 0.025800
5 0.701391 0.933600 0.029722 0.025800
5 0.936457 0.944100 0.030747 0.026200
5 0.936896 0.782400 0.031625 0.025800
4 0.863836 0.382500 0.137042 0.007200
4 0.624671 0.385650 0.226208 0.007900
4 0.137116 0.382600 0.223865 0.016000
4 0.137335 0.233650 0.182138 0.015500
4 0.378917 0.234150 0.213177 0.015900
4 0.621083 0.236650 0.139385 0.007300
3 0.621010 0.523600 0.220059 0.011200
1 0.720205 0.335450 0.040410 0.008700
1 0.356076 0.327850 0.039531 0.009100
5 0.486676 0.342300 0.024597 0.020600
3 0.621083 0.662650 0.235432 0.021500
0 0.158565 0.918700 0.196779 0.140600
4 0.869693 0.683100 0.171010 0.017200
3 0.379502 0.958150 0.223426 0.022700
2 0.183968 0.787000 0.084480 0.026000
2 0.667936 0.637700 0.084334 0.025200
3 0.137335 0.219650 0.234553 0.011700
2 0.182211 0.631400 0.083602 0.025600
3 0.379795 0.214650 0.205271 0.019700
3 0.620791 0.226350 0.184773 0.013100
5 0.240849 0.339600 0.031040 0.025200
5 0.959736 0.275500 0.023719 0.021800
5 0.961420 0.311550 0.023865 0.020900
5 0.961567 0.352350 0.022401 0.020100
5 0.728331 0.350100 0.025037 0.020600
5 0.587848 0.350000 0.025183 0.020600
5 0.363397 0.342700 0.025183 0.020600
1 0.925622 0.616450 0.044802 0.010500
2 0.441215 0.342350 0.067496 0.020700
2 0.880307 0.200700 0.083016 0.025400
4 0.863543 0.534250 0.190337 0.007500
4 0.621303 0.534250 0.228258 0.007900
0 0.862445 0.922550 0.221230 0.132900
4 0.379209 0.534500 0.137921 0.007200
4 0.137628 0.536350 0.145827 0.007900
3 0.160176 0.957850 0.164861 0.021100
4 0.160981 0.979950 0.121669 0.016300
2 0.791142 0.501650 0.067204 0.020300
2 0.643997 0.933100 0.086237 0.025800
2 0.421083 0.497400 0.084041 0.025400
2 0.879868 0.944100 0.083895 0.025800
4 0.139531 0.832200 0.171596 0.016400
1 0.230015 0.320500 0.045095 0.010600
1 0.228697 0.473100 0.045095 0.010600
1 0.471010 0.479500 0.045095 0.010600
1 0.714202 0.477300 0.045095 0.010600
1 0.828111 0.486850 0.039239 0.009300
1 0.939531 0.489350 0.039239 0.009300
1 0.477599 0.328000 0.035725 0.008000
0 0.137994 0.772300 0.241435 0.138200
2 0.543119 0.350200 0.068375 0.020600
2 0.916618 0.275550 0.065739 0.021300
2 0.184407 0.339100 0.083602 0.025400
3 0.133529 0.663050 0.165447 0.020900
3 0.137116 0.812200 0.173499 0.021400
3 0.386018 0.811750 0.208638 0.022500
4 0.378184 0.831600 0.206149 0.016800
3 0.629868 0.813350 0.183895 0.020700
2 0.318375 0.342500 0.068082 0.020200
4 0.131259 0.681750 0.150952 0.015900
4 0.379649 0.685550 0.178331 0.007700
4 0.621157 0.681950 0.206881 0.016500
4 0.863616 0.236150 0.226208 0.007500
3 0.378770 0.675850 0.197072 0.011900
0 0.382357 0.921350 0.232650 0.135900
0 0.623060 0.921650 0.191069 0.136500
3 0.859517 0.809650 0.179649 0.020700
4 0.871449 0.830550 0.148463 0.017100
3 0.860615 0.968650 0.214934 0.020300
4 0.863324 0.982900 0.216837 0.009200
3 0.602782 0.958750 0.125915 0.018300
4 0.605783 0.980250 0.155051 0.017100
4 0.626501 0.831750 0.200293 0.016700
0 0.389458 0.622750 0.220791 0.138300
2 0.183895 0.930800 0.086091 0.025800
3 0.137042 0.367800 0.214348 0.011000
3 0.385798 0.369150 0.148463 0.021500
3 0.623646 0.375000 0.235286 0.011400
3 0.863397 0.372550 0.156369 0.012300
3 0.863470 0.226150 0.231772 0.012100
1 0.715520 0.619850 0.044802 0.010500
1 0.471376 0.631250 0.038799 0.010500
1 0.230015 0.613250 0.044802 0.010500
1 0.229868 0.768250 0.044802 0.010500
1 0.473499 0.770150 0.044802 0.010500
1 0.715373 0.769750 0.044802 0.010500
1 0.926501 0.764450 0.044802 0.010500
1 0.925622 0.925600 0.050952 0.010800
1 0.692533 0.914950 0.044802 0.010500
1 0.471962 0.911750 0.046120 0.011300
1 0.713031 0.180000 0.042753 0.009200
1 0.421230 0.165650 0.043045 0.009700
1 0.228917 0.174450 0.039971 0.010100
5 0.239898 0.193150 0.029136 0.025300
2 0.668375 0.197550 0.084334 0.025100
2 0.374524 0.183800 0.083748 0.025200
2 0.183895 0.192650 0.084627 0.026300
2 0.916545 0.311250 0.065300 0.020500
2 0.682650 0.350200 0.067496 0.020400
2 0.880015 0.634600 0.083895 0.025000
2 0.184114 0.491400 0.084480 0.025400
2 0.880234 0.782550 0.084041 0.025100
3 0.137042 0.526350 0.188580 0.012100
2 0.426501 0.930100 0.084919 0.025400
2 0.425403 0.788150 0.085359 0.025500
2 0.668887 0.787900 0.084480 0.025200
2 0.903075 0.504100 0.067350 0.020200
2 0.668741 0.495450 0.084187 0.025100
0 0.381698 0.772350 0.237189 0.139700
0 0.149048 0.478550 0.215520 0.126300
0 0.398829 0.467950 0.190630 0.144500
0 0.624012 0.472550 0.235139 0.134700
0 0.859004 0.466150 0.205857 0.148100
0 0.879649 0.319800 0.191508 0.137600
0 0.623646 0.321250 0.237628 0.140500
4 0.386091 0.386000 0.229868 0.010400
0 0.140703 0.326100 0.233968 0.133600
0 0.137701 0.174100 0.237335 0.140600
0 0.379063 0.169600 0.215520 0.149000
0 0.634627 0.191850 0.215081 0.100300
0 0.863470 0.183950 0.234700 0.114900
1 0.954026 0.337550 0.036896 0.008700
0 0.860469 0.786500 0.186823 0.110400
0 0.862738 0.619650 0.242313 0.148100
0 0.621376 0.618300 0.238653 0.147200
3 0.378770 0.524150 0.146999 0.013100
3 0.860908 0.524000 0.199414 0.012400
2 0.426208 0.649350 0.084627 0.025500
1 0.229868 0.912750 0.044802 0.010500
3 0.862592 0.663150 0.238799 0.020300
0 0.633089 0.768550 0.216691 0.147300
1 0.953587 0.296750 0.032796 0.008700
1 0.951757 0.260450 0.030893 0.008700
0 0.152050 0.618550 0.206881 0.146700
2 0.917130 0.352250 0.065300 0.020100
1 0.579941 0.335750 0.035725 0.008500
1 0.923865 0.182400 0.043338 0.010200
5 0.936823 0.200250 0.031186 0.024900
5 0.482284 0.649550 0.029283 0.025900
0 0.386310 0.320200 0.232943 0.146200
5 0.430381 0.183750 0.027965 0.024700
5 0.724085 0.197150 0.029429 0.025900
5 0.240264 0.491550 0.030161 0.025300
5 0.478038 0.496950 0.030454 0.025300
5 0.724890 0.495350 0.031040 0.024900
5 0.835944 0.501500 0.024158 0.020200
5 0.947584 0.503950 0.023426 0.020100
5 0.935944 0.634500 0.029722 0.024800
5 0.724524 0.637800 0.030600 0.025600
5 0.238507 0.631350 0.030747 0.025700
5 0.240849 0.787550 0.030747 0.027300
5 0.483016 0.788000 0.031625 0.025800
5 0.725183 0.788150 0.029283 0.025100
