2 0.817313 0.924600 0.156589 0.036800
4 0.848773 0.972150 0.083592 0.008100
3 0.837468 0.958000 0.106202 0.014000
3 0.248385 0.951500 0.158527 0.017800
4 0.822997 0.519250 0.110078 0.009500
4 0.244961 0.970050 0.170284 0.012500
1 0.299935 0.442000 0.060853 0.018800
3 0.229005 0.503050 0.211240 0.014700
4 0.246512 0.518300 0.178036 0.010000
0 0.820026 0.304800 0.302326 0.443200
0 0.188114 0.363200 0.309302 0.325400
5 0.310336 0.917900 0.056331 0.036400
0 0.509367 0.306200 0.300388 0.439800
0 0.656977 0.870200 0.598966 0.222200
0 0.669380 0.642450 0.611886 0.219100
2 0.262080 0.469650 0.154134 0.037300
0 0.175646 0.765350 0.348966 0.466500
2 0.890181 0.692550 0.154005 0.036300
2 0.577132 0.469850 0.154005 0.037100
1 0.286240 0.878450 0.074806 0.022100
1 0.856848 0.896650 0.060465 0.018900
3 0.564664 0.501650 0.169121 0.014500
3 0.822674 0.503200 0.112791 0.014200
2 0.215375 0.911700 0.134625 0.045800
1 0.807817 0.483350 0.028553 0.011300
3 0.869897 0.724750 0.184496 0.016300
1 0.808010 0.451350 0.028941 0.012100
4 0.891279 0.742400 0.141990 0.010800
4 0.577649 0.518350 0.144703 0.009900
1 0.615891 0.442600 0.060465 0.019000
2 0.746447 0.478850 0.059819 0.029500
2 0.751873 0.446650 0.048966 0.030300
5 0.902584 0.479200 0.114987 0.029200
5 0.902972 0.446850 0.116537 0.029900
1 0.928359 0.665350 0.061111 0.018700
