4 0.863393 0.617300 0.136126 0.021000
0 0.130151 0.727125 0.222115 0.166550
0 0.867514 0.364300 0.204533 0.162600
3 0.370536 0.414400 0.188874 0.011200
0 0.374931 0.362450 0.223214 0.166300
0 0.137431 0.379000 0.226236 0.162400
4 0.864698 0.257250 0.168132 0.021700
3 0.864904 0.233800 0.191071 0.025200
4 0.380357 0.254750 0.202747 0.020500
4 0.133585 0.251450 0.226786 0.010500
3 0.864011 0.947350 0.166758 0.024300
0 0.620604 0.907300 0.226648 0.148000
0 0.379190 0.725150 0.222115 0.171300
3 0.380082 0.775600 0.150275 0.023600
4 0.377816 0.798600 0.136676 0.020800
0 0.624245 0.739050 0.221566 0.147900
3 0.624038 0.781500 0.219231 0.011600
4 0.625343 0.799950 0.187225 0.020900
0 0.870536 0.727900 0.212225 0.145400
3 0.864904 0.781350 0.072390 0.011500
4 0.867995 0.794300 0.184066 0.010000
0 0.133379 0.897550 0.215934 0.166300
3 0.135508 0.944550 0.195192 0.024900
4 0.136401 0.969200 0.207692 0.020200
0 0.384135 0.898750 0.212225 0.166300
3 0.378571 0.945650 0.159890 0.023900
4 0.379945 0.969525 0.164560 0.021050
4 0.132074 0.798900 0.155907 0.020400
2 0.647047 0.929000 0.097940 0.030400
3 0.620536 0.951500 0.222940 0.012200
4 0.618269 0.970250 0.195055 0.019700
0 0.867445 0.897250 0.212912 0.169900
1 0.707967 0.173000 0.037363 0.010200
3 0.867514 0.417500 0.175962 0.012600
2 0.890797 0.574550 0.101648 0.029900
3 0.861470 0.597400 0.222940 0.012200
5 0.470398 0.566900 0.034203 0.030200
2 0.650687 0.576350 0.096154 0.032100
5 0.716209 0.576650 0.033242 0.031500
4 0.616484 0.618250 0.135714 0.021700
1 0.700962 0.908850 0.045879 0.012500
5 0.712706 0.929500 0.035027 0.028800
1 0.947802 0.894450 0.043132 0.012500
2 0.890659 0.916400 0.096154 0.028800
1 0.214217 0.190300 0.044918 0.014200
1 0.459203 0.179650 0.052473 0.014700
1 0.589217 0.175000 0.039698 0.012000
1 0.946909 0.180950 0.050962 0.010900
1 0.219437 0.357800 0.050137 0.013200
1 0.457692 0.369500 0.051648 0.013600
1 0.228503 0.542000 0.044918 0.011800
1 0.460027 0.544900 0.056593 0.013800
1 0.705014 0.553800 0.044918 0.013200
1 0.947390 0.552150 0.049451 0.012500
5 0.959959 0.574750 0.035027 0.034100
5 0.952198 0.392800 0.033791 0.028400
2 0.885920 0.393550 0.097390 0.026700
4 0.622665 0.251570 0.237363 0.032060
3 0.133723 0.775350 0.169918 0.025500
5 0.959547 0.757100 0.034203 0.028200
3 0.617170 0.599750 0.218956 0.012700
0 0.619643 0.542100 0.226648 0.177000
4 0.379602 0.617950 0.212225 0.019700
1 0.939354 0.369700 0.050962 0.016400
0 0.134272 0.180900 0.228159 0.158000
1 0.703503 0.366400 0.056181 0.014800
2 0.405220 0.567550 0.096154 0.031500
5 0.956113 0.915700 0.034203 0.029400
1 0.945536 0.734400 0.047665 0.013200
2 0.171016 0.565300 0.095330 0.030800
5 0.236126 0.564900 0.033242 0.028800
5 0.712294 0.757950 0.037775 0.028900
2 0.645192 0.757950 0.096154 0.028900
1 0.698764 0.736350 0.046703 0.014500
5 0.471772 0.742950 0.035027 0.027500
2 0.406525 0.742250 0.097115 0.028900
1 0.462363 0.720700 0.043132 0.015800
2 0.158860 0.746200 0.097940 0.030200
3 0.378365 0.595800 0.218269 0.023400
0 0.375069 0.543800 0.226511 0.171200
4 0.138255 0.618650 0.225687 0.021300
3 0.136745 0.595700 0.150962 0.021000
3 0.378709 0.231150 0.155220 0.024700
2 0.892102 0.757650 0.097115 0.029500
0 0.863324 0.538850 0.228297 0.178300
0 0.381456 0.180900 0.219231 0.173200
0 0.621772 0.184350 0.242170 0.171500
5 0.224038 0.746700 0.032418 0.031800
1 0.212843 0.724600 0.047665 0.013200
1 0.213736 0.893750 0.049451 0.012500
2 0.157555 0.914700 0.095330 0.030800
5 0.222665 0.916000 0.033242 0.030800
1 0.461332 0.896400 0.044918 0.013800
2 0.405220 0.919350 0.096154 0.029500
5 0.471360 0.918050 0.034203 0.028100
4 0.621772 0.434750 0.182005 0.020700
3 0.621016 0.415650 0.203022 0.012100
5 0.714354 0.389400 0.037500 0.031600
2 0.649107 0.389700 0.094368 0.030000
0 0.624451 0.363000 0.220330 0.166400
4 0.379464 0.435000 0.176786 0.020200
5 0.469712 0.391050 0.033654 0.030500
2 0.403846 0.391600 0.096703 0.031600
4 0.134821 0.441550 0.221016 0.031100
3 0.135920 0.411850 0.218819 0.025100
5 0.231799 0.379400 0.037500 0.029000
2 0.164080 0.379650 0.098214 0.029500
2 0.893407 0.204500 0.096703 0.030600
5 0.715041 0.190800 0.029258 0.021800
2 0.664904 0.191100 0.072665 0.022400
5 0.599657 0.192700 0.026236 0.025600
2 0.548832 0.193250 0.075687 0.024500
2 0.405632 0.202550 0.096703 0.031100
5 0.225824 0.212350 0.035165 0.028900
2 0.160302 0.212100 0.095879 0.030600
3 0.131662 0.237550 0.184753 0.013900
4 0.862843 0.970950 0.202335 0.020700
4 0.870192 0.434900 0.184341 0.020400
0 0.140659 0.547400 0.231319 0.165200
5 0.959203 0.203300 0.036538 0.029400
0 0.867033 0.188650 0.223626 0.163700
3 0.619025 0.220500 0.229808 0.025600
5 0.472184 0.202050 0.036401 0.031100
