0 0.812780 0.651350 0.286693 0.190700
2 0.845586 0.693500 0.109091 0.035600
0 0.184124 0.655600 0.287615 0.186600
3 0.534848 0.725900 0.215942 0.014200
4 0.551713 0.740850 0.183004 0.010300
1 0.921212 0.888500 0.057444 0.018600
4 0.212451 0.742400 0.209618 0.011200
0 0.194466 0.876800 0.295916 0.189200
0 0.500988 0.872000 0.271542 0.201400
0 0.812253 0.871750 0.312516 0.194700
2 0.536166 0.693900 0.110277 0.035800
3 0.180171 0.728250 0.278920 0.014500
2 0.222596 0.694700 0.110540 0.035800
3 0.806588 0.948200 0.298287 0.013600
2 0.859354 0.916250 0.110013 0.034500
2 0.529315 0.920000 0.109223 0.036400
2 0.233926 0.919550 0.110540 0.036300
5 0.617391 0.698700 0.045586 0.030800
5 0.942556 0.921950 0.052701 0.032900
4 0.854941 0.740200 0.197892 0.010000
1 0.294796 0.890900 0.055204 0.018600
4 0.805929 0.963400 0.298024 0.009000
4 0.526943 0.966900 0.196970 0.009200
3 0.517918 0.952350 0.213702 0.012700
4 0.259420 0.965500 0.159684 0.009400
1 0.906653 0.665700 0.052306 0.020000
1 0.597233 0.664800 0.057971 0.015000
5 0.302964 0.700450 0.046245 0.031500
1 0.282609 0.665750 0.053228 0.015500
1 0.589328 0.890650 0.057971 0.016500
5 0.928458 0.697300 0.051383 0.029200
3 0.243347 0.950950 0.192885 0.013100
5 0.610738 0.925100 0.049934 0.033400
5 0.316206 0.924800 0.049802 0.031600
3 0.812055 0.725350 0.283399 0.014500
0 0.517194 0.655400 0.258366 0.184600
