4 0.132486 0.797650 0.129808 0.019100
0 0.378846 0.722800 0.229670 0.151200
1 0.470948 0.717900 0.039698 0.010400
1 0.345467 0.717850 0.042582 0.013500
2 0.303709 0.736700 0.078022 0.024200
5 0.355357 0.736450 0.025549 0.023700
2 0.426648 0.736500 0.075824 0.025800
3 0.375687 0.762850 0.179396 0.021700
5 0.478709 0.736250 0.028297 0.025300
0 0.622527 0.189950 0.227473 0.160100
3 0.861470 0.413600 0.131731 0.024400
5 0.721291 0.196700 0.026648 0.024000
3 0.621978 0.231000 0.166209 0.025800
4 0.625069 0.257200 0.188599 0.020400
0 0.133516 0.184250 0.223901 0.170100
0 0.869162 0.180200 0.212775 0.178600
3 0.867033 0.232500 0.143407 0.024400
4 0.866621 0.257750 0.205769 0.021300
0 0.621360 0.365450 0.241621 0.167300
5 0.716003 0.377800 0.032555 0.028000
3 0.619643 0.403600 0.232418 0.022600
4 0.623832 0.431250 0.182830 0.032700
0 0.380426 0.364150 0.206181 0.168900
2 0.399519 0.379750 0.097115 0.031100
3 0.372321 0.412050 0.186126 0.025300
4 0.371909 0.436350 0.185302 0.021500
0 0.137294 0.361450 0.213324 0.174900
3 0.132349 0.419450 0.187775 0.010500
4 0.133791 0.436100 0.192582 0.019600
0 0.135165 0.542100 0.234615 0.173800
4 0.134066 0.612450 0.212637 0.031100
0 0.379945 0.547450 0.233791 0.148500
4 0.379396 0.614500 0.231044 0.010200
1 0.220673 0.878600 0.050962 0.015000
5 0.468132 0.900750 0.035440 0.030500
4 0.863668 0.437400 0.163049 0.019800
2 0.400824 0.901000 0.096429 0.030000
5 0.710577 0.895400 0.034066 0.031000
2 0.644505 0.894650 0.097802 0.030500
1 0.698352 0.872850 0.055220 0.012900
3 0.865316 0.926000 0.131181 0.022200
5 0.957418 0.897900 0.033242 0.031000
2 0.892239 0.897400 0.095742 0.030000
4 0.616484 0.798400 0.210440 0.019600
3 0.617239 0.775150 0.150962 0.020700
5 0.710508 0.743150 0.032555 0.029900
2 0.644643 0.742900 0.096429 0.028400
1 0.701236 0.721200 0.042582 0.015000
4 0.377747 0.788350 0.206319 0.019100
0 0.623764 0.543700 0.229670 0.173000
3 0.622047 0.596100 0.194918 0.025000
4 0.624931 0.619800 0.224588 0.019600
0 0.867857 0.541600 0.229945 0.172800
4 0.867376 0.617550 0.156456 0.019500
0 0.617857 0.729450 0.219505 0.161500
0 0.866415 0.887900 0.216896 0.145000
4 0.865041 0.949250 0.164423 0.019300
3 0.621909 0.925250 0.215522 0.023700
0 0.378091 0.890950 0.221566 0.137700
3 0.378434 0.931250 0.218681 0.010900
4 0.379739 0.948600 0.163874 0.020400
0 0.144918 0.891900 0.211264 0.122000
3 0.133104 0.222000 0.217857 0.024400
4 0.140316 0.251250 0.165797 0.032100
0 0.380769 0.190450 0.228022 0.157100
3 0.379945 0.239200 0.221154 0.013000
4 0.382074 0.256750 0.189973 0.020300
2 0.166209 0.902100 0.097802 0.031000
5 0.231799 0.902050 0.034753 0.032100
3 0.139904 0.934100 0.163049 0.010400
4 0.142788 0.947050 0.207005 0.009300
1 0.456731 0.878350 0.045330 0.014500
1 0.215797 0.172050 0.050275 0.013900
5 0.227129 0.194450 0.036126 0.029900
1 0.462912 0.194250 0.052473 0.013900
2 0.410783 0.215900 0.097115 0.030400
5 0.476717 0.217200 0.034753 0.030000
1 0.591621 0.179300 0.037912 0.008600
2 0.548764 0.196500 0.077198 0.024400
5 0.601236 0.196500 0.026648 0.024400
1 0.712706 0.178950 0.043819 0.011500
2 0.162019 0.194150 0.095742 0.030300
0 0.878984 0.366100 0.196154 0.163200
2 0.669162 0.196800 0.076786 0.024400
1 0.946909 0.181200 0.055907 0.012400
2 0.893063 0.202600 0.097115 0.030400
5 0.957555 0.202400 0.033242 0.031000
1 0.946223 0.358200 0.053159 0.013400
2 0.426168 0.497150 0.076511 0.024300
5 0.478915 0.496150 0.028984 0.025300
1 0.471223 0.516250 0.034753 0.010900
2 0.425343 0.534600 0.076511 0.024800
5 0.477885 0.534100 0.026923 0.023800
1 0.470124 0.554750 0.031181 0.008300
2 0.425687 0.571950 0.077198 0.024300
5 0.478571 0.571950 0.026923 0.025300
3 0.377266 0.602450 0.172940 0.011900
1 0.706113 0.538500 0.049588 0.014000
2 0.652953 0.560650 0.094918 0.030500
5 0.717788 0.560650 0.034753 0.031500
1 0.950206 0.543300 0.054533 0.012400
2 0.897184 0.566100 0.097115 0.031000
5 0.962225 0.565300 0.033242 0.030400
3 0.866964 0.598800 0.226786 0.008800
0 0.139217 0.735700 0.242445 0.144000
1 0.224588 0.733800 0.039011 0.012400
1 0.102747 0.734650 0.041758 0.012900
2 0.059821 0.752900 0.077885 0.024800
5 0.114148 0.753500 0.029121 0.023800
2 0.180288 0.752150 0.075137 0.024300
5 0.232074 0.752450 0.031181 0.024900
3 0.139217 0.779000 0.198489 0.009800
5 0.234066 0.552100 0.025549 0.024800
3 0.133448 0.584600 0.224038 0.024800
1 0.470124 0.479350 0.029808 0.008300
1 0.945536 0.876300 0.051786 0.012400
2 0.057486 0.551950 0.077885 0.025300
5 0.110027 0.551700 0.025549 0.024800
1 0.100481 0.533900 0.043269 0.009800
1 0.223146 0.532850 0.041896 0.010900
2 0.180907 0.552350 0.079396 0.024300
5 0.958310 0.379850 0.034753 0.029900
1 0.704945 0.355300 0.050275 0.014000
2 0.650481 0.378300 0.097115 0.031000
1 0.453434 0.357650 0.047527 0.013500
5 0.464766 0.379550 0.034753 0.031500
1 0.215591 0.364350 0.050962 0.013500
2 0.161401 0.386750 0.096978 0.029500
5 0.226236 0.386800 0.034066 0.029400
0 0.863942 0.729450 0.221841 0.155300
1 0.945742 0.715000 0.045330 0.015000
2 0.890522 0.738250 0.097802 0.030500
5 0.957486 0.738000 0.034753 0.031000
4 0.621909 0.948900 0.198489 0.019400
0 0.621841 0.892650 0.217308 0.134900
3 0.863874 0.769750 0.165110 0.024300
4 0.863530 0.796300 0.192720 0.020600
2 0.893681 0.380850 0.095604 0.029900
