2 0.344648 0.933500 0.113055 0.036600
4 0.795822 0.538300 0.140731 0.009000
3 0.747520 0.728850 0.277807 0.014500
4 0.742820 0.745500 0.288773 0.010800
5 0.871997 0.701650 0.048433 0.031300
3 0.801175 0.964900 0.202611 0.013400
1 0.405222 0.906200 0.061880 0.019200
2 0.770757 0.258400 0.110444 0.036600
2 0.365078 0.696500 0.110574 0.035800
2 0.358943 0.489350 0.113446 0.037300
2 0.761554 0.490300 0.109791 0.036400
2 0.792820 0.696300 0.112010 0.036600
3 0.790013 0.522300 0.152872 0.013200
2 0.798303 0.932800 0.113055 0.036400
2 0.313577 0.257850 0.112010 0.036500
4 0.811815 0.306700 0.128068 0.009200
1 0.830157 0.231000 0.061880 0.018400
5 0.850914 0.264000 0.049086 0.031600
3 0.805483 0.291500 0.139426 0.013400
1 0.372977 0.230550 0.060574 0.017900
0 0.275849 0.204450 0.289817 0.218900
4 0.325261 0.306800 0.164883 0.011600
3 0.317755 0.290150 0.178329 0.014100
5 0.394125 0.263550 0.049869 0.032100
0 0.302154 0.885350 0.327285 0.210100
5 0.878916 0.937950 0.049478 0.031300
1 0.857180 0.905450 0.060052 0.018500
0 0.729830 0.876950 0.356789 0.229300
5 0.427219 0.939400 0.050783 0.032400
4 0.366384 0.982550 0.193603 0.010100
3 0.374804 0.966750 0.177546 0.013900
1 0.852023 0.668900 0.060444 0.018200
0 0.748172 0.437050 0.253525 0.212700
4 0.340013 0.744300 0.242428 0.009200
3 0.325065 0.728950 0.267885 0.013900
4 0.813251 0.983000 0.183943 0.011400
5 0.444909 0.701500 0.048303 0.031400
0 0.760966 0.207650 0.232115 0.209500
1 0.424543 0.669450 0.060836 0.018500
0 0.323433 0.653800 0.294125 0.194200
3 0.315992 0.522200 0.323107 0.015800
5 0.440992 0.494950 0.049086 0.031300
1 0.420496 0.461750 0.062663 0.019300
0 0.304765 0.437650 0.351567 0.219500
4 0.311097 0.539200 0.334987 0.011400
0 0.742428 0.648300 0.310966 0.209400
1 0.821018 0.463600 0.062141 0.018400
5 0.842037 0.495400 0.048303 0.031200
