0 0.390110 0.533050 0.216484 0.171500
5 0.229052 0.927250 0.034478 0.031700
1 0.216277 0.904700 0.047940 0.012600
3 0.131319 0.770200 0.206044 0.011000
5 0.474451 0.736100 0.033791 0.032200
1 0.460165 0.712950 0.054670 0.015300
5 0.717170 0.736900 0.035165 0.032800
1 0.706250 0.713800 0.041896 0.012600
1 0.944986 0.723600 0.042720 0.012600
5 0.958791 0.568600 0.032967 0.032200
2 0.893338 0.568600 0.095192 0.032200
1 0.944986 0.545750 0.050137 0.013700
5 0.715247 0.555000 0.035989 0.031200
2 0.648283 0.554450 0.098214 0.030100
1 0.704808 0.532700 0.046429 0.012600
1 0.218819 0.184900 0.049451 0.013200
5 0.715865 0.201050 0.033379 0.031900
1 0.218544 0.727150 0.050824 0.012100
0 0.380769 0.894950 0.229945 0.174100
0 0.638736 0.898800 0.203022 0.164400
0 0.138805 0.899100 0.222665 0.164000
3 0.137637 0.234500 0.135714 0.023400
4 0.140591 0.256200 0.187775 0.020400
0 0.380220 0.183900 0.221154 0.165000
3 0.373283 0.231900 0.181181 0.024400
4 0.377541 0.255400 0.198489 0.020400
0 0.621978 0.179900 0.223352 0.172600
3 0.618338 0.230000 0.155632 0.024600
0 0.862500 0.174100 0.234615 0.165800
4 0.863255 0.244950 0.231181 0.021100
0 0.868201 0.351800 0.219643 0.170800
0 0.628434 0.352300 0.217308 0.170000
3 0.617926 0.403050 0.185852 0.025300
4 0.617788 0.426700 0.184478 0.018800
0 0.377473 0.355950 0.233791 0.174100
3 0.377541 0.398800 0.227335 0.020800
4 0.377747 0.426150 0.209066 0.031500
0 0.136882 0.359900 0.218819 0.167800
4 0.138049 0.428150 0.198626 0.030300
0 0.137500 0.538550 0.239560 0.175900
3 0.139423 0.592400 0.180769 0.023000
4 0.137294 0.613000 0.234478 0.021000
4 0.864973 0.965900 0.225000 0.031400
3 0.866003 0.936150 0.194643 0.023700
0 0.863462 0.896850 0.231044 0.172500
4 0.625000 0.970000 0.167033 0.020000
3 0.625000 0.952500 0.150549 0.011600
5 0.719849 0.923150 0.034478 0.031100
4 0.381113 0.970150 0.201511 0.020300
3 0.380357 0.946650 0.220330 0.025500
5 0.474382 0.915800 0.036676 0.030600
4 0.138530 0.969850 0.161676 0.020700
4 0.382857 0.788885 0.155907 0.019770
3 0.381662 0.764850 0.164148 0.023900
4 0.628571 0.789050 0.213462 0.020900
2 0.889217 0.745350 0.095742 0.031100
0 0.868887 0.534850 0.223214 0.169500
1 0.707074 0.350450 0.044918 0.011500
5 0.229533 0.206100 0.034890 0.031800
3 0.382280 0.583700 0.149176 0.023000
4 0.379876 0.607200 0.186401 0.020600
0 0.623901 0.536350 0.217308 0.167100
3 0.616827 0.585050 0.200137 0.023500
3 0.867445 0.591850 0.206593 0.011700
5 0.954602 0.745850 0.033654 0.031100
3 0.861745 0.770250 0.204808 0.012100
4 0.864217 0.788845 0.138599 0.020090
0 0.626854 0.713600 0.218819 0.177000
2 0.650481 0.737050 0.095192 0.030900
3 0.620398 0.766600 0.153984 0.023200
2 0.408516 0.735300 0.096703 0.030600
2 0.163599 0.748550 0.096703 0.029900
5 0.229876 0.748800 0.037500 0.030400
4 0.128702 0.789670 0.149162 0.020100
2 0.163736 0.927050 0.096429 0.030100
5 0.475962 0.372050 0.035165 0.031700
2 0.409341 0.372050 0.096703 0.031700
1 0.461676 0.349450 0.051648 0.013700
5 0.718269 0.372550 0.035989 0.031700
2 0.652816 0.372600 0.095192 0.030600
4 0.864080 0.426600 0.144643 0.019600
3 0.861332 0.405050 0.160302 0.021300
5 0.959547 0.373400 0.034478 0.032200
2 0.893338 0.373100 0.098214 0.030600
1 0.948008 0.350300 0.048764 0.013600
3 0.863049 0.222800 0.209341 0.024400
5 0.956387 0.189000 0.035577 0.030600
2 0.890041 0.189000 0.097115 0.030600
1 0.945673 0.165900 0.055082 0.012600
4 0.618681 0.254600 0.150000 0.022000
2 0.651580 0.200750 0.097115 0.029100
1 0.702816 0.178400 0.052885 0.014200
5 0.473008 0.203850 0.035577 0.029100
2 0.408310 0.203850 0.093819 0.030700
1 0.461195 0.181900 0.052885 0.015000
2 0.163942 0.206650 0.097115 0.029900
0 0.135852 0.180350 0.224451 0.173700
3 0.133860 0.392250 0.206731 0.037100
5 0.959615 0.906850 0.032967 0.031100
2 0.894712 0.907150 0.095192 0.029500
1 0.948695 0.885050 0.053159 0.013700
2 0.654258 0.923450 0.096703 0.029500
5 0.477404 0.557500 0.036676 0.030600
1 0.218269 0.334950 0.044231 0.013100
2 0.163118 0.356800 0.094368 0.030600
5 0.227953 0.356800 0.036676 0.029400
1 0.218544 0.541650 0.052473 0.013100
2 0.166140 0.564050 0.097390 0.031700
5 0.234341 0.564550 0.039011 0.031700
1 0.466964 0.534250 0.048764 0.013700
2 0.409547 0.557500 0.097390 0.030600
1 0.708242 0.901100 0.047253 0.013200
2 0.407830 0.915800 0.096703 0.030600
1 0.461401 0.892950 0.055495 0.012100
3 0.137294 0.950250 0.208929 0.012100
0 0.133860 0.719400 0.229258 0.166800
0 0.379670 0.716750 0.224725 0.167900
0 0.865934 0.713700 0.214286 0.173800
4 0.869609 0.608550 0.218613 0.019100
4 0.617033 0.608450 0.197527 0.020900
