1 0.857628 0.670250 0.063205 0.018100
0 0.751731 0.652850 0.333718 0.205500
2 0.248590 0.921550 0.157692 0.039100
3 0.311923 0.729050 0.220256 0.018500
3 0.256410 0.953450 0.132564 0.017700
4 0.773718 0.747850 0.260513 0.013900
5 0.877756 0.704100 0.052436 0.032800
3 0.767308 0.731600 0.272564 0.018600
1 0.384615 0.668100 0.064872 0.020400
4 0.883718 0.525250 0.142821 0.013500
2 0.345705 0.697200 0.157308 0.037000
4 0.216282 0.525500 0.153333 0.014000
1 0.609744 0.446150 0.062564 0.018900
3 0.490833 0.507700 0.330385 0.019800
4 0.510577 0.524500 0.291667 0.013800
3 0.896154 0.508450 0.116923 0.014900
3 0.228846 0.284100 0.280256 0.017600
4 0.258910 0.969800 0.128077 0.013800
1 0.645897 0.892200 0.063333 0.019400
2 0.608013 0.921350 0.156282 0.039300
3 0.641603 0.953900 0.089103 0.018800
4 0.617692 0.969650 0.135897 0.012700
1 0.925000 0.892900 0.064615 0.018600
2 0.887821 0.921450 0.156923 0.038500
3 0.906859 0.954450 0.110897 0.019900
4 0.918782 0.970150 0.091154 0.011500
4 0.590962 0.301700 0.160641 0.016600
1 0.912244 0.223800 0.063718 0.019200
3 0.824744 0.284200 0.254872 0.016000
4 0.865256 0.300400 0.173846 0.013200
3 0.539679 0.284250 0.264231 0.018100
4 0.199615 0.300700 0.339487 0.015200
0 0.203718 0.204650 0.350256 0.216100
3 0.215897 0.509400 0.149231 0.017200
1 0.912244 0.447800 0.063462 0.019400
0 0.829808 0.422950 0.274744 0.225100
1 0.248333 0.447150 0.062821 0.019500
0 0.168333 0.438100 0.261538 0.193800
1 0.624359 0.223800 0.063846 0.019000
0 0.539679 0.199850 0.282692 0.221900
1 0.321154 0.223450 0.063590 0.019300
0 0.843269 0.869300 0.256795 0.217200
0 0.533910 0.869200 0.319103 0.219600
1 0.286282 0.892700 0.063333 0.018600
2 0.850385 0.252150 0.110256 0.038100
5 0.932628 0.256700 0.051154 0.034000
5 0.645000 0.256550 0.051795 0.033500
2 0.563590 0.252200 0.108974 0.037000
5 0.341795 0.256800 0.051795 0.033800
2 0.259038 0.252050 0.109359 0.037500
2 0.851538 0.476900 0.107949 0.037600
0 0.501667 0.427450 0.358462 0.215700
2 0.186667 0.475550 0.110513 0.036900
0 0.828718 0.194750 0.271795 0.227900
0 0.181987 0.866250 0.300128 0.225100
0 0.261538 0.646550 0.328718 0.213900
5 0.268974 0.480400 0.050769 0.034400
2 0.547885 0.474650 0.108846 0.038100
5 0.629744 0.479200 0.051538 0.034000
5 0.932500 0.481200 0.050897 0.033200
2 0.794872 0.698500 0.109744 0.037800
4 0.342115 0.745800 0.156795 0.013400
