3 0.687679 0.960440 0.455932 0.015185
4 0.867536 0.750000 0.140548 0.010090
0 0.738983 0.438661 0.332464 0.206593
0 0.287614 0.435065 0.354628 0.208791
0 0.241917 0.873926 0.437940 0.217383
0 0.324837 0.651548 0.281486 0.200599
2 0.820730 0.927722 0.108996 0.037263
2 0.842308 0.703047 0.107301 0.037862
2 0.357497 0.486563 0.110039 0.035265
2 0.354172 0.925425 0.105476 0.038062
2 0.807040 0.255594 0.107953 0.036264
2 0.798761 0.484515 0.108605 0.036563
2 0.403585 0.254945 0.110430 0.036364
0 0.335593 0.211339 0.359583 0.202298
0 0.799609 0.208891 0.232073 0.206993
2 0.361473 0.699201 0.108605 0.036563
4 0.716904 0.974555 0.396180 0.011788
0 0.692764 0.877073 0.468709 0.208691
5 0.879400 0.490809 0.047979 0.030569
5 0.889244 0.260090 0.048631 0.031668
5 0.434681 0.930320 0.050587 0.034266
3 0.852608 0.734915 0.170665 0.013886
4 0.373338 0.745654 0.166754 0.010190
3 0.366232 0.730719 0.180965 0.015285
1 0.418383 0.457942 0.053455 0.017582
5 0.488331 0.260589 0.052542 0.033467
4 0.241134 0.973477 0.420991 0.011289
3 0.237875 0.957592 0.426467 0.013886
0 0.778227 0.654046 0.339505 0.203596
4 0.823207 0.303796 0.156193 0.009990
3 0.813950 0.288062 0.173403 0.016683
3 0.357040 0.287562 0.292177 0.012887
1 0.864276 0.225774 0.050847 0.015784
4 0.750782 0.533467 0.282529 0.010789
5 0.440417 0.704046 0.044850 0.030470
3 0.338396 0.518032 0.230639 0.013886
4 0.411473 0.303596 0.186962 0.010989
5 0.438787 0.490559 0.049153 0.027273
1 0.468644 0.226274 0.064798 0.019580
1 0.902216 0.673576 0.056584 0.015285
5 0.922751 0.706993 0.049153 0.031968
1 0.421121 0.670180 0.061278 0.014086
1 0.418774 0.897153 0.048240 0.010889
1 0.876923 0.898851 0.059192 0.014685
5 0.902216 0.932917 0.050065 0.032468
1 0.856063 0.455894 0.049022 0.013087
3 0.760952 0.518182 0.262973 0.017183
4 0.330900 0.533467 0.245372 0.009191
