4 0.622390 0.975350 0.192582 0.010900
4 0.861401 0.970500 0.202473 0.020600
4 0.864766 0.812350 0.178159 0.021900
0 0.133036 0.734600 0.227885 0.160600
0 0.372115 0.745350 0.204396 0.159700
0 0.620055 0.742100 0.235440 0.166200
0 0.873146 0.743750 0.202885 0.160100
0 0.868613 0.579550 0.214423 0.162500
0 0.630082 0.574550 0.214560 0.148700
0 0.860989 0.908750 0.234890 0.148100
0 0.625687 0.904950 0.220604 0.157300
0 0.134066 0.574950 0.213187 0.153300
1 0.706937 0.588950 0.045742 0.011900
1 0.948489 0.578500 0.054670 0.014600
2 0.664080 0.608050 0.076786 0.025300
0 0.377060 0.915900 0.226923 0.138200
0 0.139835 0.901400 0.219505 0.159400
0 0.374725 0.577600 0.217033 0.153000
4 0.629190 0.643550 0.212500 0.009100
4 0.871154 0.649550 0.198626 0.020900
4 0.142102 0.974300 0.159753 0.009000
4 0.622734 0.811750 0.227335 0.020700
5 0.954190 0.926950 0.033654 0.032300
3 0.131868 0.632450 0.194231 0.009700
2 0.889011 0.771200 0.095330 0.031200
2 0.644918 0.769100 0.097527 0.031200
2 0.158516 0.599250 0.095330 0.032300
2 0.397459 0.603500 0.096016 0.031200
2 0.389286 0.761900 0.097527 0.031800
2 0.155151 0.761850 0.096016 0.030700
2 0.167308 0.934400 0.096703 0.029600
2 0.393063 0.941500 0.099038 0.031800
2 0.652266 0.940100 0.096016 0.031200
2 0.885646 0.925650 0.099038 0.030100
3 0.862431 0.952200 0.214973 0.013400
3 0.618956 0.964800 0.152198 0.010800
3 0.622734 0.793350 0.224588 0.011900
3 0.867239 0.794650 0.158104 0.010300
3 0.131868 0.796000 0.163187 0.013000
3 0.373420 0.796000 0.132280 0.010800
3 0.377885 0.965100 0.185440 0.011400
3 0.140316 0.963750 0.134478 0.009700
2 0.892308 0.600500 0.097527 0.030600
3 0.376305 0.633050 0.141071 0.009700
3 0.629396 0.629300 0.156593 0.010800
3 0.870879 0.630900 0.203846 0.014000
4 0.132761 0.646150 0.212775 0.009700
4 0.374725 0.646200 0.216209 0.011000
4 0.372596 0.813650 0.174588 0.018100
4 0.132486 0.806950 0.220742 0.009700
4 0.378297 0.976950 0.216209 0.010300
5 0.223077 0.599300 0.031868 0.028400
5 0.464080 0.604000 0.037225 0.028400
5 0.454670 0.762050 0.036264 0.029700
5 0.221635 0.761750 0.036401 0.032900
5 0.712294 0.769800 0.033654 0.028400
5 0.717170 0.607500 0.027473 0.022600
5 0.958723 0.601650 0.033654 0.030300
5 0.955495 0.771150 0.036264 0.029700
5 0.232624 0.935300 0.033654 0.031000
5 0.460096 0.940450 0.036401 0.029700
5 0.718819 0.940750 0.034615 0.030300
1 0.220536 0.911750 0.055357 0.014500
1 0.448008 0.918000 0.058379 0.014000
1 0.706250 0.917000 0.056181 0.016200
1 0.943613 0.903550 0.055357 0.015100
1 0.945124 0.747900 0.055357 0.014600
1 0.699107 0.746500 0.053984 0.016200
1 0.444712 0.738950 0.057555 0.015100
1 0.209478 0.738200 0.056868 0.014600
1 0.212431 0.577400 0.053984 0.014600
1 0.451374 0.581700 0.059066 0.014600
