2 0.194364 0.705850 0.110616 0.039900
2 0.515269 0.705050 0.108912 0.036700
0 0.481520 0.676350 0.294626 0.178100
2 0.368414 0.267600 0.109043 0.037600
5 0.451704 0.271550 0.052294 0.032900
5 0.399862 0.488910 0.049817 0.033600
2 0.820970 0.269850 0.110092 0.036700
1 0.917693 0.675600 0.063958 0.020400
3 0.895544 0.736800 0.117955 0.019800
4 0.895937 0.752850 0.118742 0.012900
5 0.937615 0.709000 0.051900 0.034000
0 0.190105 0.885750 0.306815 0.187100
3 0.257208 0.952450 0.126474 0.016300
4 0.257864 0.968000 0.126474 0.015800
3 0.527457 0.953550 0.287942 0.019500
4 0.516645 0.969250 0.309305 0.012700
5 0.905701 0.926800 0.052031 0.032600
3 0.818021 0.952850 0.208781 0.018500
4 0.817300 0.970350 0.210223 0.013100
1 0.577916 0.677500 0.063041 0.019000
1 0.281782 0.892500 0.063958 0.018400
1 0.634666 0.893800 0.063303 0.020400
1 0.884600 0.893700 0.062779 0.019400
1 0.431651 0.239500 0.063565 0.018000
1 0.379948 0.456300 0.061599 0.018200
1 0.882634 0.242050 0.062779 0.018900
0 0.168087 0.674850 0.281913 0.176500
1 0.256094 0.676600 0.062647 0.018600
4 0.224836 0.753400 0.141940 0.015400
3 0.360092 0.515600 0.112844 0.017400
0 0.275688 0.245350 0.408257 0.160900
3 0.400262 0.299550 0.134731 0.018100
4 0.383421 0.315600 0.175754 0.012200
0 0.278113 0.458600 0.299345 0.172200
4 0.340301 0.531800 0.152425 0.013600
0 0.727457 0.220300 0.416383 0.212000
5 0.904325 0.273850 0.053473 0.033100
3 0.849017 0.299700 0.146003 0.018600
4 0.827326 0.316700 0.189384 0.015400
0 0.756422 0.450250 0.317038 0.169900
1 0.865138 0.450300 0.064744 0.018600
5 0.886173 0.484100 0.052294 0.034400
3 0.835649 0.509900 0.134207 0.017200
4 0.827326 0.525550 0.151900 0.014900
3 0.241743 0.736200 0.108126 0.019000
5 0.276212 0.709250 0.049934 0.033100
3 0.540498 0.735600 0.149672 0.019000
4 0.517562 0.752850 0.195282 0.016300
0 0.808191 0.666800 0.314679 0.196600
2 0.572739 0.922600 0.109043 0.037200
5 0.597510 0.708950 0.052425 0.031700
2 0.855308 0.704550 0.109305 0.037100
2 0.219921 0.920700 0.110092 0.037200
2 0.803342 0.477850 0.109961 0.036100
0 0.523198 0.887850 0.321363 0.180300
2 0.317104 0.484850 0.109961 0.038100
2 0.823657 0.923050 0.110485 0.038100
5 0.302228 0.925100 0.050066 0.032400
0 0.829030 0.899050 0.262254 0.166300
5 0.654587 0.927050 0.050721 0.031700
