5 0.927474 0.867950 0.048958 0.031300
4 0.817708 0.911050 0.247656 0.010300
0 0.819531 0.786100 0.271615 0.267800
1 0.598698 0.835750 0.060938 0.019500
2 0.538997 0.862900 0.110807 0.035800
2 0.232292 0.862900 0.113542 0.036800
2 0.847852 0.862650 0.112370 0.037100
5 0.292969 0.665650 0.128646 0.080100
0 0.208008 0.771450 0.302474 0.299100
0 0.530534 0.772900 0.232161 0.293800
5 0.619727 0.868750 0.048307 0.032900
5 0.311133 0.868000 0.047266 0.030800
4 0.238151 0.911350 0.175000 0.009500
3 0.224805 0.895500 0.200651 0.013200
1 0.906771 0.835200 0.060937 0.017400
3 0.822396 0.895350 0.236719 0.014700
3 0.543034 0.894950 0.179818 0.013700
4 0.559961 0.911650 0.149349 0.010500
1 0.291862 0.835500 0.061328 0.018400
