3 0.688396 0.515035 0.279791 0.015485
1 0.782790 0.456843 0.061799 0.017982
4 0.544785 0.311239 0.216558 0.012687
0 0.175293 0.235514 0.291134 0.166933
4 0.715906 0.531818 0.226336 0.012088
5 0.803716 0.489610 0.048370 0.031968
1 0.272816 0.235964 0.061408 0.018981
4 0.292308 0.970480 0.256584 0.012288
5 0.405541 0.927672 0.047849 0.030969
1 0.919296 0.894955 0.061538 0.019481
5 0.940026 0.927173 0.047718 0.031568
5 0.941069 0.709840 0.049804 0.031868
3 0.867797 0.736663 0.193220 0.014186
0 0.728162 0.879471 0.483442 0.202897
1 0.428683 0.677722 0.061538 0.018382
5 0.449087 0.710040 0.048370 0.031269
5 0.292308 0.268032 0.047979 0.030370
3 0.179726 0.294356 0.276010 0.017083
4 0.211799 0.311039 0.213168 0.010490
1 0.384681 0.895205 0.062973 0.018981
0 0.815645 0.231269 0.296219 0.179221
4 0.889374 0.753846 0.153194 0.011988
3 0.323077 0.736164 0.300652 0.015784
3 0.757236 0.954446 0.414863 0.014785
4 0.773207 0.970529 0.384746 0.012587
0 0.792177 0.659391 0.350456 0.204296
1 0.919883 0.677522 0.060104 0.019580
0 0.270274 0.891109 0.321773 0.174226
3 0.277705 0.954645 0.289961 0.013586
0 0.472360 0.465435 0.717601 0.151648
4 0.832986 0.311189 0.237549 0.011788
3 0.811147 0.294805 0.280183 0.015784
1 0.917145 0.235764 0.061408 0.018182
2 0.860952 0.922478 0.114081 0.036563
2 0.212386 0.263387 0.109518 0.036863
0 0.495046 0.240260 0.326728 0.162038
4 0.348370 0.752298 0.250587 0.011089
0 0.270535 0.662987 0.411473 0.194705
1 0.606193 0.236014 0.060887 0.018881
2 0.723729 0.484216 0.111604 0.036563
2 0.546741 0.263087 0.109909 0.037063
2 0.369296 0.704645 0.112516 0.035265
2 0.860691 0.704346 0.113038 0.036663
2 0.326402 0.922278 0.113038 0.036563
5 0.937353 0.268282 0.049413 0.031269
2 0.857106 0.262478 0.110039 0.036563
3 0.514342 0.294505 0.277705 0.015784
5 0.627836 0.268432 0.048892 0.031768
