4 0.373307 0.317050 0.197917 0.013700
0 0.766146 0.227000 0.380469 0.199000
1 0.746159 0.897600 0.057161 0.019000
3 0.417448 0.519500 0.108333 0.021200
5 0.452474 0.492500 0.052344 0.032600
1 0.743424 0.677250 0.063411 0.017700
1 0.905599 0.239100 0.060677 0.018400
1 0.431510 0.238500 0.063021 0.019600
0 0.274805 0.233900 0.417057 0.184000
3 0.389909 0.300500 0.163151 0.019600
4 0.699544 0.975100 0.167057 0.015200
3 0.687565 0.956550 0.189714 0.020700
5 0.763346 0.930450 0.050911 0.031500
4 0.650716 0.754000 0.270443 0.013000
3 0.598307 0.737950 0.372396 0.017900
3 0.909245 0.520300 0.077604 0.020000
5 0.766081 0.710600 0.050911 0.034800
0 0.528971 0.667050 0.533724 0.192500
4 0.396615 0.537450 0.148698 0.014700
0 0.328320 0.443650 0.330599 0.205500
5 0.927474 0.492900 0.053125 0.033200
0 0.811458 0.440800 0.288021 0.201600
4 0.839388 0.316400 0.212370 0.013200
4 0.908724 0.535600 0.078646 0.010600
2 0.680859 0.926650 0.111198 0.039100
2 0.844661 0.488850 0.109635 0.040100
2 0.844922 0.267200 0.109115 0.037800
5 0.451693 0.271750 0.053906 0.031300
2 0.369336 0.487400 0.106901 0.039200
0 0.480078 0.892900 0.632031 0.184800
5 0.927214 0.272400 0.052604 0.033200
3 0.853255 0.300000 0.179948 0.019600
2 0.683008 0.706050 0.111068 0.038900
2 0.369401 0.267500 0.106771 0.038600
