0 0.311849 0.657350 0.330990 0.198100
0 0.514323 0.872100 0.410937 0.194000
5 0.455339 0.708250 0.044010 0.031300
3 0.580859 0.515500 0.353646 0.014400
4 0.329753 0.313600 0.225391 0.008400
5 0.693294 0.921150 0.048568 0.032300
1 0.672266 0.886400 0.054427 0.017400
4 0.363477 0.750150 0.210807 0.010500
3 0.849023 0.734800 0.200651 0.011800
1 0.916016 0.674050 0.058333 0.018700
5 0.936849 0.708000 0.047396 0.035000
1 0.408854 0.238900 0.061979 0.021000
3 0.527214 0.947350 0.357552 0.012900
5 0.928320 0.269450 0.047005 0.028700
5 0.743750 0.489100 0.048437 0.030600
1 0.434701 0.675100 0.059245 0.017600
3 0.825456 0.296700 0.229557 0.011400
1 0.722786 0.454850 0.059896 0.018500
2 0.855924 0.701650 0.109245 0.035500
2 0.612305 0.915400 0.108464 0.036000
4 0.555729 0.962750 0.301302 0.010300
0 0.765430 0.658400 0.393620 0.200200
0 0.553190 0.443250 0.428255 0.190100
0 0.735938 0.220800 0.431771 0.194800
0 0.308464 0.222250 0.290104 0.194500
2 0.663607 0.483000 0.108724 0.036400
3 0.303385 0.298200 0.277083 0.013600
2 0.346419 0.265600 0.107682 0.033800
4 0.854167 0.311450 0.177083 0.011700
4 0.844336 0.750900 0.212630 0.010400
2 0.846615 0.263250 0.109635 0.034500
4 0.625260 0.531550 0.267708 0.011700
2 0.375651 0.702400 0.113021 0.035000
3 0.361719 0.735400 0.214583 0.013600
1 0.907487 0.236400 0.057943 0.019400
5 0.426953 0.270050 0.048698 0.031900
