0 0.740528 0.196100 0.459923 0.222200
2 0.350580 0.250100 0.110438 0.038000
2 0.803802 0.683500 0.109923 0.038000
3 0.573260 0.956250 0.135696 0.014700
2 0.564562 0.924400 0.160052 0.037800
1 0.603222 0.895800 0.064175 0.019200
0 0.341817 0.870050 0.641624 0.227300
4 0.828028 0.947950 0.262758 0.013100
3 0.822165 0.932300 0.273196 0.017200
2 0.882281 0.900200 0.159923 0.037200
0 0.817010 0.859000 0.295876 0.197000
5 0.887049 0.688600 0.052706 0.033600
3 0.835180 0.715000 0.138144 0.017600
0 0.643621 0.642150 0.547294 0.200300
4 0.859987 0.519750 0.200644 0.012900
3 0.842590 0.502900 0.233892 0.016400
2 0.885696 0.470800 0.156959 0.037800
1 0.923711 0.442450 0.063660 0.018900
4 0.826869 0.732600 0.150644 0.013600
0 0.294265 0.429350 0.381314 0.205900
3 0.296907 0.504850 0.321649 0.019500
2 0.378028 0.473050 0.157088 0.036700
1 0.417719 0.444550 0.062500 0.019500
4 0.326418 0.522250 0.263918 0.014500
4 0.866817 0.298250 0.174613 0.014100
3 0.885760 0.281450 0.142397 0.016700
1 0.918363 0.221300 0.062500 0.019000
4 0.328157 0.299850 0.244716 0.015100
3 0.344716 0.282200 0.211598 0.020000
5 0.432990 0.255300 0.051546 0.033200
0 0.261276 0.203550 0.446778 0.234900
1 0.919910 0.871900 0.062500 0.019000
1 0.865399 0.654950 0.064820 0.018100
0 0.740593 0.419800 0.460309 0.218600
2 0.880799 0.250150 0.155928 0.037700
4 0.551418 0.972700 0.181443 0.017400
