0 0.191081 0.645300 0.314974 0.218400
1 0.304036 0.670550 0.063802 0.018500
2 0.889648 0.255550 0.156380 0.037500
1 0.928255 0.227900 0.061198 0.018600
2 0.861654 0.474350 0.154557 0.036500
3 0.405794 0.506300 0.120964 0.017000
4 0.429167 0.954200 0.091927 0.013200
3 0.234115 0.288000 0.205208 0.020200
4 0.256576 0.304400 0.163411 0.012000
3 0.895508 0.730600 0.141016 0.018600
0 0.823633 0.647600 0.299870 0.219800
0 0.509375 0.206300 0.301563 0.221200
3 0.554818 0.290650 0.191146 0.018100
4 0.553060 0.308400 0.197005 0.013600
4 0.584310 0.746200 0.133724 0.014000
3 0.582943 0.729400 0.136719 0.017400
2 0.576432 0.697900 0.157292 0.037400
1 0.614323 0.670150 0.064844 0.018900
0 0.507878 0.646050 0.300651 0.219900
3 0.846159 0.938650 0.179297 0.018100
4 0.836719 0.955150 0.198177 0.014900
1 0.929102 0.670100 0.064193 0.019000
2 0.396940 0.907000 0.156380 0.036600
3 0.414648 0.938100 0.123828 0.019600
3 0.255273 0.730400 0.172526 0.016600
2 0.267187 0.698100 0.156771 0.036600
2 0.389844 0.474600 0.156771 0.037400
3 0.879622 0.287450 0.170443 0.016300
4 0.860482 0.302400 0.210026 0.013600
0 0.741341 0.423650 0.463672 0.213300
1 0.900716 0.446600 0.062891 0.020200
0 0.269727 0.865600 0.445443 0.211400
2 0.890169 0.698300 0.156380 0.037000
1 0.896940 0.878800 0.063672 0.019000
2 0.859440 0.906950 0.156380 0.038100
0 0.746224 0.869300 0.452604 0.208600
4 0.917318 0.747450 0.097396 0.014100
2 0.261133 0.255600 0.156901 0.037800
0 0.191081 0.205450 0.305859 0.223900
4 0.392253 0.522850 0.145964 0.011700
4 0.245313 0.746100 0.193750 0.013200
1 0.427734 0.446250 0.061458 0.018500
0 0.265690 0.423750 0.455078 0.212300
4 0.894857 0.521950 0.091797 0.014300
3 0.897396 0.504650 0.086719 0.018900
1 0.435612 0.879150 0.062109 0.018900
1 0.614128 0.231950 0.060807 0.018500
2 0.576367 0.259950 0.156380 0.037100
0 0.819857 0.204750 0.300130 0.216100
1 0.299609 0.227650 0.062500 0.018300
