1 0.477238 0.459850 0.058824 0.016900
2 0.533184 0.267650 0.110870 0.037100
2 0.416688 0.488000 0.109591 0.038600
3 0.471675 0.521350 0.102174 0.012900
2 0.234271 0.727850 0.107417 0.037700
2 0.589386 0.727000 0.108440 0.036800
2 0.208760 0.937300 0.108312 0.038200
0 0.298465 0.439850 0.450895 0.209300
0 0.515729 0.222750 0.250895 0.200700
2 0.218990 0.267500 0.107033 0.037200
5 0.669118 0.733100 0.050000 0.032800
4 0.856394 0.324250 0.154220 0.009700
3 0.849744 0.307650 0.168031 0.018100
0 0.810166 0.226950 0.255371 0.205900
5 0.292263 0.941350 0.052558 0.034900
1 0.602110 0.909200 0.054859 0.015800
1 0.880627 0.894200 0.055115 0.015600
5 0.298721 0.272250 0.047570 0.032300
5 0.612788 0.273150 0.044757 0.032900
5 0.904923 0.928250 0.048210 0.031500
4 0.538107 0.986800 0.221739 0.010600
0 0.510550 0.895200 0.281202 0.197200
5 0.910486 0.281050 0.050128 0.031900
1 0.281202 0.238400 0.058312 0.015600
1 0.593095 0.239050 0.057033 0.020500
1 0.888747 0.246800 0.057801 0.018200
0 0.526151 0.678450 0.338491 0.208100
1 0.299169 0.700450 0.045652 0.011900
4 0.573785 0.776750 0.243478 0.009100
3 0.527366 0.760600 0.336573 0.017800
4 0.227941 0.776700 0.227238 0.011800
3 0.190473 0.759900 0.303453 0.016400
4 0.481714 0.537600 0.080818 0.010600
1 0.648338 0.698050 0.056010 0.015700
1 0.270780 0.908550 0.057161 0.020100
3 0.813683 0.964800 0.232481 0.030000
4 0.565729 0.316400 0.146292 0.011600
5 0.496739 0.493150 0.049488 0.032300
5 0.315985 0.733350 0.052941 0.033300
2 0.822890 0.925450 0.111765 0.038700
3 0.526598 0.970750 0.242967 0.016700
0 0.803389 0.889100 0.256138 0.212600
4 0.802813 0.989400 0.252685 0.009800
3 0.530243 0.298950 0.219821 0.016500
4 0.267647 0.315150 0.114322 0.009300
5 0.622852 0.943460 0.053964 0.029500
0 0.185230 0.901910 0.271228 0.179100
0 0.190153 0.679450 0.307417 0.207100
3 0.268095 0.300850 0.113427 0.013900
0 0.200320 0.220950 0.250767 0.200300
2 0.541368 0.938050 0.106522 0.036500
4 0.227749 0.985550 0.176982 0.010700
3 0.241816 0.970100 0.148849 0.013400
2 0.828581 0.275700 0.111637 0.037400
