1 0.656675 0.265800 0.061257 0.018400
1 0.914071 0.265150 0.061126 0.018100
1 0.393586 0.457150 0.061780 0.017700
4 0.370812 0.533250 0.140576 0.014100
3 0.859751 0.323050 0.190707 0.010900
4 0.859555 0.333150 0.189267 0.009100
5 0.934620 0.296900 0.050916 0.033200
0 0.632068 0.441650 0.195550 0.156900
0 0.857526 0.265500 0.216885 0.151000
5 0.677225 0.297250 0.052880 0.032500
0 0.153534 0.265550 0.252618 0.129900
0 0.859686 0.434100 0.204974 0.164400
3 0.856806 0.498500 0.183770 0.012400
4 0.857788 0.509100 0.186780 0.009400
5 0.919372 0.471200 0.051832 0.033200
0 0.264660 0.474350 0.359424 0.136500
5 0.414136 0.489700 0.051571 0.032200
3 0.638482 0.321350 0.114660 0.014300
3 0.376505 0.516850 0.130497 0.014900
3 0.155039 0.304200 0.235733 0.016200
4 0.181937 0.321550 0.180890 0.012500
5 0.245223 0.277000 0.055366 0.034400
3 0.417932 0.302550 0.126702 0.016900
4 0.399804 0.318550 0.162958 0.014100
0 0.392408 0.227050 0.215183 0.206700
5 0.460798 0.274250 0.051178 0.033900
1 0.664791 0.443500 0.062827 0.017200
1 0.898822 0.438050 0.062042 0.018300
1 0.223953 0.244650 0.062042 0.018500
1 0.439987 0.242050 0.064005 0.019300
0 0.630825 0.273100 0.196466 0.152800
2 0.602552 0.471750 0.110602 0.039100
5 0.686649 0.475950 0.053403 0.032100
2 0.837042 0.466050 0.110471 0.037500
4 0.624018 0.510200 0.147251 0.011400
2 0.379188 0.270100 0.109162 0.037200
2 0.852291 0.293100 0.111387 0.037800
2 0.593717 0.293350 0.108377 0.036500
2 0.331610 0.484700 0.110602 0.037600
2 0.161518 0.272700 0.108377 0.037800
3 0.619895 0.498650 0.158639 0.012500
4 0.638482 0.334250 0.105759 0.011300
