3 0.501367 0.740200 0.287630 0.014800
5 0.632487 0.713300 0.049349 0.031200
1 0.908724 0.664200 0.061198 0.018600
0 0.828320 0.657750 0.256380 0.210300
2 0.551823 0.707950 0.111719 0.036900
4 0.523112 0.754650 0.246224 0.011700
0 0.188932 0.656000 0.306771 0.218600
1 0.862956 0.888850 0.063672 0.018900
5 0.928646 0.696100 0.048437 0.031200
0 0.726953 0.870700 0.366406 0.207800
1 0.725065 0.468950 0.061589 0.019300
5 0.445964 0.921650 0.048958 0.030300
3 0.352604 0.948350 0.213281 0.015500
4 0.395378 0.965300 0.131901 0.011400
3 0.181641 0.740100 0.284375 0.013600
4 0.240169 0.756850 0.179557 0.011700
0 0.507031 0.657800 0.306771 0.209400
3 0.836133 0.732450 0.218099 0.029700
4 0.832617 0.756150 0.224609 0.009700
0 0.292187 0.871350 0.361719 0.202500
1 0.425260 0.889750 0.061719 0.018900
2 0.664648 0.496850 0.110286 0.037900
0 0.515625 0.312400 0.525781 0.424800
2 0.366406 0.916750 0.110937 0.036300
2 0.803385 0.915950 0.111198 0.036700
2 0.234896 0.708000 0.112240 0.036600
1 0.611523 0.680550 0.060807 0.019300
1 0.294792 0.681000 0.061198 0.019200
4 0.743294 0.965000 0.308724 0.011400
3 0.722396 0.948500 0.349740 0.014000
5 0.883398 0.921800 0.048307 0.031800
5 0.746810 0.502450 0.050130 0.032300
2 0.849219 0.691750 0.113802 0.036900
5 0.314909 0.713450 0.048047 0.033500
