0 0.772005 0.555700 0.343490 0.240000
3 0.608789 0.942600 0.157943 0.013000
2 0.836198 0.619750 0.109635 0.035700
2 0.320833 0.619750 0.106771 0.034900
2 0.598047 0.910050 0.109635 0.034100
2 0.821224 0.327300 0.109115 0.036400
2 0.331966 0.331950 0.108464 0.035500
0 0.320117 0.540550 0.213411 0.264700
0 0.494857 0.838550 0.418099 0.251300
0 0.275977 0.250400 0.319141 0.267600
0 0.793034 0.249900 0.267578 0.263800
4 0.341016 0.378500 0.171615 0.009600
3 0.324479 0.363800 0.203646 0.012800
5 0.411654 0.334450 0.045964 0.028700
1 0.395443 0.304600 0.047396 0.017400
3 0.830013 0.361200 0.169141 0.011000
4 0.616992 0.958050 0.150391 0.010900
3 0.314779 0.653000 0.201172 0.015200
4 0.324219 0.667450 0.182812 0.009900
5 0.917643 0.624100 0.049609 0.029800
5 0.400065 0.624600 0.049609 0.031000
5 0.901432 0.330700 0.050521 0.028800
4 0.849414 0.667900 0.163932 0.011400
1 0.898438 0.591750 0.058854 0.016900
1 0.380469 0.591900 0.058073 0.017400
1 0.881771 0.299100 0.058594 0.019200
3 0.826823 0.651850 0.208333 0.012700
4 0.829753 0.375600 0.174609 0.011000
5 0.678646 0.915850 0.047396 0.031300
1 0.657943 0.882900 0.057292 0.015800
