2 0.814398 0.255500 0.109162 0.037800
2 0.292212 0.254800 0.106152 0.037000
2 0.755825 0.930350 0.109031 0.037500
2 0.813220 0.482200 0.109686 0.036800
2 0.282134 0.929800 0.108246 0.037000
5 0.895223 0.260200 0.051178 0.032600
3 0.787107 0.285800 0.271859 0.019600
1 0.393521 0.454550 0.064005 0.019900
2 0.332723 0.482900 0.108639 0.036600
0 0.307592 0.433700 0.273037 0.212000
4 0.360013 0.531050 0.153534 0.014500
0 0.740903 0.432600 0.369764 0.210600
5 0.413743 0.487850 0.051047 0.031300
1 0.874018 0.454200 0.062958 0.018600
3 0.362173 0.514100 0.154188 0.018600
5 0.708835 0.704350 0.051963 0.032100
4 0.831872 0.302100 0.184948 0.013000
0 0.511257 0.647000 0.454974 0.211600
1 0.687173 0.671000 0.062565 0.019000
1 0.343848 0.902050 0.062565 0.019100
1 0.817736 0.902050 0.061911 0.018300
4 0.865903 0.528350 0.090183 0.013300
3 0.819895 0.511900 0.180366 0.018000
5 0.894568 0.486850 0.051178 0.030500
4 0.770681 0.979050 0.174346 0.013100
3 0.763940 0.962700 0.187827 0.019600
5 0.837631 0.934950 0.051963 0.031500
5 0.364463 0.934950 0.051178 0.033700
4 0.302945 0.977900 0.160079 0.013000
3 0.292932 0.961550 0.177225 0.018500
0 0.270353 0.873350 0.250916 0.231100
4 0.590707 0.745350 0.268325 0.013100
3 0.523822 0.730100 0.399215 0.017400
1 0.873887 0.226550 0.064005 0.018500
0 0.693848 0.205050 0.466754 0.209300
5 0.372906 0.258600 0.052618 0.034800
4 0.299280 0.302650 0.188613 0.011900
3 0.280366 0.287650 0.219110 0.017900
1 0.353730 0.226000 0.064005 0.019600
0 0.279450 0.211550 0.245550 0.199500
0 0.682853 0.873900 0.368848 0.230600
2 0.625589 0.699200 0.110340 0.037000
