3 0.133016 0.394750 0.062811 0.008500
4 0.132577 0.403500 0.119912 0.007000
4 0.852562 0.570100 0.200878 0.016400
5 0.412811 0.868550 0.030307 0.025900
3 0.130820 0.734750 0.082138 0.010100
3 0.335725 0.733400 0.162225 0.010400
3 0.593411 0.735250 0.120644 0.007500
3 0.856881 0.724600 0.188433 0.010800
3 0.857613 0.546650 0.187555 0.028100
3 0.590776 0.555300 0.180088 0.010200
3 0.343777 0.562350 0.174817 0.007500
4 0.599341 0.404350 0.054319 0.006700
4 0.858712 0.405500 0.184773 0.007000
4 0.861347 0.236150 0.123865 0.006700
4 0.595608 0.231700 0.158419 0.016200
4 0.336969 0.231300 0.163543 0.015400
0 0.590849 0.168300 0.241142 0.148800
0 0.592387 0.674650 0.248023 0.153900
0 0.863397 0.669900 0.205857 0.158200
0 0.854978 0.502450 0.236750 0.159500
0 0.598389 0.507550 0.223426 0.150900
0 0.344070 0.503500 0.188287 0.150400
0 0.125915 0.519200 0.202635 0.120800
4 0.343338 0.405300 0.085212 0.008000
3 0.117936 0.565200 0.059883 0.007800
2 0.771376 0.514050 0.066618 0.021100
2 0.658858 0.685000 0.059151 0.015600
5 0.212592 0.543550 0.024012 0.020500
5 0.413250 0.533200 0.029429 0.026000
5 0.367247 0.611735 0.022753 0.018330
5 0.676501 0.531650 0.029429 0.026500
5 0.816179 0.514050 0.023572 0.021700
5 0.959883 0.518950 0.024012 0.021700
3 0.119985 0.892100 0.041142 0.008400
5 0.949634 0.702400 0.028111 0.026000
5 0.094656 0.193150 0.023572 0.019700
5 0.204612 0.196550 0.023865 0.020100
5 0.931772 0.867050 0.029575 0.025100
5 0.683895 0.861250 0.032211 0.025900
1 0.310176 0.698250 0.030893 0.008700
1 0.321449 0.355400 0.033821 0.009600
1 0.419107 0.356550 0.032650 0.008500
1 0.087628 0.178150 0.039385 0.009300
1 0.939092 0.271050 0.038067 0.007900
1 0.938873 0.319650 0.029722 0.007700
1 0.938507 0.359950 0.030747 0.008700
1 0.686676 0.308500 0.035725 0.008600
1 0.685432 0.352600 0.034700 0.007400
2 0.649195 0.366250 0.066471 0.019700
2 0.159151 0.196350 0.066764 0.019500
2 0.897584 0.334950 0.073939 0.022700
2 0.897145 0.375450 0.074817 0.022100
2 0.897218 0.286400 0.074963 0.022200
2 0.650366 0.322800 0.067350 0.020200
1 0.961567 0.188450 0.037921 0.009100
1 0.816911 0.188450 0.038507 0.009100
1 0.690190 0.176500 0.038067 0.009400
1 0.557101 0.177350 0.038067 0.009300
1 0.409883 0.179750 0.039385 0.009300
1 0.315300 0.179250 0.037042 0.008500
1 0.196413 0.181950 0.039385 0.009300
1 0.185432 0.692950 0.030015 0.008300
1 0.088433 0.693000 0.029868 0.007400
1 0.178990 0.848300 0.034114 0.008800
1 0.401464 0.851250 0.044217 0.009100
1 0.675037 0.843750 0.039971 0.009500
1 0.921083 0.849100 0.047145 0.010600
1 0.201464 0.362700 0.031625 0.008200
1 0.402562 0.514700 0.046999 0.011400
3 0.122255 0.227400 0.145242 0.011400
1 0.415007 0.699950 0.035578 0.008700
2 0.066325 0.375200 0.067936 0.020200
1 0.602855 0.632850 0.047291 0.016100
2 0.651684 0.190900 0.066764 0.019800
2 0.520351 0.191900 0.066764 0.020000
2 0.050000 0.192750 0.067204 0.019700
2 0.281332 0.131000 0.067789 0.020200
2 0.287189 0.369650 0.067204 0.019500
2 0.924451 0.202850 0.067057 0.019900
2 0.779429 0.202850 0.067204 0.019700
2 0.165593 0.377200 0.067936 0.019800
1 0.317789 0.116900 0.026208 0.007600
2 0.373572 0.194500 0.067496 0.020000
2 0.278624 0.193950 0.067057 0.020900
1 0.681918 0.269100 0.025622 0.006200
2 0.627086 0.861500 0.084334 0.025800
2 0.356223 0.868450 0.084334 0.025500
2 0.133089 0.866150 0.084334 0.025500
2 0.051391 0.707900 0.068228 0.021600
2 0.148023 0.707800 0.068228 0.021200
2 0.274963 0.712900 0.068228 0.020800
2 0.377599 0.714750 0.068228 0.020900
2 0.620425 0.531500 0.084773 0.026600
2 0.356369 0.533050 0.085505 0.025500
1 0.603001 0.685050 0.046120 0.015700
1 0.603221 0.667850 0.046852 0.016100
1 0.603441 0.651050 0.047291 0.016100
1 0.602709 0.633450 0.047584 0.015900
2 0.659004 0.668200 0.058858 0.016400
2 0.658785 0.651000 0.059004 0.015600
2 0.659151 0.633400 0.058858 0.016400
2 0.892972 0.702350 0.085505 0.025500
5 0.701025 0.633600 0.025183 0.015000
1 0.358638 0.597450 0.024451 0.006700
5 0.701098 0.650850 0.025915 0.016100
5 0.701025 0.668050 0.025183 0.016300
5 0.700586 0.684900 0.025183 0.016000
5 0.423426 0.714750 0.024012 0.020900
5 0.320059 0.713150 0.024012 0.020900
5 0.193411 0.707850 0.024890 0.020900
5 0.096340 0.707900 0.024890 0.022000
5 0.189751 0.865850 0.029283 0.025900
5 0.106881 0.540600 0.022840 0.020000
1 0.101098 0.361000 0.033236 0.008200
2 0.061493 0.540300 0.068814 0.020200
2 0.167862 0.543650 0.068375 0.020500
3 0.860981 0.226100 0.081259 0.010200
3 0.591581 0.212800 0.156808 0.019600
3 0.336237 0.216950 0.186969 0.010500
5 0.323865 0.193850 0.022840 0.020300
5 0.696413 0.191050 0.026208 0.020100
5 0.325988 0.131050 0.024158 0.019900
0 0.112372 0.677450 0.193411 0.147500
1 0.203294 0.529100 0.035286 0.008400
1 0.097218 0.526050 0.033675 0.008900
1 0.666179 0.513450 0.043338 0.009700
1 0.807394 0.499300 0.036164 0.008200
1 0.949488 0.504050 0.038360 0.008500
1 0.937701 0.684750 0.038214 0.009100
0 0.130307 0.840150 0.153734 0.135900
2 0.322548 0.611550 0.067936 0.019700
2 0.644802 0.283000 0.067350 0.019800
0 0.333309 0.839150 0.195754 0.144900
0 0.592387 0.848800 0.214056 0.123800
0 0.855198 0.853950 0.252416 0.109300
2 0.914275 0.518850 0.067204 0.020900
3 0.859004 0.397600 0.093411 0.007600
2 0.383821 0.370900 0.066618 0.019800
3 0.598682 0.395700 0.089605 0.007600
2 0.875403 0.866900 0.084334 0.024800
3 0.339678 0.396200 0.097218 0.007400
0 0.863982 0.188500 0.239824 0.109200
0 0.862225 0.338750 0.200878 0.147500
0 0.605637 0.337900 0.207760 0.146600
0 0.348097 0.337700 0.191362 0.148800
0 0.121889 0.339400 0.212152 0.143600
0 0.336530 0.165700 0.190776 0.157400
0 0.123060 0.166150 0.215959 0.159100
4 0.122035 0.237450 0.199268 0.007700
4 0.855124 0.738650 0.144510 0.015100
4 0.855124 0.902800 0.248170 0.007400
4 0.585578 0.899300 0.193997 0.015200
3 0.865959 0.892700 0.167350 0.007800
4 0.591801 0.569750 0.130307 0.015500
4 0.344143 0.572350 0.183455 0.007700
0 0.338360 0.672250 0.198243 0.156900
3 0.334627 0.894950 0.040849 0.007700
3 0.584480 0.886600 0.169253 0.009200
4 0.122767 0.901300 0.069839 0.007000
4 0.334919 0.904250 0.069546 0.007300
4 0.594290 0.744300 0.171303 0.006200
4 0.336164 0.743150 0.125037 0.007100
4 0.131991 0.744150 0.133382 0.006700
4 0.118375 0.574300 0.070132 0.007000
5 0.111859 0.375300 0.023426 0.020200
5 0.210176 0.377200 0.025329 0.020000
5 0.332064 0.369900 0.024012 0.020000
5 0.428551 0.371200 0.024890 0.020000
5 0.690190 0.282900 0.024890 0.020000
5 0.418302 0.194350 0.023719 0.019900
5 0.564934 0.192150 0.023865 0.020100
5 0.694729 0.322900 0.024012 0.020000
5 0.694363 0.366400 0.025329 0.020000
5 0.948023 0.375500 0.024890 0.022400
5 0.946925 0.334950 0.026794 0.022700
5 0.946999 0.286200 0.026354 0.022400
5 0.969107 0.202950 0.024305 0.020100
5 0.824451 0.203050 0.024305 0.020100
