5 0.918346 0.924500 0.052713 0.032800
0 0.521899 0.431750 0.242765 0.207500
5 0.614599 0.483950 0.052196 0.033300
3 0.521576 0.512200 0.238501 0.016200
4 0.545284 0.527900 0.192119 0.013600
0 0.832429 0.448400 0.278811 0.176200
1 0.917700 0.451200 0.065375 0.019000
5 0.937726 0.484400 0.051938 0.031000
3 0.855491 0.510500 0.220543 0.015800
4 0.902649 0.527350 0.126486 0.014700
0 0.214858 0.653800 0.282171 0.221600
5 0.313049 0.712400 0.051680 0.033600
3 0.228618 0.739050 0.223385 0.018100
4 0.237468 0.756200 0.204910 0.013200
0 0.516731 0.668250 0.280749 0.197700
1 0.606525 0.679950 0.062403 0.018900
5 0.626809 0.714200 0.052326 0.035200
3 0.553811 0.740000 0.198062 0.017600
4 0.545801 0.756900 0.214083 0.015000
0 0.811757 0.658400 0.282429 0.217200
3 0.803876 0.739400 0.200000 0.014000
1 0.292119 0.678850 0.062274 0.019300
1 0.594961 0.450550 0.063049 0.018900
1 0.865310 0.229850 0.063953 0.018500
1 0.524096 0.229650 0.063178 0.019500
1 0.898062 0.891500 0.062791 0.019000
4 0.837532 0.967400 0.215116 0.010600
3 0.819057 0.952700 0.255168 0.016600
1 0.302455 0.893450 0.061240 0.019500
1 0.856718 0.679750 0.061757 0.018500
0 0.804264 0.881850 0.292248 0.185900
4 0.575065 0.969250 0.144703 0.012900
3 0.564018 0.953550 0.164212 0.017900
5 0.619315 0.926350 0.052067 0.032100
1 0.599419 0.892950 0.063437 0.020100
0 0.520413 0.877000 0.259173 0.200600
4 0.276680 0.970650 0.150775 0.013500
3 0.282623 0.955100 0.136563 0.018200
5 0.323902 0.926650 0.053230 0.033700
0 0.215762 0.892100 0.279587 0.177200
5 0.878488 0.712850 0.053618 0.034700
4 0.806848 0.756250 0.195090 0.014300
0 0.329522 0.212150 0.489793 0.217900
5 0.543992 0.264150 0.052067 0.033100
3 0.440116 0.290600 0.243540 0.017200
4 0.437468 0.306750 0.248837 0.015900
0 0.771770 0.210050 0.287984 0.207700
3 0.832364 0.290700 0.158527 0.019200
4 0.821641 0.306750 0.181008 0.012100
5 0.886822 0.263350 0.051680 0.032500
0 0.192377 0.432050 0.267959 0.208700
1 0.278876 0.450500 0.063178 0.019000
5 0.298773 0.484600 0.049742 0.034400
3 0.235659 0.511350 0.160982 0.016300
4 0.225323 0.527400 0.181395 0.015800
2 0.805168 0.258800 0.108010 0.037000
2 0.216990 0.479350 0.112016 0.038500
2 0.461370 0.258700 0.109302 0.037600
2 0.240504 0.921750 0.110982 0.037100
2 0.536951 0.921650 0.108527 0.036500
2 0.835788 0.919800 0.109044 0.037800
2 0.794961 0.708300 0.110853 0.037800
2 0.544315 0.708350 0.111628 0.039100
2 0.230620 0.707400 0.110336 0.037800
2 0.855426 0.479150 0.109302 0.038100
2 0.532364 0.479150 0.109173 0.038500
