0 0.507480 0.218750 0.269029 0.205900
1 0.270472 0.893700 0.063255 0.018800
1 0.879265 0.891450 0.061155 0.017900
3 0.184449 0.733600 0.262598 0.015800
4 0.822244 0.748500 0.252625 0.012000
3 0.829790 0.733800 0.237533 0.017400
5 0.931102 0.706600 0.050656 0.032600
0 0.825459 0.672650 0.266142 0.172300
4 0.496588 0.749050 0.269029 0.014100
3 0.495144 0.732750 0.270341 0.016300
5 0.612205 0.705550 0.050656 0.031500
5 0.291864 0.925700 0.051969 0.033600
0 0.491929 0.672950 0.299606 0.169700
4 0.180446 0.313050 0.255381 0.014100
3 0.185039 0.296550 0.247507 0.016900
0 0.191864 0.870600 0.271129 0.212600
5 0.294291 0.269900 0.052100 0.033200
3 0.370997 0.512550 0.196850 0.018300
4 0.503740 0.966550 0.250262 0.015900
5 0.898950 0.923250 0.051969 0.032100
3 0.786286 0.950600 0.271522 0.016600
4 0.803806 0.968000 0.242257 0.016600
1 0.911155 0.674050 0.063517 0.018500
1 0.592060 0.673200 0.061811 0.016800
1 0.277690 0.672950 0.061417 0.018500
1 0.432283 0.454200 0.061680 0.017600
1 0.273753 0.237900 0.062205 0.018000
0 0.189436 0.224450 0.280446 0.193500
4 0.368832 0.529450 0.201181 0.014300
5 0.452822 0.486800 0.050525 0.032000
0 0.289698 0.443400 0.390420 0.191800
4 0.775722 0.530650 0.352231 0.011700
3 0.783005 0.514050 0.325066 0.018500
5 0.928806 0.486850 0.051050 0.031300
1 0.909252 0.454350 0.063386 0.018500
0 0.764108 0.446100 0.389370 0.194400
4 0.905315 0.313800 0.120079 0.012200
3 0.888780 0.296800 0.148688 0.017200
5 0.946916 0.269150 0.048688 0.033500
1 0.926181 0.236350 0.067585 0.018900
0 0.843963 0.222650 0.257743 0.197700
4 0.567454 0.313950 0.123885 0.012500
3 0.553871 0.297100 0.152100 0.017400
5 0.611352 0.270300 0.051050 0.031000
1 0.591798 0.237500 0.063386 0.019200
2 0.847113 0.482300 0.110499 0.036600
2 0.864042 0.265450 0.112861 0.038500
2 0.529396 0.265600 0.110236 0.036600
0 0.188451 0.665050 0.279265 0.186500
2 0.217651 0.701500 0.110630 0.038600
2 0.849934 0.702350 0.109580 0.035900
2 0.208793 0.921000 0.109711 0.036200
2 0.531037 0.919200 0.111155 0.037200
2 0.370210 0.482200 0.111549 0.037200
2 0.212533 0.265400 0.109318 0.037200
2 0.530709 0.700950 0.110236 0.037500
2 0.817060 0.919300 0.109186 0.037000
4 0.225787 0.968750 0.196194 0.011700
0 0.495604 0.873500 0.301969 0.210200
1 0.590748 0.891100 0.064173 0.019000
5 0.612861 0.923500 0.051181 0.032200
3 0.487927 0.950450 0.280577 0.016300
0 0.808465 0.874800 0.321916 0.212000
4 0.220144 0.748250 0.194094 0.012500
3 0.217454 0.953100 0.213123 0.017400
5 0.299357 0.704600 0.050525 0.032000
