5 0.620623 0.706850 0.052918 0.033100
1 0.921660 0.658650 0.062257 0.017700
0 0.836446 0.652150 0.280934 0.219300
3 0.814916 0.951000 0.222827 0.018200
5 0.624514 0.921100 0.052918 0.034000
0 0.813359 0.877250 0.270817 0.208100
4 0.845266 0.751050 0.228016 0.014900
3 0.832620 0.726800 0.253307 0.032600
3 0.585084 0.948250 0.125811 0.015900
3 0.533074 0.733600 0.208042 0.018600
1 0.291180 0.676400 0.062257 0.019200
1 0.285863 0.891550 0.062516 0.018500
5 0.906524 0.922940 0.052918 0.034000
0 0.214527 0.651700 0.249805 0.214400
0 0.498703 0.869650 0.318029 0.209900
0 0.187808 0.882350 0.290532 0.188100
4 0.856031 0.969150 0.139559 0.018100
4 0.545655 0.749650 0.181582 0.014500
4 0.242802 0.966600 0.160830 0.017400
3 0.226135 0.950250 0.193904 0.016300
5 0.306550 0.925000 0.051492 0.034200
4 0.568742 0.964100 0.157717 0.013600
1 0.887030 0.890550 0.062516 0.018900
1 0.603956 0.887450 0.062127 0.018900
1 0.599481 0.672900 0.064591 0.018600
0 0.511284 0.652250 0.278599 0.213900
4 0.232944 0.751800 0.192477 0.010600
3 0.224578 0.736800 0.213100 0.017000
5 0.310960 0.709250 0.050973 0.032100
2 0.229053 0.704300 0.110246 0.036600
2 0.223995 0.920350 0.111025 0.039100
2 0.824319 0.918900 0.107523 0.037800
5 0.942283 0.691300 0.052918 0.033000
2 0.858042 0.687400 0.107782 0.038000
2 0.537549 0.701400 0.110117 0.037600
2 0.542153 0.915800 0.109468 0.037800
