2 0.634922 0.267400 0.109269 0.036000
2 0.856397 0.266850 0.109922 0.036100
0 0.865209 0.655100 0.179504 0.210000
0 0.647650 0.660850 0.189295 0.204300
0 0.394974 0.659250 0.254439 0.211900
0 0.200065 0.451300 0.286554 0.182200
0 0.535052 0.436100 0.309791 0.214600
1 0.211684 0.679350 0.052872 0.018100
4 0.860770 0.314200 0.181332 0.010800
3 0.854961 0.297750 0.192950 0.015300
0 0.832311 0.433300 0.255483 0.216600
4 0.528133 0.968350 0.237728 0.011700
4 0.193668 0.534500 0.267755 0.011800
3 0.528003 0.510850 0.274021 0.030100
4 0.522977 0.535300 0.283290 0.012000
3 0.842298 0.519100 0.220104 0.014600
4 0.849347 0.534250 0.205222 0.010700
3 0.177546 0.740150 0.140992 0.016300
4 0.157507 0.755950 0.181070 0.011300
5 0.234399 0.712900 0.051044 0.032000
5 0.476436 0.712650 0.050783 0.032500
5 0.928460 0.678600 0.046997 0.030600
1 0.216514 0.238650 0.059138 0.019100
5 0.716188 0.273050 0.047781 0.032100
3 0.636031 0.300350 0.187206 0.012900
4 0.657245 0.755450 0.144256 0.011300
4 0.421540 0.315000 0.130809 0.011400
3 0.421279 0.299700 0.131593 0.015000
4 0.171867 0.314600 0.151567 0.010600
3 0.642167 0.739000 0.175457 0.017400
3 0.379373 0.739850 0.220104 0.013100
4 0.390927 0.756250 0.197781 0.011500
5 0.633029 0.925550 0.049869 0.032100
0 0.387206 0.219250 0.231854 0.206100
1 0.900392 0.892350 0.060313 0.016700
3 0.874478 0.713850 0.135379 0.029700
3 0.518538 0.953550 0.257702 0.016100
4 0.241514 0.965500 0.190862 0.010600
3 0.216514 0.949700 0.240862 0.015000
4 0.860183 0.745150 0.167363 0.026500
5 0.323238 0.921900 0.048042 0.033000
5 0.715796 0.712500 0.048564 0.031400
4 0.827415 0.968550 0.213838 0.011100
3 0.848825 0.952700 0.173368 0.012600
2 0.151371 0.707000 0.107963 0.036600
2 0.633159 0.707300 0.107572 0.036400
1 0.694648 0.239500 0.061358 0.019400
1 0.294974 0.458100 0.060444 0.020200
5 0.649217 0.475600 0.048042 0.032200
1 0.904961 0.458800 0.054569 0.018600
5 0.938316 0.272400 0.048172 0.033000
5 0.233551 0.271100 0.049608 0.030000
1 0.453851 0.238850 0.058877 0.018900
5 0.473433 0.270800 0.052872 0.032400
4 0.634008 0.315100 0.192037 0.010000
5 0.314621 0.490800 0.050653 0.031600
1 0.917428 0.238300 0.060966 0.017800
5 0.926044 0.491750 0.048956 0.031700
0 0.638773 0.217900 0.206789 0.206200
2 0.389295 0.266500 0.104439 0.035800
2 0.393538 0.707100 0.106136 0.036800
2 0.843864 0.486300 0.109399 0.036600
3 0.180744 0.298950 0.132245 0.011900
3 0.204308 0.517150 0.247520 0.017900
0 0.518668 0.873350 0.312533 0.209300
2 0.847063 0.673500 0.105614 0.036800
1 0.303329 0.888100 0.066971 0.015800
1 0.908225 0.645800 0.057963 0.017000
2 0.837598 0.920400 0.105222 0.036000
2 0.551044 0.920350 0.108094 0.036300
1 0.694648 0.678700 0.055614 0.018600
1 0.455157 0.679100 0.061749 0.018600
1 0.630157 0.442950 0.054830 0.017100
5 0.919386 0.925700 0.046345 0.033400
1 0.611945 0.892450 0.056266 0.019100
2 0.241319 0.917000 0.109530 0.037400
0 0.158616 0.658550 0.208094 0.207300
0 0.861815 0.214300 0.208747 0.210800
2 0.151436 0.266350 0.106005 0.035500
0 0.150849 0.219250 0.218668 0.203500
2 0.568407 0.470550 0.107050 0.036300
2 0.230091 0.485850 0.104047 0.036300
0 0.832180 0.880800 0.230940 0.188400
0 0.208943 0.878700 0.286292 0.190000
