3 0.316732 0.508750 0.290458 0.017700
1 0.290327 0.880150 0.063529 0.019100
3 0.215229 0.941150 0.222353 0.017300
4 0.199608 0.956900 0.253595 0.013600
2 0.398889 0.699900 0.157255 0.037400
3 0.330915 0.730750 0.284314 0.016300
4 0.332484 0.746850 0.280392 0.012300
2 0.385229 0.479350 0.157124 0.037500
4 0.313595 0.525700 0.301438 0.014600
1 0.437190 0.226800 0.064183 0.019000
2 0.399346 0.255050 0.157124 0.036700
3 0.329477 0.287100 0.288758 0.019400
4 0.358366 0.304750 0.230980 0.015900
1 0.930392 0.445150 0.063137 0.018700
1 0.919804 0.860650 0.080392 0.023900
2 0.888366 0.259150 0.156340 0.036900
1 0.928170 0.231700 0.059477 0.018600
4 0.800980 0.959350 0.328235 0.018100
0 0.268170 0.649650 0.456863 0.211300
0 0.265621 0.432050 0.464314 0.206300
0 0.265033 0.206850 0.463660 0.217700
0 0.745752 0.431750 0.459085 0.209700
0 0.745490 0.649300 0.459869 0.209000
1 0.437320 0.671300 0.062092 0.019600
1 0.423725 0.451300 0.062092 0.019400
0 0.745556 0.209800 0.458170 0.217600
3 0.818366 0.290550 0.296078 0.019100
4 0.822941 0.308800 0.295294 0.013400
2 0.892810 0.473000 0.155294 0.036600
3 0.844902 0.505400 0.245359 0.018600
4 0.841830 0.523100 0.254379 0.017000
1 0.930588 0.671000 0.063529 0.018800
2 0.892353 0.699550 0.156471 0.037500
3 0.830588 0.731000 0.272418 0.014400
4 0.858758 0.745900 0.222876 0.013200
0 0.662484 0.869650 0.634771 0.211500
2 0.871242 0.896550 0.199216 0.047900
3 0.821438 0.937200 0.287320 0.020200
2 0.252614 0.908700 0.155686 0.037200
0 0.184967 0.866900 0.296732 0.203200
