2 0.537057 0.267800 0.109067 0.035800
3 0.234823 0.298050 0.194744 0.019700
2 0.232129 0.266850 0.109198 0.037500
2 0.857359 0.266350 0.110250 0.037100
2 0.822011 0.921150 0.108936 0.037100
2 0.452300 0.484400 0.110381 0.036200
5 0.624967 0.705800 0.050986 0.032800
2 0.541919 0.701400 0.110118 0.037400
2 0.213272 0.701850 0.110907 0.037100
5 0.390736 0.923400 0.050329 0.033600
3 0.698686 0.951450 0.449934 0.016500
2 0.844941 0.702650 0.109855 0.036700
2 0.308936 0.918900 0.109330 0.036200
5 0.904928 0.925150 0.052957 0.034500
2 0.828252 0.485050 0.112484 0.037100
4 0.517346 0.314550 0.231012 0.013500
0 0.694350 0.877350 0.501708 0.199700
4 0.769251 0.967350 0.313535 0.015500
0 0.231932 0.897000 0.388436 0.156800
3 0.229041 0.951600 0.377924 0.016800
4 0.264192 0.966650 0.306570 0.014100
3 0.242050 0.733450 0.140342 0.017500
4 0.229566 0.748950 0.165309 0.013500
5 0.296124 0.706250 0.050854 0.032500
0 0.502497 0.653050 0.317740 0.207100
3 0.498686 0.733150 0.290670 0.016900
4 0.530946 0.749100 0.225361 0.012600
0 0.346649 0.438900 0.496978 0.206800
5 0.534100 0.489300 0.051117 0.031800
3 0.332654 0.516200 0.448226 0.018600
4 0.386137 0.532950 0.334428 0.014100
1 0.513666 0.457000 0.062549 0.018600
3 0.824901 0.515550 0.204336 0.017700
4 0.817608 0.531200 0.219974 0.012800
0 0.846321 0.656950 0.214849 0.201500
4 0.230552 0.313600 0.201445 0.014000
0 0.519974 0.221100 0.253876 0.203800
5 0.618134 0.272450 0.050460 0.032700
3 0.515637 0.299450 0.239159 0.017700
1 0.596518 0.239900 0.062418 0.018000
1 0.294350 0.238550 0.062812 0.019700
0 0.223127 0.216950 0.239947 0.208700
5 0.315046 0.270650 0.052694 0.033700
1 0.919777 0.239000 0.063469 0.018600
1 0.905256 0.674400 0.062549 0.019000
1 0.885283 0.893150 0.061761 0.018900
1 0.370434 0.890900 0.062549 0.018800
0 0.207753 0.655300 0.232063 0.205400
1 0.275427 0.673650 0.062286 0.018700
5 0.926413 0.707750 0.049934 0.032700
4 0.856505 0.750150 0.175821 0.013300
3 0.841393 0.735800 0.200263 0.016400
1 0.603088 0.673350 0.062681 0.018100
5 0.940736 0.271000 0.052825 0.034000
3 0.863469 0.297950 0.191064 0.018100
4 0.849803 0.315000 0.211301 0.012400
0 0.786334 0.437600 0.308279 0.204600
1 0.890145 0.457000 0.064389 0.019000
5 0.911695 0.489250 0.050460 0.033100
0 0.832129 0.216200 0.273456 0.213400
