4 0.840092 0.752050 0.237927 0.010700
5 0.452402 0.929210 0.051575 0.033180
3 0.841929 0.736950 0.233465 0.015900
5 0.934777 0.708650 0.051181 0.032500
1 0.914108 0.676200 0.062073 0.017800
4 0.748556 0.960750 0.374541 0.013700
3 0.748031 0.943300 0.374541 0.016800
1 0.899344 0.883850 0.063780 0.018100
3 0.856693 0.300300 0.201312 0.015000
0 0.813780 0.437200 0.303412 0.196200
3 0.810039 0.509550 0.290157 0.017500
4 0.829199 0.524400 0.250525 0.012200
0 0.512139 0.432650 0.281759 0.200900
3 0.522703 0.509100 0.245669 0.015400
0 0.745932 0.884300 0.407612 0.171000
4 0.344029 0.971400 0.253675 0.013600
3 0.344751 0.956900 0.248294 0.016200
1 0.430971 0.896500 0.064304 0.019200
0 0.326312 0.876650 0.311155 0.207700
4 0.372572 0.752750 0.191864 0.015500
3 0.366995 0.735600 0.204856 0.018800
5 0.451444 0.709700 0.051181 0.032400
0 0.304593 0.659450 0.365354 0.209100
4 0.232612 0.524800 0.204593 0.012600
3 0.210236 0.508550 0.243570 0.016900
1 0.295472 0.449200 0.062861 0.018400
0 0.201575 0.439900 0.313123 0.185600
4 0.534514 0.524700 0.227559 0.014800
4 0.867913 0.317050 0.178609 0.014100
1 0.605774 0.449400 0.060630 0.018000
1 0.919291 0.240350 0.063255 0.018100
3 0.410236 0.301300 0.217060 0.016400
3 0.165026 0.301050 0.252625 0.015900
4 0.172638 0.316900 0.235827 0.014800
5 0.498228 0.273650 0.050787 0.032300
4 0.429003 0.316350 0.179528 0.012700
0 0.645013 0.225500 0.219160 0.197800
5 0.727297 0.273000 0.051181 0.031000
3 0.641929 0.299500 0.200131 0.016600
4 0.646654 0.314700 0.190420 0.013800
3 0.625919 0.736000 0.171522 0.016400
4 0.635367 0.751450 0.152362 0.014100
1 0.253281 0.241950 0.063780 0.019100
1 0.479462 0.241550 0.062598 0.019100
1 0.706365 0.240100 0.063123 0.018400
1 0.916667 0.449200 0.062467 0.018600
1 0.430446 0.677000 0.063780 0.018000
0 0.842913 0.669500 0.238583 0.177600
1 0.674541 0.676750 0.063517 0.018100
0 0.623360 0.656200 0.220472 0.207400
2 0.857021 0.268700 0.109318 0.037400
0 0.412992 0.244550 0.224409 0.158500
2 0.192782 0.270850 0.109449 0.038700
5 0.694751 0.709150 0.051706 0.031700
2 0.612664 0.704200 0.108793 0.036800
2 0.852953 0.704700 0.109055 0.038000
5 0.919882 0.917500 0.051575 0.032200
2 0.837205 0.912350 0.109843 0.037100
2 0.367979 0.924700 0.110236 0.037200
2 0.369816 0.703950 0.109186 0.037900
5 0.315157 0.481600 0.050787 0.032800
2 0.232940 0.477400 0.110236 0.038000
5 0.626378 0.482650 0.052231 0.032500
2 0.543832 0.477000 0.109974 0.038200
5 0.937598 0.482250 0.050262 0.032900
2 0.855118 0.477500 0.110499 0.038200
5 0.939633 0.272700 0.050394 0.030400
2 0.645604 0.268050 0.110105 0.037100
2 0.416798 0.269200 0.109186 0.036000
5 0.274147 0.272900 0.049081 0.030800
0 0.168438 0.220200 0.263648 0.215800
0 0.860892 0.226400 0.211024 0.197800
