5 0.472721 0.792550 0.029378 0.024700
5 0.440593 0.937200 0.028799 0.025200
5 0.483357 0.498250 0.028365 0.024700
2 0.428726 0.204050 0.082923 0.025300
1 0.473878 0.186050 0.035745 0.010300
1 0.708683 0.186450 0.040810 0.010300
1 0.474313 0.332550 0.043271 0.010300
1 0.237627 0.325650 0.040810 0.010300
1 0.231259 0.481850 0.040810 0.010300
2 0.866787 0.351150 0.082923 0.025300
2 0.662663 0.347300 0.081910 0.025200
2 0.428437 0.350250 0.082923 0.025300
2 0.418090 0.792450 0.082200 0.024700
2 0.386686 0.937150 0.082779 0.024900
2 0.194284 0.200150 0.081187 0.025100
1 0.232706 0.621650 0.045731 0.010300
1 0.237265 0.771550 0.041823 0.010300
1 0.464472 0.774850 0.041823 0.010300
1 0.685239 0.777150 0.045731 0.010300
1 0.238712 0.182550 0.035745 0.010300
1 0.461650 0.627450 0.045731 0.010300
1 0.701592 0.620650 0.040810 0.010300
1 0.937337 0.629450 0.040810 0.010300
3 0.127135 0.962750 0.117945 0.008100
3 0.371491 0.962600 0.118669 0.008600
3 0.617077 0.945850 0.217366 0.019900
3 0.848336 0.946300 0.121563 0.018200
4 0.851954 0.966250 0.217077 0.015500
4 0.619465 0.967550 0.216353 0.016300
4 0.370478 0.971850 0.139508 0.007700
4 0.126411 0.972050 0.146020 0.007300
4 0.843777 0.823450 0.133575 0.015500
4 0.847685 0.686650 0.181331 0.014500
4 0.613603 0.687000 0.216498 0.015800
4 0.383357 0.689800 0.222865 0.023400
4 0.149566 0.684100 0.204486 0.007400
4 0.149493 0.535500 0.207525 0.007400
4 0.383502 0.533250 0.160637 0.007100
3 0.617004 0.523600 0.225036 0.010000
4 0.617728 0.537550 0.205355 0.016100
4 0.851375 0.533250 0.191896 0.006700
3 0.851230 0.524300 0.129378 0.007600
4 0.851302 0.385300 0.151230 0.006600
4 0.617511 0.389300 0.225181 0.014600
4 0.383719 0.385400 0.143126 0.007200
4 0.149349 0.391850 0.223444 0.015700
4 0.150217 0.248700 0.176556 0.015000
4 0.383502 0.246600 0.219682 0.014800
1 0.706223 0.477400 0.043415 0.010800
0 0.851447 0.182900 0.229667 0.147400
0 0.616353 0.621700 0.226339 0.147000
0 0.383140 0.623650 0.225904 0.158300
0 0.147395 0.624400 0.219247 0.132600
0 0.395731 0.769600 0.187410 0.127600
0 0.852460 0.908250 0.221563 0.134500
0 0.404486 0.327050 0.190738 0.129500
5 0.712952 0.637950 0.029957 0.024700
5 0.471635 0.645250 0.030391 0.024700
5 0.242402 0.639350 0.028365 0.024700
5 0.246527 0.789450 0.029957 0.024700
5 0.694645 0.794850 0.029233 0.025300
3 0.383502 0.227450 0.153401 0.018900
0 0.618307 0.475900 0.230246 0.143200
0 0.400362 0.470600 0.197829 0.136400
0 0.145224 0.477450 0.219247 0.130300
0 0.149566 0.332100 0.229088 0.139000
4 0.617221 0.246300 0.170767 0.014800
3 0.150000 0.674400 0.163386 0.009800
3 0.149421 0.526300 0.156729 0.007600
1 0.935745 0.469150 0.044284 0.010300
1 0.431331 0.919350 0.040376 0.010300
1 0.706802 0.901150 0.045731 0.010300
1 0.936179 0.904150 0.042836 0.010300
1 0.934370 0.763800 0.039219 0.009400
0 0.855210 0.473800 0.216353 0.132200
0 0.619030 0.327750 0.231693 0.140900
0 0.848987 0.325550 0.179595 0.131100
0 0.868669 0.765600 0.186252 0.134800
2 0.890810 0.780850 0.081187 0.024700
2 0.640738 0.794750 0.082344 0.025300
2 0.428582 0.498150 0.082923 0.024700
2 0.186614 0.499450 0.082923 0.025300
2 0.194863 0.343250 0.080897 0.025300
0 0.160275 0.185750 0.212012 0.147700
3 0.617294 0.232400 0.225326 0.010600
3 0.149711 0.378200 0.224168 0.009800
1 0.474385 0.480350 0.040810 0.010300
1 0.911288 0.333250 0.040810 0.010300
1 0.929957 0.181350 0.040810 0.010300
3 0.851592 0.227650 0.225904 0.019300
3 0.851158 0.375950 0.111867 0.008300
3 0.616715 0.375200 0.218669 0.010600
3 0.382706 0.376300 0.141968 0.009800
2 0.415774 0.644950 0.081910 0.024700
5 0.947395 0.647050 0.029957 0.024700
5 0.944211 0.780850 0.029957 0.024700
5 0.947033 0.922050 0.027207 0.025100
5 0.716425 0.918850 0.028220 0.024700
5 0.225109 0.936950 0.029378 0.024700
5 0.717438 0.347600 0.029088 0.025200
5 0.483357 0.350400 0.028654 0.025200
5 0.248987 0.343200 0.029088 0.025200
5 0.240666 0.499450 0.029812 0.025100
5 0.945803 0.487150 0.030825 0.024700
5 0.717511 0.495350 0.028944 0.024700
5 0.921201 0.351150 0.029667 0.025700
5 0.937554 0.199500 0.030246 0.025200
5 0.717149 0.204500 0.028799 0.025200
5 0.483936 0.204100 0.027786 0.025200
5 0.248915 0.200200 0.031259 0.025200
4 0.146889 0.827350 0.217077 0.007700
0 0.150217 0.766450 0.228075 0.134100
0 0.620333 0.764700 0.181621 0.138200
2 0.662373 0.204250 0.081331 0.025300
2 0.883140 0.199350 0.082923 0.025300
2 0.663169 0.495150 0.082923 0.024700
2 0.891100 0.486650 0.082923 0.024700
2 0.171274 0.936850 0.081187 0.024700
2 0.892547 0.646850 0.082923 0.024700
2 0.658683 0.638050 0.081187 0.024700
2 0.188061 0.639250 0.081187 0.024700
2 0.191968 0.789500 0.082634 0.024600
0 0.860130 0.639000 0.208538 0.114000
0 0.619609 0.906850 0.225326 0.140900
2 0.892475 0.921900 0.081910 0.025200
2 0.662518 0.918950 0.081910 0.024700
0 0.147974 0.911650 0.190304 0.132100
1 0.214761 0.919050 0.045731 0.010300
3 0.382706 0.524350 0.130970 0.008300
3 0.382706 0.667400 0.209986 0.017800
3 0.614544 0.668350 0.218669 0.018900
3 0.848046 0.673650 0.127641 0.008300
3 0.840232 0.805900 0.121852 0.016200
3 0.609986 0.819000 0.145876 0.007200
3 0.378003 0.818050 0.096382 0.009900
3 0.146599 0.818050 0.152533 0.009700
4 0.851520 0.246250 0.210999 0.016100
0 0.385528 0.181350 0.227496 0.148900
0 0.618090 0.188000 0.228654 0.135600
0 0.377352 0.910150 0.161650 0.135900
1 0.705933 0.329550 0.040810 0.010300
3 0.149493 0.234850 0.145876 0.010300
4 0.609986 0.828250 0.159190 0.007700
4 0.378365 0.827350 0.148625 0.007700
