4 0.900911 0.752450 0.120833 0.012300
5 0.941081 0.709550 0.048307 0.032500
4 0.550195 0.533400 0.167318 0.011600
3 0.534180 0.516800 0.198568 0.013200
3 0.197526 0.517500 0.280729 0.014600
4 0.803841 0.314650 0.199349 0.010900
4 0.836263 0.969200 0.183984 0.013000
3 0.813932 0.954750 0.227344 0.014900
5 0.618099 0.927950 0.047656 0.032100
5 0.942383 0.487400 0.047526 0.031400
4 0.569271 0.970450 0.139844 0.010500
0 0.852148 0.444450 0.235026 0.187500
0 0.538086 0.443900 0.218880 0.194600
0 0.207812 0.663400 0.251562 0.192000
0 0.200521 0.875450 0.292448 0.206100
2 0.831966 0.922200 0.107161 0.037600
2 0.236654 0.891550 0.107161 0.036900
2 0.224089 0.702250 0.104688 0.036300
2 0.235677 0.484900 0.102865 0.036400
5 0.320378 0.897300 0.048568 0.033800
5 0.305599 0.706600 0.048438 0.031400
5 0.622135 0.677850 0.047396 0.030700
5 0.457161 0.270100 0.048958 0.032000
0 0.808659 0.879750 0.260807 0.199100
0 0.522630 0.882540 0.251042 0.191200
4 0.228516 0.961750 0.227604 0.030100
3 0.559049 0.954300 0.158203 0.012400
3 0.221159 0.930150 0.241797 0.032900
0 0.837754 0.658250 0.266159 0.203700
2 0.375651 0.264350 0.108854 0.036300
1 0.287565 0.674050 0.060807 0.016300
0 0.743555 0.226000 0.349089 0.190600
0 0.199870 0.436400 0.289844 0.211000
4 0.865820 0.530400 0.181380 0.010200
3 0.891667 0.737150 0.140365 0.014900
1 0.602539 0.644550 0.061068 0.015100
5 0.913867 0.926700 0.048307 0.030800
1 0.298568 0.457150 0.055729 0.020900
3 0.552734 0.711450 0.164323 0.030900
4 0.222005 0.750750 0.208333 0.010100
3 0.205339 0.734000 0.240625 0.015200
3 0.879362 0.516000 0.153255 0.014200
4 0.221484 0.532550 0.233333 0.012900
3 0.810286 0.297850 0.186719 0.012900
4 0.355404 0.312450 0.228516 0.010100
3 0.324089 0.297450 0.289323 0.012900
2 0.535352 0.922000 0.106641 0.036600
5 0.889844 0.272200 0.049219 0.032600
1 0.892122 0.893000 0.061328 0.020200
2 0.859245 0.705100 0.108594 0.037200
2 0.861458 0.482600 0.107552 0.037000
2 0.807161 0.266150 0.108594 0.036900
0 0.315365 0.225650 0.337500 0.185100
0 0.541732 0.657800 0.217839 0.204400
1 0.921289 0.455150 0.061328 0.018100
5 0.621289 0.489850 0.049609 0.030300
4 0.549089 0.745050 0.173437 0.024900
1 0.301563 0.862450 0.060938 0.015700
1 0.869727 0.237500 0.057422 0.014200
1 0.433073 0.236550 0.061198 0.018300
1 0.599935 0.456900 0.061589 0.016400
5 0.317773 0.489200 0.050911 0.030800
2 0.539453 0.673100 0.107292 0.038200
2 0.536719 0.484600 0.107292 0.036000
1 0.597266 0.894650 0.060156 0.018700
1 0.921615 0.675600 0.065365 0.015800
