4 0.620948 0.799050 0.177885 0.018300
5 0.226923 0.204850 0.034890 0.032300
5 0.472184 0.205100 0.035577 0.031400
5 0.713874 0.202900 0.037363 0.031400
5 0.959615 0.205350 0.035440 0.030900
5 0.471772 0.384400 0.033929 0.031400
5 0.230769 0.393500 0.036813 0.030000
5 0.229190 0.567900 0.036401 0.030000
5 0.954670 0.932150 0.037363 0.030100
4 0.136951 0.618900 0.197253 0.018400
3 0.618475 0.234200 0.180357 0.019800
0 0.863942 0.896900 0.220742 0.163200
0 0.622871 0.897550 0.224313 0.163300
0 0.377747 0.898150 0.216209 0.160700
0 0.622734 0.727350 0.221566 0.162500
0 0.864629 0.535650 0.222390 0.182300
0 0.628228 0.543400 0.208929 0.166800
0 0.135989 0.540200 0.223077 0.176400
0 0.380082 0.357350 0.217857 0.171100
0 0.138530 0.367350 0.223764 0.155500
0 0.863187 0.354950 0.216484 0.161900
0 0.867926 0.181000 0.218544 0.171000
0 0.625618 0.179600 0.212775 0.169400
0 0.376648 0.182100 0.227473 0.167800
0 0.136607 0.191550 0.214148 0.147900
1 0.213530 0.181300 0.053159 0.014600
1 0.459821 0.184200 0.046566 0.014000
1 0.699176 0.180700 0.045055 0.014600
1 0.948008 0.183400 0.047940 0.014600
1 0.943613 0.352800 0.043544 0.014600
1 0.946978 0.542350 0.051648 0.017300
1 0.703571 0.543450 0.045055 0.015100
1 0.702816 0.363550 0.050962 0.013500
1 0.459821 0.360350 0.050962 0.016700
1 0.461745 0.548750 0.044368 0.015100
3 0.621291 0.953650 0.219780 0.008100
3 0.374725 0.945400 0.177198 0.022000
3 0.132898 0.954800 0.144093 0.009400
3 0.135989 0.780700 0.156319 0.009000
3 0.621223 0.776700 0.172940 0.020600
3 0.866003 0.775750 0.219093 0.025100
3 0.867170 0.593900 0.192033 0.024200
3 0.623489 0.600350 0.132967 0.010300
3 0.375069 0.602050 0.195192 0.010300
3 0.136882 0.595400 0.221016 0.022800
3 0.141758 0.418900 0.209890 0.008600
3 0.383104 0.410550 0.200000 0.025100
3 0.620810 0.414150 0.185302 0.021500
3 0.863530 0.402700 0.211126 0.021600
3 0.864423 0.234450 0.199451 0.021100
3 0.381525 0.239800 0.213599 0.008600
3 0.132280 0.233300 0.176648 0.018800
4 0.130975 0.255300 0.175412 0.018800
4 0.375069 0.256350 0.150137 0.019300
4 0.618613 0.254650 0.195192 0.019300
4 0.868132 0.256400 0.189560 0.019200
4 0.861951 0.426200 0.212912 0.018400
4 0.621291 0.437000 0.168681 0.020200
4 0.374176 0.433900 0.204945 0.018400
4 0.138324 0.437000 0.200000 0.018400
4 0.622184 0.617300 0.163049 0.018800
4 0.867445 0.618250 0.201923 0.017900
4 0.137775 0.799700 0.140934 0.018800
4 0.863805 0.973600 0.217995 0.009000
4 0.626305 0.969300 0.213049 0.018400
5 0.958036 0.564300 0.035027 0.030000
3 0.374176 0.778350 0.217857 0.022100
5 0.466621 0.916650 0.036264 0.030500
5 0.472321 0.571700 0.033929 0.029600
0 0.626717 0.358400 0.222390 0.178600
0 0.136676 0.722450 0.214286 0.177300
1 0.948764 0.720850 0.052473 0.015100
5 0.716003 0.928300 0.035852 0.031400
5 0.227335 0.926900 0.034615 0.028800
5 0.715316 0.741300 0.035577 0.030000
5 0.959821 0.743500 0.037775 0.028200
5 0.714973 0.565600 0.035165 0.030000
5 0.227060 0.744450 0.035714 0.030900
5 0.469849 0.745550 0.035302 0.030500
1 0.221909 0.372100 0.043544 0.012400
5 0.717033 0.386200 0.039560 0.031400
5 0.956044 0.375600 0.032967 0.031800
4 0.374725 0.799650 0.212363 0.019500
4 0.864904 0.798750 0.186126 0.018100
4 0.382143 0.613450 0.193956 0.009300
2 0.647665 0.202500 0.096703 0.030200
2 0.651854 0.385600 0.096016 0.029600
2 0.894093 0.205200 0.097527 0.030200
2 0.889973 0.375900 0.096703 0.031800
2 0.164354 0.568100 0.093819 0.031200
2 0.407418 0.571400 0.095330 0.031200
2 0.649657 0.566250 0.096841 0.030700
2 0.894505 0.564950 0.094505 0.029100
2 0.895261 0.743450 0.096016 0.029100
2 0.650687 0.741300 0.094505 0.030200
2 0.161058 0.743950 0.096016 0.029100
2 0.404396 0.745900 0.096703 0.029600
2 0.159890 0.927050 0.099725 0.030700
2 0.400755 0.916300 0.096841 0.029600
1 0.217995 0.545000 0.050275 0.016200
1 0.214217 0.904500 0.048764 0.014600
2 0.651786 0.928500 0.096703 0.030200
2 0.889354 0.932700 0.096016 0.030200
1 0.944299 0.910700 0.043544 0.013000
1 0.705426 0.906900 0.048764 0.014000
1 0.703640 0.719250 0.053984 0.015100
1 0.455014 0.895100 0.048764 0.014000
1 0.458310 0.723550 0.055357 0.015100
1 0.216415 0.721200 0.045742 0.014600
4 0.126374 0.965900 0.118132 0.009000
4 0.373008 0.968100 0.154533 0.019800
0 0.383036 0.545000 0.211951 0.147400
0 0.867926 0.724450 0.221566 0.170500
0 0.133173 0.905500 0.220742 0.137400
0 0.373764 0.717300 0.230495 0.186600
3 0.859135 0.960150 0.167445 0.007700
2 0.163049 0.203800 0.095330 0.029000
2 0.407280 0.205500 0.097527 0.028600
2 0.165728 0.393100 0.096016 0.029600
2 0.406525 0.382150 0.096016 0.029100
