2 0.232662 0.263950 0.111558 0.036500
1 0.413701 0.666050 0.061169 0.019300
0 0.816169 0.445750 0.309481 0.216500
4 0.515195 0.543500 0.275065 0.013600
2 0.353247 0.693400 0.109610 0.036400
2 0.546494 0.495550 0.109091 0.036300
2 0.859351 0.495350 0.110130 0.036900
2 0.544610 0.263750 0.110260 0.037100
2 0.859416 0.264400 0.111299 0.036800
2 0.827078 0.696900 0.109221 0.037400
4 0.218506 0.312650 0.217792 0.011900
3 0.186883 0.296650 0.281558 0.014700
1 0.605000 0.236200 0.060130 0.018000
1 0.606104 0.467950 0.061039 0.018900
0 0.331883 0.657550 0.263506 0.181100
1 0.292532 0.236600 0.061429 0.018600
0 0.794156 0.655750 0.281039 0.197700
3 0.385000 0.726300 0.149740 0.014000
1 0.887662 0.669450 0.061818 0.018100
3 0.210390 0.527700 0.255325 0.015200
4 0.387338 0.741300 0.143766 0.011200
5 0.626688 0.500000 0.047143 0.031200
0 0.493506 0.460150 0.324416 0.186500
4 0.238442 0.543700 0.197143 0.011400
3 0.506494 0.527800 0.289870 0.014800
5 0.908701 0.702300 0.048831 0.030200
2 0.232792 0.494400 0.110000 0.036800
5 0.434221 0.697650 0.048961 0.029100
0 0.191688 0.223900 0.295584 0.196200
4 0.827468 0.746350 0.190260 0.012900
3 0.820909 0.527400 0.291429 0.015800
5 0.939935 0.499550 0.049221 0.029700
4 0.828831 0.544250 0.275844 0.013900
3 0.819740 0.730100 0.205195 0.015600
5 0.312013 0.499800 0.048182 0.030200
5 0.313052 0.269000 0.047922 0.031400
1 0.291688 0.467300 0.061818 0.018400
0 0.200649 0.450150 0.278442 0.201300
1 0.920195 0.467700 0.060130 0.018200
4 0.875195 0.312750 0.183117 0.011100
3 0.834156 0.297000 0.262078 0.016600
5 0.940130 0.269100 0.047792 0.030800
1 0.919156 0.236900 0.061169 0.018400
0 0.815779 0.223500 0.304545 0.192000
4 0.544610 0.312450 0.190260 0.011700
3 0.535455 0.296750 0.207013 0.013900
5 0.624870 0.267950 0.049481 0.030500
0 0.505260 0.234850 0.290260 0.169700
