5 0.264065 0.271300 0.043226 0.027800
0 0.646645 0.648400 0.211742 0.224000
0 0.389484 0.648450 0.253548 0.225100
0 0.141355 0.648150 0.208903 0.225100
4 0.842774 0.971850 0.159871 0.016300
3 0.802774 0.955250 0.239871 0.016900
5 0.897161 0.927300 0.052645 0.032600
0 0.795419 0.880250 0.263097 0.207100
4 0.562645 0.971550 0.178194 0.017900
3 0.515935 0.954150 0.270065 0.017900
5 0.624645 0.927250 0.052645 0.033700
0 0.518452 0.879150 0.276387 0.207100
4 0.261032 0.969450 0.169806 0.014700
3 0.244516 0.952850 0.204129 0.018500
5 0.315355 0.927000 0.052645 0.033200
0 0.205871 0.879150 0.299484 0.207100
4 0.157935 0.750800 0.169032 0.017400
3 0.157613 0.727450 0.168387 0.030500
0 0.611806 0.420350 0.171226 0.199300
1 0.603548 0.894850 0.061806 0.019100
3 0.665097 0.736650 0.118839 0.018100
1 0.876000 0.894150 0.062194 0.018500
1 0.295806 0.894300 0.061548 0.020200
1 0.623290 0.243850 0.055613 0.016700
1 0.248129 0.242900 0.050323 0.014400
1 0.194968 0.659050 0.061677 0.018500
1 0.445935 0.658450 0.063742 0.018500
1 0.916839 0.658700 0.062581 0.018600
1 0.247613 0.454100 0.051097 0.015400
1 0.476581 0.450200 0.051742 0.016000
1 0.859226 0.442850 0.056258 0.017100
1 0.916129 0.243300 0.051871 0.016200
0 0.194000 0.222500 0.191871 0.191000
3 0.182903 0.296850 0.102065 0.011100
4 0.186000 0.308500 0.095871 0.009200
5 0.641677 0.273550 0.047484 0.031500
3 0.553419 0.297050 0.127484 0.008500
4 0.550387 0.306000 0.155484 0.008800
0 0.855097 0.213400 0.205161 0.202000
5 0.933226 0.271550 0.044774 0.028300
3 0.867419 0.298350 0.101290 0.010900
4 0.863290 0.308600 0.110581 0.009400
0 0.831032 0.424650 0.245032 0.187900
3 0.821935 0.493200 0.137806 0.009400
4 0.824645 0.504200 0.143226 0.014000
1 0.625484 0.452450 0.053806 0.015900
2 0.573419 0.476000 0.091871 0.032400
5 0.877935 0.472750 0.047226 0.031300
2 0.802774 0.468700 0.099484 0.034400
2 0.863419 0.267250 0.092258 0.031700
2 0.567290 0.269650 0.097677 0.034300
0 0.425484 0.420350 0.183613 0.199900
2 0.195097 0.266800 0.092645 0.033600
2 0.133742 0.687950 0.112903 0.038100
2 0.541355 0.923050 0.111613 0.037500
0 0.520710 0.210300 0.326581 0.204000
2 0.814968 0.922700 0.108387 0.038600
2 0.233226 0.923400 0.108774 0.038000
2 0.383935 0.686700 0.110065 0.037400
2 0.617871 0.703300 0.108000 0.037400
2 0.855935 0.686600 0.110581 0.037200
2 0.194452 0.477900 0.092129 0.032200
3 0.440710 0.502500 0.151355 0.008800
5 0.492903 0.478800 0.041032 0.029600
2 0.424129 0.474650 0.092645 0.032100
4 0.596516 0.511900 0.123355 0.010400
1 0.679032 0.675550 0.063871 0.018100
4 0.872581 0.750950 0.183613 0.012700
3 0.880452 0.727150 0.166581 0.034900
5 0.937677 0.692500 0.048516 0.030800
0 0.865484 0.648050 0.199871 0.222900
4 0.184710 0.513950 0.100516 0.009100
3 0.183806 0.502800 0.102323 0.012200
5 0.262710 0.482700 0.041548 0.027200
0 0.184452 0.427350 0.216903 0.186700
4 0.414710 0.512350 0.098839 0.013100
3 0.612774 0.501800 0.088516 0.010400
5 0.643032 0.480000 0.045032 0.029600
5 0.699226 0.707800 0.051613 0.033600
4 0.664710 0.752400 0.119871 0.014000
5 0.465806 0.691600 0.051613 0.034400
3 0.421742 0.726650 0.141806 0.031300
4 0.417290 0.750350 0.151484 0.015100
