5 0.628394 0.317600 0.049478 0.034000
1 0.425196 0.551000 0.059530 0.016400
3 0.573564 0.344850 0.133551 0.015500
4 0.223368 0.360100 0.175457 0.009200
3 0.223695 0.343400 0.176893 0.015800
5 0.943211 0.317050 0.049869 0.031900
1 0.925196 0.284450 0.056658 0.019100
1 0.607115 0.283650 0.057572 0.014900
5 0.296410 0.318300 0.046867 0.035000
1 0.921018 0.817550 0.065274 0.017700
0 0.284465 0.520250 0.369974 0.225300
4 0.872585 0.359350 0.165535 0.010300
3 0.851436 0.343800 0.209138 0.013400
4 0.587076 0.359750 0.106789 0.008900
3 0.190992 0.878950 0.239687 0.014900
0 0.824739 0.776350 0.284987 0.254300
3 0.511619 0.878500 0.189817 0.015600
1 0.275131 0.284100 0.060966 0.017600
4 0.317102 0.626800 0.280418 0.011000
0 0.195953 0.792150 0.259530 0.228300
5 0.909543 0.582550 0.046449 0.031900
0 0.784987 0.505850 0.299478 0.256700
0 0.506658 0.775300 0.228198 0.250800
1 0.890339 0.550250 0.055875 0.016300
1 0.277872 0.817450 0.058355 0.017300
2 0.824021 0.578500 0.101305 0.038200
2 0.859465 0.312000 0.108486 0.036000
2 0.544778 0.312000 0.106789 0.036600
0 0.838251 0.241150 0.259791 0.250900
0 0.527676 0.238350 0.253786 0.255900
2 0.509987 0.845500 0.106397 0.036600
0 0.187794 0.242150 0.271149 0.251100
2 0.216319 0.311800 0.109138 0.036800
2 0.858681 0.846000 0.108225 0.037000
4 0.512924 0.894050 0.185901 0.011500
5 0.442689 0.583400 0.050131 0.030400
5 0.590470 0.851150 0.046736 0.033300
5 0.295431 0.849050 0.045953 0.030500
3 0.821932 0.612900 0.203916 0.016800
5 0.939883 0.851300 0.046606 0.031000
3 0.278329 0.612300 0.355091 0.016800
4 0.829634 0.627350 0.186684 0.011300
4 0.193473 0.893750 0.236292 0.012300
2 0.359791 0.578650 0.105744 0.037500
2 0.214621 0.844900 0.106005 0.036600
4 0.846149 0.894050 0.216841 0.010900
3 0.848172 0.878300 0.215405 0.018800
1 0.572911 0.818350 0.060183 0.017900
