2 0.202822 0.397900 0.082344 0.024400
3 0.157164 0.425850 0.095514 0.009500
3 0.391100 0.425800 0.144573 0.010000
3 0.710130 0.435500 0.190449 0.011000
3 0.420260 0.255700 0.112301 0.008200
2 0.420912 0.400850 0.082344 0.024700
1 0.453039 0.905700 0.045007 0.011000
1 0.688278 0.913200 0.043415 0.010400
1 0.930753 0.905950 0.041245 0.010900
2 0.887482 0.923750 0.082055 0.024500
2 0.643994 0.931100 0.081331 0.024400
2 0.407670 0.923000 0.081621 0.024000
3 0.149638 0.594550 0.140376 0.009700
2 0.194501 0.560700 0.082779 0.025600
2 0.429161 0.567450 0.080029 0.025100
2 0.866860 0.567450 0.081621 0.025300
2 0.877569 0.735950 0.081621 0.025300
1 0.707959 0.547200 0.041968 0.009800
4 0.167873 0.267650 0.186686 0.015700
4 0.420188 0.264300 0.133575 0.007000
4 0.710564 0.447100 0.218524 0.009200
4 0.390955 0.435750 0.219247 0.007100
4 0.157091 0.435900 0.137916 0.006800
4 0.149783 0.605200 0.208973 0.006600
3 0.617438 0.763800 0.100289 0.009600
3 0.851447 0.764500 0.195224 0.008400
3 0.851230 0.593000 0.135166 0.010800
3 0.617438 0.592450 0.162518 0.010300
3 0.383213 0.592500 0.143849 0.010800
0 0.844501 0.532700 0.184226 0.151800
0 0.618886 0.532500 0.227641 0.156800
0 0.391896 0.534050 0.214472 0.150900
0 0.153835 0.546850 0.222287 0.129100
3 0.852315 0.948750 0.163386 0.019300
3 0.613748 0.953600 0.126773 0.007600
3 0.380101 0.947450 0.214327 0.018900
3 0.148770 0.949950 0.141534 0.018700
3 0.149928 0.765650 0.115774 0.008900
3 0.383502 0.764000 0.177424 0.010000
3 0.168162 0.249550 0.157164 0.017300
5 0.716932 0.736300 0.028365 0.025200
0 0.167294 0.375900 0.215051 0.131800
0 0.392041 0.360250 0.222287 0.165900
0 0.743343 0.289500 0.418669 0.326000
0 0.405716 0.189150 0.192041 0.168100
4 0.149638 0.776650 0.155427 0.007500
4 0.383719 0.778700 0.174385 0.016000
5 0.267728 0.223700 0.029233 0.025600
5 0.238712 0.925600 0.029957 0.025400
5 0.248698 0.743050 0.029088 0.025500
5 0.483140 0.738450 0.027641 0.025100
5 0.931404 0.736000 0.028944 0.025400
5 0.928075 0.386700 0.046889 0.037600
5 0.484443 0.231000 0.031404 0.025400
5 0.257381 0.398000 0.028799 0.024400
5 0.249204 0.560650 0.028075 0.025500
5 0.482634 0.567500 0.030101 0.025000
0 0.166208 0.193000 0.238061 0.171200
5 0.716208 0.564700 0.029522 0.025000
5 0.921274 0.567600 0.028654 0.025400
5 0.461722 0.923350 0.027352 0.023700
5 0.698263 0.931300 0.026339 0.025000
5 0.942258 0.923500 0.029522 0.024800
5 0.476194 0.400900 0.029667 0.024400
0 0.387482 0.707700 0.227352 0.163400
0 0.156151 0.719500 0.221708 0.130400
0 0.615412 0.889100 0.196671 0.161800
0 0.149276 0.892650 0.212590 0.176700
0 0.380535 0.889150 0.222721 0.182300
1 0.238205 0.725400 0.042258 0.009800
1 0.227641 0.907250 0.041389 0.011500
0 0.851230 0.888400 0.220550 0.185400
4 0.384443 0.602350 0.200434 0.007700
4 0.616787 0.602200 0.223444 0.006800
4 0.850579 0.602550 0.158466 0.007500
2 0.429088 0.738600 0.081621 0.025000
2 0.195080 0.742950 0.081621 0.025300
2 0.184805 0.925450 0.081621 0.025300
1 0.913025 0.359350 0.072359 0.017300
1 0.475977 0.213200 0.043126 0.010200
2 0.213314 0.223650 0.081621 0.025300
2 0.430246 0.231250 0.081621 0.025300
1 0.255933 0.205800 0.039797 0.010200
2 0.843343 0.386600 0.123734 0.037200
2 0.662663 0.564700 0.081621 0.024800
1 0.247395 0.381200 0.037482 0.009400
1 0.237916 0.542750 0.040232 0.010300
1 0.473444 0.549300 0.045007 0.011400
1 0.913314 0.550150 0.042258 0.009500
1 0.463676 0.383400 0.043126 0.010200
0 0.618162 0.715600 0.229667 0.130400
1 0.473806 0.720300 0.042258 0.011400
1 0.707019 0.718350 0.045007 0.010500
1 0.921346 0.718050 0.036324 0.010500
2 0.663097 0.736150 0.081621 0.025300
0 0.851737 0.724150 0.223878 0.111500
4 0.617438 0.774000 0.150072 0.007000
4 0.851375 0.773550 0.218234 0.007500
4 0.150072 0.969000 0.176266 0.015400
4 0.380318 0.966650 0.216787 0.015700
4 0.613603 0.962800 0.189001 0.008000
4 0.852388 0.968750 0.213025 0.015500
