5 0.963462 0.151150 0.031044 0.026500
5 0.474107 0.636100 0.037225 0.030200
4 0.634684 0.674800 0.086126 0.007000
4 0.138599 0.680950 0.134066 0.010100
4 0.139629 0.888550 0.219093 0.010100
4 0.379945 0.488550 0.229670 0.007700
3 0.141277 0.276050 0.145742 0.020900
3 0.608585 0.279150 0.102060 0.010100
5 0.473832 0.249600 0.035302 0.031000
5 0.233860 0.240250 0.027885 0.023900
5 0.234684 0.171850 0.027885 0.023900
2 0.790522 0.451000 0.076648 0.024000
2 0.911264 0.452200 0.075549 0.024800
2 0.665041 0.150200 0.078709 0.024800
2 0.666140 0.204400 0.078709 0.024800
2 0.909066 0.204400 0.081868 0.023200
2 0.908585 0.151000 0.078709 0.024800
2 0.909135 0.254300 0.079808 0.025600
2 0.663942 0.255100 0.078709 0.024000
2 0.182624 0.171850 0.077610 0.021700
1 0.221016 0.423650 0.049725 0.013100
1 0.703503 0.428300 0.042170 0.015000
1 0.948764 0.614800 0.052747 0.015400
1 0.709890 0.817650 0.044780 0.013100
1 0.590591 0.814550 0.040797 0.012900
1 0.463393 0.806900 0.049588 0.014000
1 0.218544 0.820400 0.047253 0.015000
1 0.832486 0.829050 0.031731 0.010100
1 0.953640 0.827350 0.036951 0.010300
3 0.139148 0.871300 0.158516 0.024000
0 0.615865 0.210250 0.237225 0.170300
1 0.713118 0.624800 0.030632 0.012200
1 0.711813 0.582950 0.028022 0.010300
1 0.711126 0.537900 0.031868 0.011200
1 0.461607 0.422600 0.046016 0.014800
5 0.841346 0.845950 0.030220 0.024100
1 0.219162 0.615500 0.038324 0.014000
1 0.954258 0.133300 0.043407 0.012200
1 0.831731 0.435350 0.035714 0.008700
3 0.867170 0.668650 0.167582 0.014500
3 0.380975 0.477700 0.144643 0.010800
3 0.384409 0.282350 0.110302 0.011300
4 0.140659 0.293900 0.210714 0.008600
4 0.383173 0.293300 0.155357 0.008000
4 0.624176 0.488900 0.220055 0.008400
4 0.140041 0.488900 0.107555 0.008600
4 0.384753 0.686200 0.167033 0.019800
4 0.867926 0.680900 0.191896 0.011400
5 0.232280 0.842400 0.036813 0.031000
5 0.231319 0.636900 0.035714 0.031800
5 0.721223 0.641500 0.030082 0.025600
5 0.233242 0.444800 0.038187 0.031800
5 0.962569 0.203700 0.027335 0.023200
5 0.963118 0.255100 0.029808 0.025200
5 0.718338 0.254450 0.028434 0.026500
5 0.719368 0.204400 0.029945 0.025800
5 0.964011 0.451300 0.031593 0.025000
5 0.960440 0.637100 0.037088 0.032200
5 0.721016 0.598650 0.027198 0.024900
5 0.719986 0.553350 0.028434 0.024900
5 0.601236 0.832850 0.029670 0.024300
3 0.384959 0.859050 0.150137 0.024300
0 0.385783 0.212600 0.213324 0.170400
0 0.624313 0.406600 0.224451 0.179000
0 0.866003 0.414650 0.231181 0.171900
0 0.864973 0.215750 0.235714 0.179700
0 0.383929 0.607150 0.227198 0.178900
0 0.146978 0.603800 0.205220 0.165800
0 0.142170 0.806150 0.226374 0.179500
1 0.462225 0.614750 0.039560 0.014300
1 0.953640 0.433400 0.036951 0.012200
1 0.708585 0.237350 0.036951 0.010300
1 0.955563 0.235000 0.040797 0.009400
1 0.955563 0.187150 0.038324 0.010300
3 0.869986 0.873700 0.168819 0.014000
2 0.789011 0.845700 0.077473 0.024400
2 0.910508 0.844950 0.077060 0.025500
2 0.893681 0.637600 0.097802 0.031800
2 0.409547 0.444800 0.099038 0.031000
4 0.863942 0.887000 0.219093 0.010000
4 0.867102 0.490900 0.221291 0.018600
3 0.868681 0.278350 0.222253 0.010100
3 0.139011 0.477750 0.098901 0.009300
3 0.866621 0.473900 0.198901 0.012400
3 0.634272 0.663500 0.080907 0.010800
3 0.140179 0.669350 0.128709 0.010100
3 0.622527 0.864100 0.182967 0.024800
2 0.410852 0.829700 0.097802 0.031800
2 0.548558 0.832400 0.077610 0.023200
2 0.665041 0.834750 0.078709 0.021700
2 0.670330 0.642300 0.074451 0.024000
2 0.670879 0.598900 0.075549 0.024000
2 0.670330 0.553600 0.074451 0.023200
2 0.408723 0.638000 0.095742 0.031000
2 0.166140 0.636900 0.095742 0.030200
2 0.165659 0.444400 0.098901 0.029400
2 0.181113 0.240800 0.078709 0.023200
2 0.166662 0.842690 0.097802 0.031800
0 0.135646 0.212200 0.224313 0.176800
3 0.384890 0.669650 0.220055 0.012100
4 0.622390 0.885800 0.170330 0.020200
5 0.963668 0.844800 0.031456 0.024800
5 0.718750 0.834900 0.032830 0.025200
0 0.621291 0.809150 0.229670 0.178300
0 0.866690 0.605450 0.228434 0.167900
5 0.476511 0.444500 0.036538 0.031600
5 0.717239 0.450800 0.035852 0.029800
5 0.843132 0.452150 0.029396 0.026300
0 0.140522 0.410100 0.229121 0.169000
3 0.622459 0.476450 0.185027 0.014900
2 0.651786 0.450600 0.098901 0.031000
2 0.410783 0.250100 0.095742 0.031000
4 0.607624 0.289150 0.153159 0.010100
4 0.866552 0.294600 0.145742 0.019400
5 0.716140 0.149550 0.032830 0.024500
0 0.865453 0.806900 0.233379 0.172000
0 0.625069 0.604300 0.230357 0.150200
1 0.709890 0.131800 0.029396 0.011200
1 0.225481 0.154200 0.038324 0.009400
1 0.225481 0.223800 0.038324 0.011200
1 0.466071 0.227100 0.039560 0.012200
1 0.711195 0.185750 0.034478 0.007500
0 0.381250 0.808400 0.222115 0.173000
0 0.381319 0.406950 0.236264 0.171900
4 0.384753 0.882500 0.164835 0.019800
5 0.475481 0.828450 0.034478 0.027900
