5 0.892278 0.315550 0.048391 0.031900
2 0.530631 0.625700 0.109653 0.036600
2 0.511326 0.900600 0.109395 0.036600
2 0.179665 0.900250 0.109910 0.037700
2 0.849035 0.900550 0.110682 0.037700
2 0.452960 0.310500 0.111840 0.036200
3 0.475097 0.342600 0.165637 0.015600
4 0.451995 0.359200 0.212098 0.009400
0 0.804247 0.254300 0.234492 0.222000
1 0.872973 0.282700 0.061776 0.018600
5 0.300000 0.630250 0.047362 0.030700
3 0.857272 0.342650 0.122265 0.016100
4 0.847426 0.358900 0.145045 0.009800
0 0.197555 0.559400 0.261519 0.246800
1 0.280309 0.597500 0.061776 0.018000
4 0.232304 0.674550 0.187902 0.011300
3 0.571943 0.658750 0.106821 0.012300
4 0.565444 0.674700 0.120592 0.008800
0 0.834813 0.558750 0.240798 0.243900
5 0.533140 0.315150 0.048263 0.031300
0 0.181532 0.836450 0.211712 0.239100
5 0.611326 0.630600 0.048391 0.030000
0 0.517761 0.557400 0.238353 0.246800
3 0.198970 0.658500 0.254569 0.015000
1 0.590541 0.598100 0.062934 0.019200
0 0.803732 0.836550 0.311712 0.240900
0 0.495431 0.840900 0.251351 0.230200
1 0.905341 0.598000 0.062162 0.019600
5 0.925418 0.630650 0.048777 0.029500
5 0.928893 0.905400 0.048005 0.031400
1 0.513320 0.282950 0.060875 0.019500
0 0.350064 0.256000 0.420335 0.223800
4 0.865444 0.949800 0.183655 0.011600
3 0.861647 0.932900 0.186358 0.014400
1 0.908816 0.872300 0.060360 0.018200
4 0.521815 0.948500 0.193951 0.011600
3 0.532754 0.932850 0.169241 0.015500
5 0.592342 0.905550 0.048005 0.031300
1 0.572587 0.872950 0.061261 0.018700
4 0.219755 0.948650 0.131145 0.011100
3 0.196525 0.932300 0.175804 0.016200
5 0.259781 0.904900 0.048263 0.031600
1 0.239511 0.872600 0.061776 0.018600
4 0.844595 0.674250 0.215315 0.009700
3 0.838160 0.657900 0.230245 0.013400
2 0.845431 0.626100 0.110425 0.036000
2 0.219627 0.625450 0.110039 0.037700
2 0.812741 0.310300 0.111969 0.036600
