3 0.766645 0.953350 0.293342 0.014300
4 0.760444 0.969600 0.303394 0.012200
5 0.316188 0.706600 0.049347 0.030400
3 0.224151 0.735150 0.210444 0.015500
0 0.319778 0.887100 0.352089 0.184200
4 0.338838 0.529700 0.224935 0.010600
4 0.359856 0.968850 0.241906 0.011100
0 0.522193 0.219100 0.272846 0.192200
0 0.728982 0.896900 0.381462 0.167800
0 0.820235 0.674700 0.298695 0.165200
0 0.498303 0.669900 0.284856 0.174200
0 0.197063 0.659750 0.294648 0.209300
0 0.745039 0.450600 0.402350 0.178400
0 0.848956 0.216800 0.242820 0.208200
0 0.265927 0.445950 0.402611 0.190900
5 0.945822 0.270750 0.046997 0.028700
1 0.927872 0.236250 0.060966 0.017500
1 0.609399 0.233150 0.057180 0.017300
1 0.291188 0.205200 0.060966 0.020600
5 0.613708 0.705600 0.047258 0.029600
1 0.594060 0.673300 0.058355 0.017200
3 0.515144 0.292850 0.256658 0.020500
4 0.555157 0.308700 0.175065 0.009800
3 0.259791 0.515250 0.384073 0.015700
3 0.865274 0.295850 0.191123 0.013700
5 0.309987 0.236600 0.050000 0.031600
5 0.891319 0.926050 0.050783 0.031500
3 0.229308 0.273400 0.191514 0.027800
4 0.232637 0.303850 0.184856 0.026900
3 0.813120 0.514750 0.243473 0.017100
4 0.829439 0.530950 0.211358 0.010900
4 0.245757 0.750050 0.168799 0.011500
3 0.506201 0.735300 0.243995 0.014600
4 0.511749 0.749700 0.233159 0.012200
3 0.817232 0.735100 0.281984 0.016000
4 0.820627 0.749900 0.276501 0.012200
3 0.390405 0.954300 0.178721 0.016000
5 0.436097 0.485650 0.045822 0.028100
4 0.858486 0.312260 0.204961 0.011200
5 0.628916 0.265600 0.048433 0.033400
1 0.295627 0.673900 0.061749 0.017600
5 0.919648 0.488450 0.049739 0.031700
2 0.532050 0.701450 0.109269 0.037500
2 0.233225 0.702200 0.106919 0.036000
2 0.546475 0.261000 0.106527 0.036400
2 0.226762 0.232700 0.106527 0.035400
0 0.187924 0.227000 0.301958 0.185000
2 0.864426 0.263900 0.107963 0.035400
2 0.838577 0.482350 0.106397 0.036900
2 0.354896 0.481500 0.106919 0.037200
2 0.806854 0.919900 0.104830 0.036000
2 0.382180 0.920800 0.105614 0.037200
2 0.861945 0.701850 0.106397 0.035300
1 0.923564 0.674800 0.060966 0.019600
5 0.943603 0.705750 0.046736 0.028900
1 0.445366 0.893150 0.056789 0.017900
5 0.465992 0.924950 0.051044 0.029500
1 0.870888 0.893000 0.055875 0.017000
1 0.899413 0.454150 0.062272 0.016500
1 0.417689 0.453250 0.058094 0.016300
