5 0.446454 0.652950 0.029522 0.024300
5 0.712446 0.927950 0.029233 0.024300
5 0.823734 0.918700 0.024891 0.019000
5 0.484298 0.480950 0.028220 0.024700
5 0.241317 0.479350 0.028799 0.024900
5 0.241823 0.354650 0.032127 0.024700
1 0.475543 0.462800 0.045152 0.011400
1 0.234370 0.191350 0.043560 0.009500
4 0.155137 0.830450 0.207525 0.014500
4 0.387699 0.830750 0.186107 0.014700
4 0.619320 0.828050 0.202460 0.007100
4 0.846889 0.832750 0.123878 0.016700
4 0.848263 0.677050 0.178148 0.008300
4 0.616932 0.683100 0.210999 0.015200
4 0.272431 0.687500 0.355282 0.008000
4 0.150289 0.526750 0.159913 0.016100
4 0.383864 0.527300 0.187699 0.016000
4 0.618452 0.526950 0.224168 0.015500
4 0.852967 0.527500 0.214761 0.015800
4 0.721925 0.383100 0.233719 0.021800
4 0.388278 0.393850 0.137482 0.016300
4 0.145441 0.394850 0.167873 0.016300
4 0.378654 0.248750 0.152967 0.015500
4 0.151954 0.248350 0.175398 0.016300
3 0.152750 0.234850 0.216643 0.011300
5 0.930535 0.917550 0.022576 0.018700
2 0.659841 0.634900 0.082055 0.024400
2 0.893126 0.640400 0.081187 0.025200
2 0.883647 0.489700 0.080753 0.024600
2 0.650072 0.488150 0.081910 0.024500
2 0.429305 0.481200 0.081766 0.024800
2 0.186758 0.479050 0.082344 0.024300
1 0.704776 0.617100 0.044863 0.010400
5 0.710854 0.634750 0.035601 0.024900
5 0.943560 0.640400 0.035022 0.025000
1 0.938929 0.622200 0.041389 0.011200
5 0.915123 0.331450 0.053980 0.037900
5 0.934877 0.489700 0.034732 0.024800
1 0.927062 0.472000 0.042836 0.010400
1 0.694790 0.470700 0.047757 0.010800
5 0.478220 0.351600 0.029957 0.024600
1 0.232200 0.461450 0.047033 0.010900
1 0.905716 0.303850 0.071346 0.017300
5 0.700000 0.488200 0.035890 0.024800
2 0.187265 0.354700 0.081621 0.024600
2 0.423734 0.351100 0.081331 0.024600
2 0.421563 0.208950 0.081331 0.024500
2 0.189146 0.208400 0.079595 0.024800
1 0.468307 0.333400 0.042836 0.011000
1 0.231476 0.336950 0.042692 0.011100
2 0.835094 0.331500 0.126049 0.038000
3 0.379088 0.234750 0.162808 0.009500
5 0.475977 0.208800 0.027496 0.023000
5 0.243705 0.208450 0.029233 0.023900
1 0.468090 0.190950 0.040666 0.010900
3 0.614689 0.953700 0.198987 0.009800
3 0.393705 0.964650 0.181331 0.008900
3 0.156802 0.964750 0.185673 0.009100
5 0.917077 0.793350 0.028075 0.023900
0 0.754631 0.260150 0.412880 0.273300
0 0.393488 0.471150 0.213314 0.133700
3 0.622865 0.665650 0.215051 0.019700
3 0.274674 0.676600 0.249204 0.010200
3 0.154703 0.817750 0.221129 0.009500
3 0.387048 0.817650 0.216643 0.008900
3 0.619247 0.817850 0.170767 0.008900
3 0.847178 0.818250 0.218524 0.009700
3 0.849059 0.667500 0.187844 0.008600
3 0.847033 0.940550 0.169609 0.020300
3 0.723372 0.362400 0.330101 0.013400
3 0.388567 0.379250 0.212446 0.010300
3 0.145658 0.380350 0.185673 0.008900
3 0.150796 0.507800 0.128799 0.018600
3 0.384370 0.507050 0.191317 0.018300
3 0.618234 0.512450 0.218813 0.009500
3 0.852822 0.513100 0.209262 0.009200
0 0.151954 0.773800 0.226918 0.134400
0 0.158466 0.914900 0.232417 0.128800
0 0.389797 0.916000 0.213748 0.125000
0 0.617511 0.908650 0.221997 0.137500
0 0.846744 0.911300 0.223444 0.136400
4 0.846744 0.963600 0.198263 0.023200
4 0.614978 0.967850 0.215774 0.014700
4 0.390014 0.973050 0.211288 0.007300
4 0.158394 0.973500 0.229957 0.007600
2 0.886686 0.917100 0.063965 0.020200
2 0.862952 0.793000 0.081042 0.024200
2 0.664110 0.790500 0.082489 0.024200
2 0.426339 0.792150 0.081331 0.024900
2 0.188278 0.793050 0.082779 0.024700
2 0.391534 0.653100 0.082055 0.025000
1 0.702750 0.910150 0.046889 0.011300
1 0.817366 0.904400 0.036469 0.009000
1 0.922504 0.903650 0.033719 0.009300
1 0.908466 0.775200 0.046454 0.011800
1 0.709841 0.772600 0.046599 0.011600
1 0.457236 0.923050 0.041245 0.010700
1 0.242764 0.924450 0.047033 0.011300
1 0.469971 0.774300 0.038929 0.010400
1 0.233357 0.775200 0.045586 0.010400
1 0.436035 0.635500 0.046310 0.009800
2 0.198336 0.942500 0.082055 0.024800
2 0.415195 0.940500 0.081621 0.025400
2 0.658104 0.927800 0.080897 0.024400
2 0.781187 0.918600 0.064834 0.019000
0 0.149711 0.471500 0.213748 0.135200
0 0.618813 0.470100 0.226918 0.132600
0 0.852894 0.476250 0.219247 0.122300
0 0.385962 0.333900 0.223734 0.141000
0 0.153329 0.333200 0.211433 0.140400
0 0.385528 0.182650 0.214761 0.155500
0 0.152750 0.182550 0.221852 0.154900
0 0.621129 0.765250 0.226918 0.137900
5 0.469754 0.940950 0.029233 0.024500
5 0.253401 0.942150 0.029522 0.024100
5 0.242836 0.792900 0.030101 0.024400
5 0.480535 0.791750 0.029957 0.024500
5 0.719609 0.790400 0.028220 0.023600
0 0.278365 0.621550 0.370043 0.143500
0 0.617294 0.623250 0.229088 0.140900
0 0.854993 0.611450 0.216498 0.144700
0 0.846454 0.766400 0.221418 0.153000
0 0.381621 0.775100 0.231259 0.131800
