1 0.948420 0.727450 0.046841 0.013900
1 0.704739 0.721700 0.053159 0.017800
3 0.137843 0.231800 0.202060 0.023000
3 0.627060 0.230000 0.210440 0.024000
0 0.377747 0.722500 0.230769 0.174200
1 0.211882 0.902450 0.045742 0.013900
1 0.460165 0.896750 0.051099 0.014700
1 0.702679 0.891650 0.053159 0.015500
1 0.944643 0.892850 0.058516 0.016300
1 0.218201 0.722450 0.054258 0.014700
0 0.629258 0.362100 0.214835 0.173600
0 0.865865 0.355600 0.231456 0.169800
0 0.870673 0.175800 0.210577 0.157200
0 0.624245 0.182350 0.220742 0.167100
0 0.380288 0.181900 0.231731 0.167800
2 0.893063 0.916450 0.095742 0.034100
1 0.462843 0.735250 0.054258 0.015500
3 0.860508 0.418500 0.201236 0.009400
3 0.625343 0.412450 0.160027 0.023300
3 0.135783 0.409000 0.204258 0.011400
3 0.378297 0.591050 0.214835 0.012300
5 0.230495 0.203250 0.038736 0.032700
4 0.624245 0.618900 0.229258 0.020400
4 0.371360 0.608850 0.185027 0.020500
0 0.625275 0.545400 0.235165 0.173200
0 0.377747 0.540250 0.222253 0.162900
0 0.142651 0.549000 0.211676 0.182000
0 0.138255 0.358900 0.222665 0.167200
0 0.379876 0.357400 0.231731 0.173400
1 0.945192 0.364750 0.051099 0.016300
1 0.705907 0.361650 0.051099 0.016300
1 0.464492 0.361250 0.055357 0.013900
1 0.215522 0.181250 0.048901 0.014700
1 0.459135 0.184750 0.044643 0.015500
1 0.707486 0.178550 0.047940 0.013900
1 0.946291 0.183600 0.048901 0.013200
1 0.704808 0.554850 0.051099 0.013900
1 0.462294 0.547100 0.053159 0.017000
1 0.220948 0.365550 0.055357 0.016300
1 0.217720 0.542100 0.051099 0.013200
4 0.136882 0.623700 0.194643 0.028600
4 0.864835 0.618000 0.157418 0.018600
1 0.944712 0.545150 0.045742 0.016300
4 0.861126 0.791750 0.164835 0.008500
4 0.137431 0.796100 0.195742 0.018600
3 0.131525 0.950200 0.212775 0.011600
3 0.376168 0.947050 0.227610 0.020900
3 0.626168 0.947000 0.178709 0.024000
3 0.859615 0.778950 0.115934 0.010100
3 0.627198 0.771650 0.217033 0.026300
3 0.138942 0.593600 0.202060 0.024800
3 0.624519 0.601300 0.203159 0.010800
3 0.860577 0.594300 0.164835 0.018600
3 0.375137 0.411150 0.200000 0.019300
5 0.715522 0.200500 0.038736 0.031400
5 0.472321 0.383950 0.036401 0.030100
5 0.955357 0.749250 0.040385 0.029500
5 0.957486 0.916450 0.038324 0.027900
5 0.223558 0.923450 0.036126 0.027900
4 0.863874 0.243550 0.174451 0.010100
0 0.874382 0.714300 0.200962 0.162600
0 0.142651 0.724400 0.211676 0.164200
0 0.376717 0.897950 0.228709 0.165900
2 0.407005 0.757700 0.093681 0.031000
2 0.651580 0.744200 0.095742 0.031800
2 0.894643 0.750800 0.098901 0.031000
4 0.134615 0.426800 0.181593 0.021400
4 0.625069 0.437300 0.188324 0.020800
4 0.864973 0.432150 0.226099 0.009300
4 0.623901 0.251750 0.209341 0.021700
0 0.133036 0.895300 0.217995 0.171400
4 0.372940 0.251550 0.198901 0.020500
4 0.137431 0.254200 0.222390 0.020600
5 0.472527 0.758950 0.038187 0.028700
5 0.229464 0.746950 0.035027 0.029500
5 0.229808 0.564400 0.035440 0.031400
5 0.472321 0.569350 0.037775 0.030500
5 0.716140 0.577850 0.033929 0.030500
2 0.893063 0.206400 0.095742 0.031000
2 0.651099 0.200600 0.092582 0.031800
3 0.868613 0.230400 0.170192 0.009400
0 0.626168 0.725650 0.221291 0.165100
3 0.375069 0.234600 0.178709 0.011600
2 0.648970 0.915300 0.096841 0.031800
2 0.407074 0.920300 0.095742 0.031000
2 0.159684 0.924550 0.094643 0.030300
2 0.164423 0.746450 0.097802 0.031700
5 0.229396 0.387300 0.037363 0.029600
5 0.473077 0.207650 0.037363 0.030500
5 0.717308 0.383350 0.035440 0.030500
5 0.958173 0.387600 0.036126 0.030000
5 0.957624 0.207000 0.037500 0.030000
0 0.138668 0.182150 0.227060 0.169900
2 0.894712 0.566450 0.094643 0.032500
2 0.652679 0.576900 0.095742 0.030200
2 0.407074 0.570700 0.095742 0.031800
2 0.165041 0.564600 0.096841 0.031800
2 0.164492 0.387600 0.095742 0.031000
2 0.164423 0.204100 0.097802 0.029400
2 0.892514 0.386400 0.094643 0.030200
5 0.957486 0.567100 0.032555 0.029600
4 0.378503 0.433050 0.224038 0.019900
2 0.407074 0.206800 0.095742 0.028600
2 0.407005 0.385300 0.097802 0.031000
2 0.652129 0.382950 0.096841 0.032500
3 0.377610 0.779750 0.228297 0.011700
3 0.136332 0.773650 0.162775 0.022900
3 0.866071 0.945550 0.207967 0.024100
4 0.865453 0.968650 0.188324 0.020500
4 0.625343 0.969500 0.216621 0.018600
4 0.377335 0.969200 0.222253 0.020600
4 0.133448 0.968150 0.204808 0.020900
4 0.383723 0.798800 0.152335 0.019400
4 0.626030 0.795450 0.209478 0.019900
0 0.871291 0.541250 0.205220 0.177300
5 0.712912 0.916150 0.034066 0.030300
5 0.471909 0.919950 0.037500 0.030300
5 0.716277 0.744950 0.035852 0.030300
0 0.869093 0.892900 0.215934 0.175800
0 0.626923 0.899200 0.220604 0.163800
