4 0.851966 0.958900 0.111796 0.011000
5 0.630472 0.268400 0.046265 0.030200
0 0.216776 0.872700 0.258191 0.190800
0 0.807077 0.877450 0.230931 0.181500
4 0.854980 0.523750 0.183617 0.026700
4 0.208257 0.748750 0.228047 0.008900
4 0.542005 0.532050 0.206422 0.011300
5 0.923526 0.267600 0.046003 0.031000
5 0.308847 0.487700 0.050197 0.032200
3 0.220315 0.920200 0.224115 0.030000
3 0.549410 0.919800 0.173263 0.031400
3 0.812844 0.732450 0.271035 0.015100
4 0.821298 0.747700 0.252818 0.010800
5 0.308060 0.691950 0.046003 0.032500
4 0.544233 0.948950 0.183093 0.026700
5 0.891874 0.915150 0.044823 0.033300
4 0.536763 0.747550 0.205898 0.011500
3 0.507143 0.732750 0.266710 0.015900
4 0.574640 0.311850 0.140891 0.011300
3 0.537877 0.296500 0.215727 0.015400
3 0.823788 0.943050 0.171035 0.014500
5 0.621560 0.883300 0.050197 0.034800
5 0.315269 0.884600 0.049148 0.029400
5 0.931586 0.704800 0.050328 0.032000
1 0.904522 0.234050 0.059371 0.019500
1 0.289450 0.455800 0.057012 0.013800
1 0.913827 0.423050 0.053342 0.018300
1 0.289777 0.657550 0.056619 0.017500
5 0.311206 0.269650 0.053604 0.031100
1 0.290891 0.236150 0.057274 0.014500
0 0.200000 0.441000 0.271822 0.200000
0 0.197837 0.666600 0.276147 0.180000
0 0.513041 0.663350 0.283486 0.184300
5 0.627982 0.705450 0.050983 0.034500
1 0.610813 0.441250 0.052294 0.018300
3 0.847837 0.294950 0.178244 0.013500
4 0.252163 0.311200 0.146003 0.012000
3 0.191743 0.724500 0.259502 0.027800
1 0.912647 0.671100 0.054128 0.017400
1 0.610747 0.670800 0.043775 0.017400
3 0.222412 0.295600 0.206553 0.017200
5 0.934600 0.456800 0.046920 0.028400
5 0.629817 0.473150 0.049148 0.030700
3 0.841153 0.493650 0.214417 0.031500
4 0.248558 0.530650 0.150590 0.011100
0 0.817366 0.215200 0.278506 0.206400
4 0.220609 0.950875 0.226933 0.028450
0 0.549017 0.434450 0.223591 0.213500
3 0.559502 0.508550 0.173263 0.029300
3 0.228113 0.515700 0.189384 0.014400
4 0.837877 0.310150 0.198952 0.011100
1 0.612123 0.236850 0.054915 0.016900
1 0.874574 0.883650 0.056619 0.019500
1 0.601900 0.848800 0.056488 0.016400
1 0.297510 0.853250 0.062385 0.016700
0 0.817693 0.657700 0.284142 0.196000
2 0.549934 0.263800 0.107471 0.035800
2 0.545937 0.700800 0.108650 0.038200
2 0.225950 0.685750 0.106160 0.036500
2 0.851245 0.452050 0.110616 0.036700
2 0.548231 0.469000 0.103801 0.036000
2 0.226278 0.483500 0.107339 0.035600
2 0.840760 0.262700 0.107995 0.035000
2 0.811337 0.910600 0.110223 0.036800
2 0.537549 0.877600 0.106815 0.037400
2 0.849803 0.699600 0.103539 0.036000
2 0.233945 0.879600 0.105898 0.036600
2 0.228375 0.264700 0.107339 0.036400
0 0.229423 0.234200 0.224246 0.170800
0 0.534731 0.217850 0.239581 0.202300
0 0.819528 0.434600 0.282831 0.208000
0 0.537353 0.868450 0.237221 0.189900
