4 0.622182 0.685950 0.203953 0.007700
2 0.175695 0.933100 0.086091 0.026600
2 0.416911 0.937850 0.082723 0.025500
2 0.896413 0.488600 0.082138 0.025600
1 0.710102 0.913550 0.039824 0.010500
0 0.630527 0.769750 0.196340 0.143500
0 0.871962 0.629150 0.209224 0.125500
0 0.145461 0.625100 0.220351 0.137600
4 0.859663 0.834750 0.156223 0.008500
4 0.860688 0.685050 0.183163 0.007900
4 0.136384 0.536700 0.186969 0.008200
3 0.132138 0.662650 0.177599 0.020500
4 0.132796 0.682400 0.176281 0.017200
4 0.846413 0.533550 0.169546 0.016100
5 0.957101 0.933000 0.030454 0.025600
5 0.718814 0.645500 0.029722 0.026000
5 0.959004 0.650350 0.029868 0.025500
5 0.457906 0.800600 0.031479 0.025400
5 0.237262 0.638700 0.029722 0.025400
5 0.482723 0.652700 0.028697 0.026000
5 0.473426 0.938250 0.031186 0.025700
5 0.721230 0.931550 0.029283 0.025300
5 0.211786 0.351800 0.030893 0.025200
5 0.950439 0.204350 0.031772 0.024300
5 0.722035 0.193000 0.030893 0.026000
5 0.228477 0.787500 0.032064 0.025400
5 0.233821 0.932950 0.030161 0.026300
1 0.218155 0.769250 0.048316 0.010700
2 0.425988 0.652700 0.084480 0.025600
4 0.623060 0.831800 0.177013 0.016200
4 0.378624 0.835700 0.191508 0.008600
4 0.133089 0.830800 0.192387 0.016000
4 0.129941 0.978850 0.175549 0.017500
2 0.661786 0.645350 0.084919 0.025900
1 0.225110 0.620400 0.041728 0.010400
3 0.370278 0.215900 0.168375 0.019600
4 0.375622 0.235650 0.186091 0.016700
3 0.621083 0.226400 0.223426 0.011400
3 0.867716 0.229550 0.153880 0.009300
3 0.128404 0.377900 0.151098 0.009600
3 0.365154 0.372050 0.171596 0.020700
3 0.602562 0.372350 0.134846 0.019900
3 0.852562 0.370550 0.131479 0.019900
3 0.136603 0.527350 0.167204 0.008500
3 0.378917 0.524800 0.179209 0.010800
3 0.625037 0.522050 0.165739 0.019700
3 0.845095 0.513950 0.165447 0.020500
3 0.135432 0.812250 0.161347 0.019700
1 0.946779 0.914800 0.047584 0.011400
2 0.899561 0.933350 0.084919 0.026300
2 0.646193 0.348600 0.084773 0.025400
2 0.889458 0.340400 0.084334 0.025400
2 0.185066 0.501800 0.084334 0.025200
1 0.713690 0.174350 0.048170 0.011300
1 0.468668 0.470300 0.044510 0.010600
3 0.378184 0.825550 0.131186 0.010500
3 0.861054 0.675000 0.172182 0.010600
3 0.632064 0.812750 0.190630 0.020700
3 0.617277 0.670250 0.164275 0.020900
3 0.380161 0.676250 0.228551 0.010700
3 0.860615 0.824200 0.195315 0.011000
3 0.865300 0.960500 0.148755 0.019800
3 0.629722 0.958950 0.146706 0.019500
3 0.388433 0.966150 0.186237 0.011100
3 0.126794 0.960150 0.149341 0.019900
4 0.863470 0.387350 0.201318 0.008900
4 0.605710 0.388050 0.202928 0.008100
4 0.366325 0.388050 0.182138 0.007900
4 0.133089 0.387350 0.178038 0.008100
4 0.867423 0.238700 0.188141 0.007800
4 0.623572 0.239350 0.250659 0.008300
2 0.422548 0.488600 0.085212 0.025200
2 0.658272 0.497350 0.084041 0.025500
2 0.407247 0.348950 0.083602 0.025300
1 0.221669 0.915150 0.045681 0.009300
1 0.460469 0.920150 0.042460 0.010300
0 0.867789 0.922650 0.213470 0.132900
2 0.154758 0.351800 0.084334 0.025200
2 0.893265 0.204800 0.083748 0.025000
2 0.666471 0.192900 0.083455 0.025600
1 0.703953 0.478150 0.046559 0.012900
2 0.885944 0.803300 0.084334 0.026000
2 0.652782 0.783650 0.086530 0.025300
1 0.935139 0.784300 0.045388 0.012600
2 0.401830 0.800650 0.084187 0.025500
0 0.632504 0.917300 0.214056 0.136600
5 0.467057 0.189600 0.031040 0.026000
5 0.479283 0.488550 0.029722 0.025500
5 0.241435 0.501450 0.028990 0.025300
5 0.945900 0.340100 0.029136 0.024600
5 0.703075 0.349000 0.028990 0.025400
5 0.464348 0.349050 0.030307 0.025100
5 0.952416 0.488400 0.029868 0.025600
1 0.708419 0.627300 0.034700 0.010000
2 0.663909 0.931450 0.084773 0.025300
5 0.714934 0.497250 0.030161 0.024900
5 0.943192 0.803350 0.030161 0.025700
5 0.710249 0.783850 0.029575 0.025300
1 0.231918 0.483300 0.046852 0.010800
1 0.202196 0.333500 0.046266 0.010600
0 0.134919 0.789650 0.220937 0.100900
0 0.378038 0.772500 0.194729 0.136800
0 0.862006 0.772050 0.201903 0.137300
0 0.145095 0.921950 0.212006 0.135100
0 0.386969 0.919450 0.210835 0.141500
0 0.627892 0.625900 0.219473 0.131400
0 0.381479 0.628400 0.237335 0.129000
1 0.471669 0.635000 0.037921 0.009600
2 0.902050 0.650600 0.084919 0.025800
2 0.171889 0.787350 0.084334 0.025300
1 0.453221 0.331450 0.044363 0.010100
1 0.692313 0.330800 0.047584 0.010400
1 0.936969 0.321600 0.046999 0.012400
1 0.940264 0.186450 0.046852 0.010900
1 0.457028 0.171050 0.046120 0.010700
2 0.410102 0.189800 0.084627 0.025600
0 0.871083 0.194300 0.193997 0.100600
0 0.382504 0.177250 0.204246 0.135500
2 0.180893 0.638500 0.084480 0.025200
4 0.378990 0.535850 0.198682 0.008300
4 0.622767 0.536800 0.159151 0.008400
4 0.388580 0.980900 0.173939 0.017000
4 0.628477 0.976850 0.194583 0.016100
4 0.859370 0.979400 0.174963 0.016800
4 0.384261 0.686100 0.193119 0.008000
0 0.623280 0.181550 0.256223 0.130100
0 0.134919 0.323650 0.185798 0.140300
0 0.376720 0.326900 0.210249 0.134400
0 0.611127 0.326800 0.216398 0.134200
0 0.863250 0.320900 0.205857 0.143800
0 0.150659 0.476300 0.219034 0.132600
0 0.387262 0.469800 0.221376 0.143000
0 0.636384 0.471500 0.195754 0.143600
0 0.863324 0.471000 0.210981 0.144800
1 0.939751 0.469950 0.042313 0.010900
1 0.447804 0.782700 0.041435 0.010200
1 0.700073 0.765550 0.046706 0.011100
1 0.947950 0.631800 0.048170 0.011600
