0 0.497941 0.649150 0.298069 0.213700
3 0.586293 0.734900 0.106178 0.011200
4 0.556371 0.749900 0.160875 0.008600
2 0.878314 0.903600 0.154054 0.036000
4 0.850772 0.953300 0.199871 0.009800
3 0.872136 0.937350 0.158430 0.013900
4 0.521042 0.969550 0.215830 0.010300
3 0.541377 0.953650 0.173102 0.013900
4 0.212934 0.970150 0.202960 0.010900
3 0.568662 0.510200 0.134234 0.012800
4 0.533269 0.525700 0.202703 0.009400
3 0.880824 0.508650 0.143115 0.013500
2 0.565251 0.701550 0.156757 0.037300
4 0.830631 0.525150 0.238610 0.011500
3 0.266474 0.507700 0.110553 0.013000
4 0.264672 0.523750 0.113127 0.012500
3 0.259009 0.953850 0.112098 0.018100
5 0.615573 0.926250 0.049936 0.031300
1 0.282883 0.221550 0.056628 0.018700
3 0.238481 0.282600 0.151866 0.013600
4 0.203024 0.298000 0.221236 0.010200
0 0.494916 0.872500 0.296911 0.208000
2 0.562999 0.476400 0.153797 0.038600
2 0.880695 0.476200 0.154955 0.036400
1 0.288674 0.445800 0.060232 0.018800
2 0.556821 0.254600 0.155084 0.036000
1 0.919434 0.224950 0.061776 0.017700
1 0.598906 0.892350 0.057272 0.015700
1 0.593822 0.225850 0.058945 0.018500
1 0.601931 0.448950 0.056628 0.016300
2 0.244208 0.249450 0.155856 0.036500
1 0.281017 0.892400 0.058559 0.020200
1 0.604955 0.672500 0.062162 0.015600
1 0.918468 0.447650 0.059846 0.019300
4 0.807079 0.302800 0.289318 0.010400
3 0.836873 0.286950 0.229730 0.014900
2 0.532111 0.920200 0.107722 0.036400
2 0.242535 0.920600 0.153282 0.036400
1 0.915830 0.874500 0.056885 0.016800
2 0.248906 0.474750 0.154955 0.037300
0 0.180721 0.425080 0.301158 0.210600
0 0.179022 0.761650 0.290090 0.435700
4 0.516216 0.302300 0.225225 0.011600
3 0.532497 0.285750 0.192664 0.016500
2 0.880888 0.254900 0.155856 0.037600
0 0.811454 0.751050 0.298069 0.419500
0 0.178958 0.198750 0.295882 0.213100
0 0.492728 0.201000 0.292793 0.219200
0 0.810489 0.202250 0.301544 0.215500
0 0.811840 0.425300 0.300129 0.217200
0 0.498842 0.427600 0.292921 0.210800
