5 0.855714 0.700850 0.047532 0.030900
4 0.707792 0.967550 0.186494 0.011700
4 0.340974 0.745700 0.205584 0.011000
3 0.693506 0.952050 0.217922 0.016300
0 0.315065 0.652700 0.262078 0.204000
4 0.347792 0.966150 0.157403 0.011100
2 0.336688 0.697200 0.110519 0.036600
2 0.694351 0.919250 0.109221 0.036300
2 0.323442 0.917700 0.111558 0.036600
0 0.732468 0.643100 0.308571 0.216000
5 0.403961 0.923600 0.047143 0.030600
1 0.384286 0.890950 0.060260 0.018300
1 0.754221 0.891750 0.061169 0.018900
3 0.783961 0.728250 0.195974 0.014500
5 0.417013 0.702400 0.047013 0.031200
0 0.278896 0.874200 0.303247 0.201800
3 0.311429 0.950000 0.226753 0.015800
0 0.692597 0.864600 0.230909 0.222000
5 0.774870 0.923450 0.049221 0.031100
1 0.396623 0.670150 0.060779 0.018700
3 0.316883 0.729250 0.254286 0.016700
4 0.801623 0.744750 0.164026 0.010100
2 0.775455 0.696100 0.110909 0.036600
1 0.835714 0.668900 0.061039 0.019600
