4 0.168431 0.937750 0.140523 0.013300
2 0.855752 0.285650 0.109150 0.038100
0 0.254052 0.252350 0.417908 0.200900
1 0.410784 0.257950 0.063922 0.019500
0 0.730196 0.246050 0.477647 0.212300
2 0.317908 0.523900 0.106928 0.037200
5 0.401307 0.527650 0.051765 0.032900
3 0.292549 0.555300 0.252288 0.018800
4 0.295948 0.572300 0.247320 0.013200
5 0.221961 0.894750 0.051242 0.034500
3 0.428627 0.921850 0.094902 0.014900
4 0.421569 0.938600 0.104314 0.014200
2 0.606471 0.890000 0.109935 0.037600
3 0.632941 0.921750 0.152418 0.014900
2 0.140131 0.889950 0.108497 0.037300
2 0.374837 0.889350 0.109150 0.037300
2 0.859608 0.889650 0.110065 0.036500
4 0.650915 0.937850 0.110196 0.012100
4 0.884575 0.937050 0.150065 0.012900
4 0.334444 0.334600 0.230980 0.014200
3 0.336209 0.317200 0.227451 0.019200
3 0.820065 0.318950 0.290588 0.016500
4 0.827451 0.333250 0.277124 0.012700
2 0.811438 0.522250 0.109935 0.036500
5 0.894052 0.526850 0.052418 0.031300
5 0.429542 0.290600 0.052810 0.031400
2 0.347190 0.286700 0.107190 0.037200
3 0.893595 0.921700 0.127582 0.018000
0 0.730000 0.481500 0.477516 0.196400
5 0.937582 0.290200 0.051111 0.031000
3 0.843072 0.553600 0.138954 0.019600
4 0.843464 0.571850 0.141569 0.014300
0 0.255098 0.477000 0.417908 0.221200
3 0.182092 0.921350 0.120784 0.014100
5 0.455948 0.894350 0.050196 0.032100
5 0.689216 0.893950 0.052157 0.034500
1 0.917843 0.257200 0.061830 0.018600
1 0.873203 0.494550 0.063007 0.018300
1 0.381111 0.495400 0.061046 0.019800
5 0.941765 0.894200 0.051111 0.032600
0 0.865033 0.833000 0.227320 0.247000
0 0.628693 0.833300 0.222353 0.248200
0 0.395556 0.833700 0.207582 0.247400
0 0.147908 0.833300 0.222092 0.246600
