2 0.388781 0.956300 0.109598 0.036000
5 0.443969 0.490350 0.046174 0.030500
3 0.384501 0.517850 0.165888 0.017700
4 0.345201 0.533350 0.251751 0.011100
1 0.423865 0.457300 0.056291 0.018600
0 0.397341 0.919450 0.208690 0.132900
3 0.318288 0.296000 0.438651 0.013800
4 0.332296 0.311000 0.412970 0.009800
1 0.448119 0.929100 0.053437 0.017000
5 0.470687 0.961500 0.049287 0.030800
1 0.917964 0.927450 0.056939 0.019900
1 0.851232 0.458300 0.056291 0.020600
5 0.871141 0.489750 0.044488 0.028700
5 0.929507 0.267550 0.050973 0.028700
0 0.827821 0.216650 0.260830 0.205100
3 0.783787 0.518500 0.225162 0.012600
1 0.908106 0.233600 0.056939 0.017400
5 0.942153 0.959950 0.052659 0.031300
1 0.493839 0.234650 0.060311 0.017500
5 0.510830 0.267950 0.048379 0.030100
0 0.748898 0.824700 0.450324 0.321200
4 0.790791 0.534100 0.210376 0.011200
2 0.857523 0.955850 0.108042 0.036300
0 0.742802 0.442500 0.308690 0.198200
0 0.339948 0.447200 0.264851 0.187000
0 0.319844 0.224350 0.444877 0.187500
3 0.849611 0.295200 0.207134 0.013800
4 0.837678 0.311500 0.231777 0.011400
2 0.361868 0.485550 0.103502 0.036300
2 0.846044 0.263350 0.107652 0.036900
2 0.428988 0.263350 0.105447 0.036500
2 0.791505 0.485400 0.108560 0.036000
