4 0.624451 0.982050 0.221962 0.007100
0 0.374890 0.166600 0.227965 0.146200
0 0.748243 0.249650 0.470132 0.287500
0 0.139531 0.321250 0.221962 0.139100
0 0.146193 0.468150 0.167643 0.138900
0 0.386164 0.476900 0.191362 0.128600
0 0.619473 0.471950 0.179502 0.140500
2 0.871449 0.488200 0.084919 0.025200
2 0.183602 0.634900 0.084919 0.025400
2 0.391874 0.653350 0.084773 0.025900
1 0.937189 0.315600 0.071157 0.017200
1 0.918741 0.469900 0.045681 0.011000
1 0.665739 0.466500 0.049488 0.011400
1 0.200878 0.467550 0.042460 0.010700
1 0.230893 0.616600 0.050073 0.011000
5 0.698316 0.646800 0.031479 0.026200
5 0.447804 0.653250 0.031186 0.026100
5 0.240630 0.634550 0.031479 0.025100
5 0.928624 0.488200 0.029722 0.025400
5 0.674671 0.484600 0.031040 0.024400
5 0.936896 0.652850 0.030454 0.025300
5 0.229941 0.799200 0.032064 0.025200
5 0.458712 0.787800 0.030747 0.024600
5 0.234261 0.932700 0.030747 0.025200
1 0.714861 0.927950 0.048755 0.013300
1 0.463543 0.927350 0.044802 0.010500
1 0.222840 0.914400 0.047438 0.010600
1 0.220791 0.781400 0.043631 0.010600
1 0.447511 0.769750 0.045242 0.011500
3 0.630307 0.812000 0.187994 0.018800
4 0.390117 0.981450 0.203953 0.008900
4 0.131991 0.980150 0.124597 0.016700
0 0.125476 0.169850 0.215227 0.147500
4 0.141142 0.528450 0.149927 0.016700
1 0.954685 0.917450 0.039385 0.011100
4 0.390190 0.531900 0.161933 0.016800
4 0.616325 0.532450 0.155637 0.016500
4 0.858858 0.532450 0.185652 0.016900
4 0.131186 0.683350 0.183602 0.016100
2 0.668887 0.947050 0.084187 0.025300
2 0.908858 0.935600 0.084480 0.025600
4 0.129209 0.834800 0.200732 0.009000
4 0.376794 0.830500 0.162665 0.017200
4 0.624890 0.832050 0.156662 0.016900
4 0.858346 0.831200 0.186091 0.018200
3 0.131845 0.664450 0.157101 0.020900
4 0.860029 0.980100 0.157540 0.017000
1 0.688287 0.628750 0.040117 0.010100
2 0.641801 0.646400 0.084773 0.025800
4 0.378258 0.685000 0.176720 0.008200
4 0.623133 0.687950 0.139678 0.007900
4 0.864788 0.687250 0.167643 0.008500
2 0.879868 0.652800 0.085359 0.025000
2 0.173206 0.799200 0.084041 0.025600
1 0.460908 0.321850 0.046559 0.012500
1 0.224012 0.316450 0.042753 0.010700
0 0.381698 0.330300 0.216691 0.129000
2 0.177086 0.334400 0.085359 0.025200
2 0.415373 0.340350 0.083455 0.024500
1 0.439239 0.635400 0.047731 0.009400
2 0.402123 0.787900 0.084187 0.024800
2 0.649561 0.786300 0.084773 0.025000
0 0.858346 0.472150 0.189605 0.138900
0 0.140630 0.617950 0.234407 0.148500
0 0.377526 0.625000 0.180527 0.130600
0 0.871230 0.916700 0.224744 0.145800
0 0.626647 0.916550 0.227818 0.140100
0 0.389531 0.925800 0.209810 0.121200
0 0.139312 0.917650 0.222401 0.143700
0 0.860395 0.773250 0.192533 0.135700
0 0.629136 0.776500 0.193851 0.130200
0 0.378477 0.774200 0.199414 0.132600
0 0.135212 0.771600 0.224451 0.136800
0 0.865520 0.620650 0.178477 0.143100
0 0.634187 0.627550 0.162079 0.129900
2 0.415666 0.945250 0.085505 0.025500
2 0.177013 0.932700 0.085505 0.025600
2 0.884114 0.782250 0.084773 0.025300
1 0.694583 0.767400 0.043338 0.012600
1 0.930161 0.764800 0.039824 0.009800
2 0.156003 0.485350 0.084480 0.025700
2 0.867496 0.342600 0.126501 0.037800
4 0.136237 0.380850 0.181406 0.016900
4 0.739458 0.386850 0.371157 0.011100
4 0.374963 0.229600 0.188580 0.016400
4 0.138507 0.238050 0.165447 0.007700
3 0.861201 0.959350 0.169546 0.019700
1 0.925329 0.635000 0.045974 0.010200
3 0.863470 0.810000 0.181406 0.019400
1 0.444656 0.165600 0.047438 0.010600
2 0.400146 0.486650 0.084041 0.026100
2 0.618521 0.484600 0.083895 0.024400
3 0.125549 0.961050 0.136603 0.018300
3 0.389605 0.971100 0.206735 0.010600
3 0.624158 0.973450 0.219034 0.009900
5 0.456589 0.486650 0.028843 0.025900
5 0.212811 0.485550 0.030307 0.025100
5 0.951537 0.342600 0.043338 0.037400
5 0.453880 0.184250 0.029868 0.025900
5 0.191654 0.207600 0.032504 0.024800
5 0.234553 0.334650 0.029575 0.025500
5 0.472548 0.340200 0.032357 0.024800
5 0.965300 0.935600 0.031040 0.024800
5 0.724817 0.947300 0.028843 0.025200
5 0.472621 0.945100 0.029868 0.025000
5 0.940410 0.782350 0.030161 0.025100
5 0.705783 0.786700 0.029722 0.025200
1 0.180307 0.188650 0.039092 0.010900
2 0.397218 0.184350 0.084627 0.026100
2 0.133748 0.206950 0.083895 0.026500
3 0.377379 0.811550 0.170571 0.018100
3 0.373353 0.210450 0.195608 0.020300
3 0.129795 0.825100 0.211274 0.009600
3 0.862738 0.676600 0.170571 0.009800
3 0.623206 0.676300 0.136603 0.009600
3 0.378184 0.674500 0.137042 0.009000
3 0.857833 0.511300 0.183016 0.020200
3 0.616179 0.512500 0.168521 0.020000
3 0.387335 0.511550 0.167643 0.020100
3 0.132064 0.509050 0.123572 0.020500
3 0.129283 0.360500 0.171889 0.020600
3 0.369253 0.365350 0.115373 0.018900
3 0.736310 0.369350 0.234261 0.014700
3 0.131406 0.228000 0.200439 0.011200
1 0.446120 0.468400 0.050073 0.010400
4 0.368960 0.384650 0.149341 0.017300
