1 0.420839 0.283300 0.062123 0.019400
3 0.884076 0.874350 0.144823 0.014100
1 0.924771 0.813850 0.057667 0.018900
0 0.755308 0.788500 0.428571 0.214200
0 0.777523 0.244050 0.389122 0.241300
2 0.358126 0.310400 0.101048 0.036800
0 0.762058 0.509150 0.387811 0.241900
0 0.300721 0.790000 0.342202 0.215400
1 0.910092 0.548100 0.061861 0.018400
4 0.887353 0.888650 0.140629 0.009100
2 0.863237 0.841450 0.110223 0.035500
2 0.361337 0.840900 0.107471 0.036400
2 0.361402 0.576200 0.105505 0.035200
3 0.843709 0.343400 0.230013 0.014600
4 0.328375 0.358250 0.260944 0.010700
2 0.863958 0.310800 0.111927 0.036800
2 0.845544 0.576100 0.108650 0.035800
4 0.847051 0.358300 0.223329 0.011000
4 0.389777 0.623750 0.138925 0.010700
3 0.369921 0.873300 0.177326 0.017600
4 0.844102 0.623550 0.195151 0.010700
3 0.844102 0.609800 0.196461 0.015400
4 0.384731 0.889400 0.150066 0.010400
0 0.275426 0.510450 0.385452 0.242500
1 0.422346 0.548300 0.060419 0.014200
0 0.285518 0.237850 0.376016 0.257100
3 0.384469 0.608100 0.146658 0.013200
5 0.928178 0.579800 0.046658 0.029600
5 0.944364 0.314500 0.046265 0.028600
1 0.924312 0.283750 0.059895 0.018500
5 0.443775 0.314200 0.049541 0.030000
3 0.317955 0.342150 0.279423 0.013700
5 0.444561 0.846300 0.046920 0.029200
5 0.946199 0.844750 0.046003 0.027700
1 0.424050 0.813400 0.057012 0.017800
5 0.442005 0.579650 0.046265 0.027700
