3 0.874478 0.499950 0.168538 0.034100
2 0.867102 0.898200 0.109661 0.036600
2 0.236749 0.488500 0.109269 0.035400
2 0.156723 0.269900 0.109530 0.036600
2 0.862010 0.459950 0.109661 0.036300
2 0.158943 0.708300 0.109791 0.036800
2 0.553655 0.489500 0.109922 0.035400
5 0.946997 0.903250 0.047781 0.030300
0 0.147911 0.225950 0.232115 0.199100
1 0.454439 0.680800 0.061358 0.018200
3 0.683943 0.741850 0.087728 0.013300
4 0.679243 0.757800 0.100522 0.009200
1 0.926240 0.681350 0.062141 0.018900
5 0.947063 0.713450 0.047389 0.030500
3 0.897650 0.741450 0.124282 0.013900
5 0.237598 0.932300 0.047781 0.030800
3 0.172911 0.959000 0.157311 0.016800
4 0.170170 0.975800 0.169060 0.011400
3 0.441188 0.958300 0.099347 0.017000
4 0.424413 0.974500 0.134726 0.008800
1 0.691123 0.899700 0.061358 0.018600
0 0.384269 0.218250 0.234073 0.214100
3 0.623172 0.960350 0.205614 0.016700
3 0.876240 0.302300 0.171018 0.015000
5 0.712794 0.275450 0.049086 0.031900
3 0.161945 0.301800 0.178198 0.017400
5 0.237533 0.275300 0.048433 0.031600
4 0.870300 0.945750 0.188381 0.010700
1 0.927219 0.870800 0.060183 0.019200
5 0.711488 0.932450 0.047781 0.029700
4 0.622650 0.976050 0.204830 0.010100
3 0.883812 0.930950 0.156136 0.013900
0 0.869713 0.673100 0.207050 0.181400
0 0.631201 0.678950 0.217755 0.171300
0 0.865339 0.863700 0.214752 0.178200
5 0.317559 0.493550 0.046606 0.029700
3 0.222128 0.521000 0.219191 0.016400
0 0.152089 0.688950 0.232637 0.150500
0 0.388969 0.669100 0.225718 0.189800
0 0.183551 0.454500 0.319060 0.179400
4 0.875979 0.531500 0.165274 0.026800
5 0.943016 0.465200 0.049478 0.030600
1 0.218473 0.681450 0.061488 0.017900
2 0.866449 0.708400 0.110705 0.036600
2 0.157245 0.927200 0.109530 0.036800
2 0.394909 0.926950 0.110444 0.035700
1 0.922128 0.432500 0.060966 0.018000
5 0.240274 0.714300 0.047911 0.031400
0 0.154112 0.892400 0.221018 0.185600
1 0.614164 0.462500 0.060966 0.019200
4 0.218473 0.536750 0.224151 0.009500
0 0.621671 0.905050 0.233159 0.156300
4 0.653460 0.318150 0.149739 0.010300
3 0.673238 0.302600 0.107833 0.013400
3 0.408681 0.278400 0.162010 0.031800
1 0.455091 0.899600 0.061880 0.019600
4 0.894648 0.755950 0.134204 0.010500
4 0.399543 0.755500 0.182898 0.011000
3 0.418277 0.739900 0.143342 0.017400
5 0.474674 0.712850 0.047520 0.029900
4 0.893799 0.316900 0.138773 0.010000
2 0.631266 0.927400 0.110574 0.036600
2 0.393799 0.708100 0.108225 0.036400
2 0.633420 0.709550 0.110444 0.037100
0 0.867102 0.244700 0.213577 0.160000
2 0.632637 0.269850 0.110444 0.036300
2 0.867428 0.269700 0.108747 0.036600
2 0.394648 0.237000 0.110183 0.036800
4 0.544452 0.537350 0.207702 0.010100
3 0.562010 0.522350 0.175196 0.013900
5 0.634334 0.494550 0.046997 0.030900
3 0.185183 0.742750 0.137467 0.015500
4 0.176305 0.756500 0.155744 0.010600
5 0.475718 0.242200 0.047781 0.030000
1 0.216971 0.242600 0.060574 0.019000
1 0.927154 0.242250 0.060836 0.018900
0 0.392037 0.904150 0.220104 0.152700
1 0.296475 0.461350 0.060574 0.018900
4 0.143603 0.317750 0.218016 0.009500
1 0.453851 0.209700 0.060966 0.018400
0 0.818277 0.445550 0.302350 0.202700
5 0.948172 0.275000 0.049086 0.031000
1 0.692820 0.242750 0.061097 0.017900
4 0.406332 0.308400 0.169060 0.025200
5 0.476371 0.932150 0.048564 0.030300
1 0.216775 0.899650 0.060444 0.018700
5 0.714034 0.714750 0.047389 0.030900
1 0.693473 0.682200 0.062141 0.019200
0 0.635313 0.245350 0.210052 0.159300
0 0.514817 0.446000 0.289687 0.197800
