0 0.519116 0.222050 0.251235 0.195700
0 0.263329 0.442450 0.380754 0.191900
0 0.791417 0.882550 0.297009 0.190900
3 0.216840 0.734850 0.214954 0.013300
4 0.338882 0.967700 0.489207 0.011800
5 0.907802 0.489850 0.048635 0.031900
2 0.863849 0.262700 0.107412 0.036400
4 0.801560 0.970350 0.256437 0.011100
0 0.822822 0.221250 0.299480 0.195700
3 0.790247 0.953500 0.282965 0.017200
0 0.335501 0.876800 0.504811 0.196600
2 0.546554 0.702250 0.110013 0.035900
2 0.831469 0.921450 0.104291 0.037900
0 0.205592 0.652400 0.265540 0.209600
3 0.232380 0.294900 0.157607 0.013600
1 0.276658 0.235900 0.064109 0.018000
1 0.595839 0.234450 0.063719 0.017500
5 0.617425 0.267550 0.048114 0.030700
2 0.474512 0.920100 0.106372 0.036400
2 0.348114 0.483150 0.106892 0.037700
5 0.556892 0.925500 0.049285 0.031200
0 0.835520 0.659525 0.281964 0.197150
0 0.526333 0.669450 0.271651 0.176300
4 0.798049 0.531600 0.246294 0.010400
3 0.779129 0.516650 0.283095 0.013100
4 0.535696 0.750900 0.212094 0.011400
3 0.516970 0.735900 0.248244 0.015000
5 0.946554 0.268300 0.049675 0.030400
5 0.428414 0.487300 0.044343 0.030000
5 0.312289 0.705350 0.048505 0.029500
4 0.560923 0.311100 0.143433 0.011400
3 0.544148 0.294700 0.174902 0.013200
4 0.233615 0.310200 0.156437 0.011200
5 0.628934 0.706900 0.047724 0.031000
3 0.334590 0.952750 0.498570 0.017300
4 0.832705 0.750150 0.260208 0.011900
3 0.830429 0.735100 0.264499 0.014400
4 0.279584 0.530550 0.326918 0.010100
4 0.826983 0.310950 0.278934 0.011500
3 0.820871 0.295900 0.289337 0.013400
5 0.913654 0.926200 0.047594 0.030400
5 0.297334 0.266700 0.046944 0.028200
3 0.260728 0.514950 0.364629 0.012300
1 0.895124 0.893150 0.058388 0.017300
1 0.535501 0.892050 0.058778 0.018500
1 0.889272 0.455000 0.064109 0.017800
1 0.606827 0.677250 0.060208 0.016900
1 0.293888 0.673550 0.062159 0.017900
1 0.409168 0.454700 0.061248 0.016600
2 0.228153 0.701800 0.103381 0.036800
0 0.738231 0.446070 0.393238 0.185660
2 0.866580 0.702100 0.106632 0.036800
2 0.826073 0.484300 0.108583 0.036800
2 0.534720 0.262250 0.102731 0.037300
2 0.215735 0.263100 0.109233 0.036400
1 0.925683 0.235050 0.063849 0.017900
1 0.928674 0.674800 0.056827 0.018600
0 0.212874 0.212400 0.231209 0.212600
4 0.230819 0.749500 0.190377 0.010400
5 0.950065 0.708350 0.047334 0.031300
