2 0.681918 0.350000 0.067789 0.020800
2 0.915959 0.311350 0.065886 0.020700
2 0.915813 0.275600 0.066179 0.020200
2 0.184114 0.491150 0.085652 0.025500
1 0.468082 0.478450 0.047145 0.012300
3 0.863836 0.662950 0.237482 0.022100
3 0.160469 0.957150 0.163982 0.019100
3 0.378917 0.958600 0.223426 0.020800
3 0.603514 0.958250 0.125037 0.018300
3 0.860102 0.968650 0.214202 0.018700
4 0.137189 0.233750 0.182138 0.015300
4 0.379063 0.234000 0.212299 0.016000
4 0.620864 0.236300 0.138653 0.008200
4 0.862884 0.236200 0.226208 0.007600
4 0.863543 0.382450 0.137628 0.008300
4 0.623426 0.385250 0.227526 0.007300
4 0.385944 0.384650 0.230161 0.008500
4 0.136969 0.382650 0.223865 0.016300
4 0.136603 0.536300 0.145242 0.007200
4 0.378624 0.534050 0.137921 0.007500
4 0.621010 0.534050 0.226794 0.007500
4 0.862518 0.534400 0.190337 0.007800
5 0.240117 0.192900 0.029283 0.025000
5 0.724671 0.197450 0.030307 0.026100
5 0.935871 0.782650 0.030454 0.024900
5 0.724890 0.787450 0.031332 0.024500
5 0.482064 0.929700 0.029722 0.023600
5 0.726061 0.495400 0.029868 0.025600
0 0.634919 0.767550 0.217716 0.146500
5 0.477892 0.497100 0.029868 0.024600
5 0.959663 0.352300 0.024158 0.020800
5 0.959663 0.311150 0.023865 0.020100
5 0.961054 0.275250 0.023719 0.020500
5 0.935578 0.200500 0.029868 0.025000
3 0.378843 0.675950 0.196047 0.011700
3 0.620132 0.662200 0.233236 0.022400
2 0.880307 0.200650 0.082430 0.025100
2 0.183382 0.339450 0.084480 0.025500
2 0.440776 0.342350 0.067789 0.019500
2 0.915520 0.351950 0.065593 0.020300
0 0.858199 0.465050 0.206296 0.147700
2 0.426135 0.649450 0.084773 0.025700
2 0.182284 0.631050 0.085212 0.025300
2 0.902489 0.504000 0.067350 0.020600
1 0.714129 0.619300 0.046999 0.011000
1 0.473133 0.630600 0.048170 0.011800
1 0.229283 0.612900 0.045388 0.010800
1 0.924744 0.925700 0.053587 0.010600
1 0.690776 0.914450 0.048609 0.010300
1 0.471742 0.911950 0.044802 0.011100
1 0.231040 0.910750 0.050073 0.012700
1 0.926061 0.765000 0.046852 0.009800
1 0.940483 0.489300 0.039092 0.008800
1 0.714275 0.769600 0.045827 0.011000
0 0.861786 0.921800 0.220205 0.133200
0 0.623060 0.921000 0.189898 0.137200
0 0.860249 0.785950 0.184627 0.108100
0 0.863836 0.618200 0.240996 0.146400
0 0.621449 0.619800 0.237921 0.139800
0 0.388726 0.621800 0.220498 0.138200
0 0.152123 0.617700 0.205271 0.146000
0 0.623426 0.471250 0.234261 0.134500
0 0.399048 0.467150 0.189898 0.142700
0 0.148975 0.477450 0.215666 0.126900
0 0.879502 0.318850 0.190922 0.136700
0 0.623792 0.319450 0.238799 0.139700
0 0.385578 0.318050 0.232357 0.143300
0 0.140630 0.325600 0.233529 0.132200
0 0.862884 0.183100 0.234993 0.114800
0 0.634187 0.190850 0.214202 0.101900
0 0.137189 0.172600 0.238653 0.143600
0 0.378843 0.169450 0.218302 0.147300
3 0.859444 0.809900 0.180088 0.019800
3 0.629502 0.813350 0.184334 0.019700
3 0.385578 0.812150 0.208346 0.021100
3 0.135871 0.812000 0.171303 0.020400
4 0.161347 0.979600 0.121816 0.016400
4 0.379502 0.979700 0.197657 0.016200
4 0.606223 0.980300 0.153880 0.016800
4 0.862811 0.983250 0.215813 0.009100
4 0.871596 0.830200 0.148170 0.017400
4 0.625915 0.831750 0.197072 0.016900
4 0.378624 0.831100 0.206149 0.016800
4 0.139239 0.831100 0.170717 0.016800
4 0.870132 0.682550 0.171889 0.016300
4 0.620498 0.681250 0.206442 0.015700
4 0.378843 0.686050 0.176720 0.008300
4 0.130747 0.681700 0.150220 0.016200
5 0.727306 0.349600 0.024158 0.020200
5 0.588360 0.350050 0.024158 0.019900
5 0.486969 0.342050 0.025476 0.019500
5 0.363763 0.342250 0.024451 0.018900
5 0.240630 0.339700 0.031772 0.024600
5 0.935871 0.943750 0.030747 0.025500
5 0.240849 0.930450 0.031040 0.024900
0 0.157613 0.919000 0.199854 0.141400
5 0.701318 0.932400 0.029868 0.025400
5 0.430381 0.183650 0.029722 0.025300
1 0.925329 0.182350 0.046559 0.010500
2 0.668521 0.197250 0.083455 0.025500
2 0.183455 0.193100 0.084041 0.025000
2 0.373865 0.184500 0.085066 0.025600
1 0.471083 0.770000 0.045242 0.011000
1 0.228770 0.769350 0.034993 0.008700
2 0.420864 0.497650 0.085066 0.025700
2 0.425476 0.787950 0.084627 0.025300
2 0.183821 0.787000 0.084773 0.025800
2 0.879136 0.634450 0.084480 0.025700
3 0.133382 0.662750 0.165739 0.020900
3 0.861054 0.524200 0.198243 0.011400
3 0.621449 0.524200 0.218594 0.011600
3 0.379063 0.524200 0.146706 0.011400
3 0.137482 0.368100 0.216105 0.011800
3 0.136969 0.526350 0.189312 0.011300
2 0.542972 0.350100 0.068668 0.020400
3 0.385798 0.369050 0.148170 0.020700
2 0.317789 0.342500 0.068375 0.019800
1 0.228917 0.472450 0.042313 0.011500
1 0.952782 0.338300 0.028258 0.006800
1 0.953587 0.297400 0.034553 0.006600
1 0.953075 0.260450 0.032064 0.007900
1 0.718594 0.334800 0.033675 0.009600
3 0.623939 0.375450 0.236457 0.010900
3 0.863543 0.372200 0.154905 0.012000
3 0.863470 0.226600 0.231772 0.011000
3 0.621449 0.226200 0.185505 0.011800
3 0.379722 0.214450 0.202782 0.020100
3 0.136750 0.219650 0.233382 0.011700
2 0.667936 0.495100 0.086969 0.024600
1 0.827526 0.487300 0.038067 0.009000
2 0.879283 0.782200 0.084187 0.025400
2 0.183089 0.930750 0.085944 0.025700
2 0.425622 0.930150 0.084041 0.024500
1 0.229868 0.321800 0.046559 0.010600
1 0.355637 0.328050 0.038067 0.009300
0 0.386384 0.774350 0.224890 0.132700
2 0.879356 0.943700 0.084919 0.025200
2 0.643851 0.932600 0.085652 0.026200
1 0.714202 0.477350 0.046559 0.010900
1 0.231552 0.174700 0.042606 0.010800
1 0.420937 0.165550 0.045388 0.010300
1 0.713909 0.179150 0.042167 0.010700
1 0.476940 0.327200 0.032943 0.010200
1 0.579136 0.335850 0.034407 0.008300
0 0.139898 0.770550 0.235871 0.140100
2 0.790264 0.501300 0.068375 0.020600
2 0.668448 0.637650 0.084773 0.025300
5 0.240922 0.491100 0.029722 0.025200
5 0.835798 0.501750 0.025329 0.019500
5 0.948097 0.503900 0.024744 0.020000
5 0.237628 0.630950 0.033089 0.024700
5 0.482357 0.649300 0.030307 0.025400
5 0.725110 0.637650 0.027965 0.025300
5 0.935505 0.634000 0.030307 0.024600
5 0.241069 0.786800 0.031772 0.025800
5 0.482943 0.787800 0.030307 0.024400
1 0.926135 0.616000 0.046706 0.011600
0 0.382577 0.920600 0.234261 0.137600
2 0.667716 0.787700 0.084480 0.025600
