1 0.217651 0.364600 0.054258 0.014800
4 0.864698 0.975000 0.227198 0.008400
5 0.600412 0.920400 0.032967 0.024600
5 0.463736 0.914350 0.035440 0.030300
5 0.233173 0.917450 0.026511 0.024100
5 0.115659 0.919350 0.029396 0.023300
5 0.122527 0.749650 0.028297 0.022300
5 0.250275 0.749150 0.030495 0.019500
5 0.471772 0.756200 0.036676 0.031600
5 0.604396 0.750100 0.026923 0.021400
5 0.725893 0.750100 0.028984 0.021400
5 0.848764 0.737150 0.030769 0.025100
5 0.963118 0.737500 0.026786 0.020400
5 0.960440 0.569450 0.034890 0.027900
5 0.715934 0.568500 0.036264 0.031600
5 0.472665 0.569850 0.035165 0.032500
5 0.228709 0.569450 0.034890 0.029700
5 0.476442 0.388200 0.035302 0.031000
5 0.229464 0.387000 0.036401 0.029800
5 0.714423 0.385700 0.034615 0.029800
5 0.959821 0.386900 0.034753 0.031000
5 0.960508 0.207900 0.033379 0.030400
5 0.715453 0.206550 0.035852 0.029100
5 0.473558 0.206300 0.037775 0.029800
5 0.229945 0.207600 0.035714 0.029800
4 0.615041 0.798250 0.154808 0.020900
0 0.863049 0.900700 0.236264 0.164600
0 0.863942 0.722350 0.223489 0.177900
3 0.617102 0.419800 0.102060 0.009400
4 0.381799 0.431100 0.239973 0.010000
1 0.592582 0.901950 0.040385 0.010100
1 0.710096 0.901250 0.037225 0.011700
1 0.111882 0.732850 0.038324 0.010900
1 0.239973 0.732050 0.043681 0.010900
1 0.457555 0.733200 0.048901 0.013200
1 0.594780 0.731700 0.034066 0.014800
1 0.711126 0.732050 0.039286 0.012500
1 0.840934 0.720850 0.041484 0.011700
1 0.951511 0.720850 0.039286 0.011700
1 0.948901 0.911300 0.051099 0.014800
1 0.214973 0.547000 0.051099 0.014000
1 0.945742 0.548150 0.051099 0.016300
1 0.948420 0.364600 0.054258 0.014800
1 0.705357 0.365050 0.051099 0.012500
1 0.465453 0.364650 0.052060 0.011700
5 0.718819 0.921000 0.030495 0.025800
4 0.856593 0.250950 0.096978 0.008100
4 0.617720 0.251050 0.125549 0.008900
4 0.141552 0.250900 0.103434 0.009600
5 0.960646 0.933300 0.035577 0.028000
3 0.856387 0.239100 0.070192 0.012200
2 0.406456 0.207500 0.096978 0.030800
2 0.649657 0.206600 0.095742 0.032600
4 0.381319 0.613550 0.082692 0.009300
2 0.896772 0.206550 0.094643 0.028900
2 0.163462 0.207950 0.095879 0.031700
0 0.384341 0.544350 0.219231 0.148700
0 0.388049 0.186550 0.213736 0.140900
0 0.627335 0.177900 0.230769 0.159200
0 0.868819 0.183100 0.218132 0.149400
4 0.138462 0.969350 0.234890 0.019900
1 0.707761 0.547400 0.044368 0.013200
4 0.619574 0.969700 0.209478 0.019200
4 0.373626 0.969450 0.199725 0.021500
3 0.856044 0.418500 0.128297 0.012200
3 0.141071 0.239600 0.086813 0.011800
4 0.858860 0.431000 0.156456 0.008400
2 0.164629 0.386850 0.095742 0.028900
4 0.141071 0.613100 0.124176 0.010200
2 0.409753 0.386400 0.098352 0.029800
2 0.648420 0.386400 0.095742 0.029800
2 0.895330 0.386900 0.094505 0.030800
4 0.858997 0.794150 0.208104 0.029900
4 0.383516 0.799400 0.168407 0.019200
4 0.616690 0.613850 0.114973 0.008900
1 0.219780 0.184600 0.039286 0.014000
1 0.459135 0.184250 0.054258 0.011700
1 0.702129 0.185000 0.053159 0.013200
1 0.948970 0.183100 0.053159 0.015600
4 0.135165 0.798500 0.173626 0.021400
4 0.855975 0.613200 0.139148 0.008400
3 0.135302 0.776200 0.126374 0.021400
3 0.380288 0.239100 0.088049 0.012200
3 0.615797 0.240000 0.112363 0.012200
0 0.374725 0.899000 0.231868 0.169000
0 0.138668 0.898900 0.238324 0.165600
0 0.622115 0.903800 0.226648 0.153800
3 0.620948 0.948000 0.160852 0.025200
3 0.376030 0.948050 0.158104 0.023300
3 0.139698 0.600650 0.079121 0.012700
0 0.136813 0.176450 0.221154 0.161500
0 0.857692 0.360000 0.238187 0.158000
0 0.625755 0.359600 0.212775 0.157200
0 0.381113 0.365550 0.245192 0.144300
0 0.142445 0.543850 0.214011 0.153900
3 0.381731 0.782900 0.220604 0.011800
2 0.180495 0.918400 0.079121 0.025200
2 0.398901 0.915100 0.094505 0.028000
2 0.547527 0.919700 0.075275 0.022400
2 0.665659 0.920150 0.076648 0.023300
2 0.895330 0.933250 0.096978 0.028900
1 0.106044 0.901400 0.034066 0.011600
1 0.224107 0.900450 0.030907 0.010100
1 0.455975 0.891600 0.047940 0.015600
0 0.134341 0.353800 0.225549 0.164200
1 0.461195 0.546950 0.054258 0.017100
3 0.618956 0.782200 0.197802 0.011200
3 0.864148 0.960150 0.177473 0.015900
3 0.137775 0.947700 0.144231 0.024200
3 0.379670 0.600600 0.096978 0.012200
3 0.380357 0.418450 0.177473 0.010300
2 0.162088 0.569000 0.098352 0.030800
2 0.407143 0.568950 0.098352 0.028900
2 0.650275 0.569500 0.096978 0.028000
2 0.896703 0.569450 0.094505 0.031700
2 0.070124 0.750600 0.077885 0.022400
2 0.197802 0.750600 0.075275 0.022400
2 0.405838 0.756200 0.098214 0.029800
2 0.552679 0.751600 0.077885 0.022400
2 0.673352 0.751500 0.076648 0.024200
2 0.795124 0.738600 0.077885 0.022400
2 0.911332 0.737600 0.077885 0.022400
2 0.062569 0.919250 0.077885 0.023300
0 0.144505 0.723950 0.243681 0.171900
4 0.378640 0.250850 0.128984 0.008500
4 0.141896 0.431100 0.183791 0.008400
4 0.616690 0.430600 0.176236 0.011200
3 0.617102 0.602100 0.055632 0.011600
3 0.855975 0.602900 0.097390 0.011200
3 0.141621 0.419400 0.118681 0.012000
0 0.619918 0.551750 0.226648 0.135700
0 0.869368 0.536900 0.217033 0.166400
0 0.626854 0.728100 0.233929 0.164800
3 0.859547 0.766900 0.190797 0.023200
0 0.382624 0.724800 0.224313 0.170400
