1 0.254021 0.680450 0.063424 0.018100
0 0.406355 0.658050 0.176913 0.216900
2 0.851881 0.265400 0.108431 0.037800
5 0.934112 0.270350 0.050324 0.033300
3 0.858495 0.297750 0.181842 0.015500
3 0.213165 0.298600 0.232815 0.014800
5 0.312905 0.270750 0.051232 0.031300
0 0.512322 0.216250 0.291051 0.215900
2 0.547601 0.267200 0.107652 0.039000
5 0.628405 0.271750 0.050843 0.033500
4 0.225811 0.315050 0.203891 0.012300
3 0.569261 0.299600 0.153307 0.014800
4 0.578599 0.315600 0.132815 0.011600
4 0.621530 0.968650 0.201556 0.011900
5 0.635214 0.952250 0.172114 0.015100
5 0.705123 0.924550 0.049935 0.033300
4 0.848184 0.965300 0.214397 0.012400
3 0.849870 0.949900 0.206615 0.014600
5 0.934176 0.920900 0.050713 0.032600
2 0.851038 0.917100 0.112970 0.038000
4 0.873152 0.748350 0.150195 0.028700
3 0.876070 0.716500 0.134760 0.031200
5 0.928145 0.681250 0.050065 0.032900
2 0.845914 0.676000 0.109728 0.038600
4 0.627432 0.757400 0.238262 0.010800
2 0.190986 0.708850 0.111414 0.038100
3 0.648249 0.741550 0.187549 0.015100
5 0.726524 0.713950 0.048638 0.031300
2 0.645071 0.709150 0.110117 0.037500
4 0.398962 0.749750 0.157977 0.027300
3 0.404929 0.717650 0.143191 0.029100
5 0.458560 0.682000 0.050195 0.033200
2 0.376978 0.677350 0.108301 0.038100
4 0.167769 0.756900 0.245266 0.011200
3 0.172438 0.741200 0.232815 0.014400
5 0.273606 0.713000 0.049676 0.033200
4 0.370039 0.528050 0.246693 0.011500
3 0.362646 0.511250 0.259922 0.014500
5 0.475486 0.483600 0.048249 0.031400
0 0.326459 0.433250 0.368612 0.204500
4 0.817185 0.526850 0.166926 0.012100
3 0.800973 0.511900 0.199870 0.016000
5 0.884890 0.484550 0.050713 0.031500
2 0.802983 0.479150 0.109728 0.038100
4 0.859468 0.313600 0.180934 0.013000
0 0.629831 0.657500 0.245914 0.219200
0 0.823411 0.216650 0.285992 0.213300
1 0.292737 0.238400 0.065110 0.020200
1 0.608885 0.238000 0.063424 0.018600
0 0.755123 0.431550 0.329961 0.207100
1 0.456550 0.451000 0.061738 0.019000
1 0.865435 0.451250 0.062905 0.017900
0 0.198703 0.217000 0.317250 0.212200
0 0.851038 0.873150 0.225551 0.200900
1 0.914267 0.236450 0.062257 0.018700
0 0.861933 0.657200 0.199351 0.216400
4 0.185668 0.966600 0.217250 0.011000
1 0.257328 0.889950 0.061997 0.018700
1 0.454540 0.860350 0.061089 0.018100
1 0.686511 0.891550 0.063294 0.018300
1 0.914073 0.888500 0.064202 0.019600
1 0.906874 0.647700 0.063813 0.019000
1 0.707134 0.680900 0.063554 0.019000
1 0.439429 0.649000 0.062516 0.018600
0 0.623735 0.878150 0.214786 0.199900
0 0.403567 0.880900 0.206355 0.188800
0 0.176589 0.875750 0.247860 0.194300
2 0.230999 0.266450 0.109987 0.037100
2 0.394293 0.478900 0.107912 0.036800
2 0.624708 0.919850 0.108820 0.036500
2 0.392218 0.888300 0.108949 0.037200
2 0.195590 0.917900 0.109468 0.037600
3 0.181012 0.951580 0.224488 0.015560
5 0.275162 0.923150 0.046822 0.033700
4 0.409792 0.960600 0.160960 0.026000
3 0.414527 0.929200 0.153826 0.030200
5 0.473087 0.892250 0.048898 0.031300
0 0.171336 0.657250 0.264073 0.217500
