5 0.814793 0.480550 0.046641 0.032500
1 0.294832 0.676250 0.058656 0.017900
1 0.605362 0.675900 0.056460 0.018200
1 0.372739 0.890900 0.056848 0.014400
5 0.460530 0.480600 0.047158 0.032200
5 0.390568 0.924200 0.045736 0.032200
5 0.919703 0.692250 0.047933 0.034900
5 0.871770 0.923850 0.046124 0.028300
0 0.692313 0.877600 0.409948 0.199600
4 0.744251 0.523850 0.171964 0.010500
0 0.704780 0.211300 0.247028 0.214800
5 0.317119 0.708150 0.047416 0.029500
5 0.627132 0.709350 0.050129 0.032300
0 0.512416 0.664075 0.290181 0.195250
0 0.192054 0.670500 0.308398 0.186200
3 0.809109 0.727050 0.248191 0.031100
4 0.357817 0.967750 0.095995 0.010900
0 0.247933 0.874550 0.341085 0.201300
0 0.808656 0.662550 0.278036 0.193700
4 0.353941 0.304100 0.204264 0.009800
3 0.345155 0.289000 0.220543 0.012400
5 0.436951 0.257300 0.056848 0.038200
5 0.797545 0.265150 0.048579 0.030900
3 0.183463 0.736000 0.284755 0.014800
4 0.240116 0.752050 0.179974 0.011100
3 0.526163 0.736700 0.227261 0.013200
4 0.562274 0.752500 0.153747 0.011400
4 0.812468 0.752000 0.240439 0.010200
4 0.713760 0.968000 0.340956 0.010600
3 0.686370 0.952600 0.393669 0.013200
0 0.363114 0.431200 0.246641 0.207200
3 0.331008 0.952150 0.154522 0.014100
0 0.722804 0.431200 0.240439 0.203000
4 0.391150 0.524050 0.168346 0.010900
3 0.378618 0.509450 0.193669 0.015700
2 0.234948 0.703850 0.111240 0.036500
1 0.795478 0.447300 0.059432 0.017200
2 0.787468 0.917550 0.112920 0.036100
3 0.709044 0.294650 0.225323 0.016700
1 0.895543 0.658100 0.055685 0.016800
2 0.339470 0.251100 0.126486 0.045200
2 0.733075 0.475500 0.106460 0.038200
0 0.339729 0.211550 0.257752 0.202100
1 0.414922 0.216950 0.075323 0.022100
2 0.377842 0.475900 0.108915 0.038200
2 0.714212 0.260850 0.108010 0.037300
2 0.310013 0.919150 0.105814 0.037700
2 0.836693 0.688650 0.109302 0.037300
2 0.543411 0.704900 0.109302 0.036000
1 0.853295 0.890850 0.059819 0.017300
1 0.440827 0.447700 0.057623 0.017400
3 0.737726 0.508000 0.185013 0.013200
4 0.710917 0.310100 0.224935 0.011000
1 0.778230 0.233250 0.061370 0.017700
