3 0.162629 0.738400 0.176031 0.015600
5 0.236469 0.710400 0.047423 0.031600
4 0.859665 0.753150 0.171649 0.011100
1 0.217075 0.870700 0.060438 0.018800
5 0.236147 0.903350 0.048067 0.031300
3 0.617590 0.738550 0.217655 0.015500
5 0.712178 0.710800 0.048067 0.031600
1 0.691237 0.677950 0.061340 0.019500
4 0.377577 0.754150 0.223711 0.010100
3 0.377706 0.737000 0.222423 0.015800
1 0.915464 0.876350 0.064691 0.020500
4 0.676031 0.968000 0.100515 0.011000
4 0.852577 0.967800 0.196649 0.010800
3 0.859858 0.943900 0.183376 0.027600
5 0.935503 0.908200 0.047809 0.031000
0 0.815722 0.430400 0.266495 0.218000
0 0.538724 0.432600 0.243943 0.213600
3 0.195876 0.294400 0.263660 0.016600
4 0.212436 0.310200 0.230541 0.012400
1 0.611018 0.232550 0.060954 0.019900
4 0.555670 0.531450 0.180670 0.012900
3 0.574936 0.515700 0.141366 0.015000
5 0.631959 0.487250 0.047165 0.031300
1 0.611405 0.455000 0.060954 0.020000
4 0.212951 0.531850 0.235954 0.011100
3 0.190399 0.516300 0.278995 0.016400
5 0.316302 0.488900 0.046778 0.031600
1 0.295103 0.456050 0.060567 0.018900
2 0.233183 0.261100 0.110438 0.036800
2 0.552255 0.259800 0.110180 0.037200
2 0.836534 0.259650 0.111469 0.036900
2 0.841753 0.483600 0.110309 0.037200
2 0.855348 0.903750 0.105799 0.036300
1 0.454317 0.677950 0.060180 0.018900
4 0.165851 0.754300 0.171134 0.011800
0 0.193879 0.432600 0.295232 0.215400
3 0.662822 0.953050 0.129768 0.017100
5 0.474420 0.924450 0.048067 0.032100
1 0.453995 0.891800 0.061340 0.020000
4 0.153028 0.947000 0.198325 0.011800
5 0.475129 0.710600 0.047165 0.031200
5 0.922423 0.488500 0.047938 0.031200
3 0.381314 0.952250 0.217010 0.016300
3 0.859149 0.292400 0.142784 0.014800
0 0.823905 0.208750 0.256572 0.214900
0 0.852448 0.870050 0.216753 0.212700
0 0.623067 0.868500 0.233763 0.211400
0 0.525644 0.208300 0.266237 0.216000
0 0.193750 0.211050 0.293428 0.217300
0 0.619845 0.653550 0.236598 0.214100
0 0.381765 0.653950 0.236985 0.214700
0 0.149936 0.653850 0.222809 0.214900
3 0.523969 0.292000 0.244072 0.015200
4 0.522680 0.308200 0.246134 0.012000
1 0.895876 0.232400 0.062629 0.019200
1 0.900902 0.455900 0.061856 0.019600
2 0.849936 0.704600 0.110438 0.036600
2 0.630799 0.705150 0.110309 0.037100
2 0.632088 0.919300 0.111340 0.036600
5 0.313466 0.266950 0.048067 0.032100
5 0.713273 0.923800 0.047165 0.030800
4 0.851482 0.308050 0.157861 0.012900
1 0.215528 0.677850 0.061211 0.020500
4 0.842719 0.531200 0.188273 0.009800
3 0.845554 0.737200 0.200129 0.014800
3 0.835245 0.515800 0.202191 0.013200
3 0.163338 0.931700 0.175644 0.015000
5 0.931057 0.710100 0.047165 0.031200
2 0.395554 0.705400 0.110954 0.036600
2 0.155863 0.705700 0.109665 0.036000
2 0.156959 0.897700 0.109278 0.035800
2 0.394072 0.919000 0.110309 0.036000
2 0.552642 0.482250 0.112242 0.037100
2 0.234987 0.483500 0.109665 0.036600
1 0.910631 0.677450 0.060696 0.018700
4 0.626482 0.753850 0.198325 0.011100
1 0.692719 0.891750 0.061727 0.018700
4 0.386985 0.967500 0.205412 0.011800
0 0.385245 0.869000 0.232603 0.212200
0 0.155026 0.858950 0.214948 0.192300
0 0.851804 0.654000 0.216753 0.213200
1 0.293235 0.233650 0.060954 0.018700
5 0.632281 0.264400 0.048067 0.031200
5 0.916495 0.264550 0.048454 0.030900
