5 0.440951 0.790350 0.048828 0.029100
1 0.418164 0.757750 0.058984 0.018700
5 0.903320 0.513250 0.050911 0.029100
5 0.613411 0.507850 0.050000 0.031900
1 0.885612 0.479600 0.058724 0.014400
1 0.278906 0.477100 0.056250 0.017000
0 0.734896 0.771300 0.428646 0.131000
0 0.267904 0.773600 0.430339 0.126400
3 0.501172 0.683950 0.113021 0.009100
1 0.282096 0.622650 0.063411 0.020900
1 0.615951 0.894400 0.059505 0.018400
1 0.902018 0.623950 0.057943 0.016100
0 0.807422 0.487850 0.285417 0.134900
3 0.265234 0.820000 0.226042 0.008600
3 0.198047 0.684250 0.131250 0.008900
3 0.806380 0.539550 0.121094 0.009100
3 0.198958 0.539050 0.093490 0.010100
4 0.500326 0.692750 0.136589 0.008100
5 0.299154 0.654900 0.050651 0.029600
3 0.172396 0.956550 0.078646 0.007500
0 0.198503 0.631200 0.286328 0.136200
0 0.500651 0.640700 0.287240 0.117200
0 0.806576 0.631200 0.285547 0.133600
4 0.825195 0.965950 0.068880 0.008900
3 0.822135 0.956800 0.074740 0.007400
4 0.511133 0.965350 0.294922 0.007700
4 0.501042 0.547850 0.128125 0.007900
5 0.299674 0.508850 0.048307 0.028100
3 0.508333 0.956100 0.263802 0.006600
4 0.173763 0.965450 0.097786 0.008300
0 0.174674 0.909400 0.248828 0.121800
0 0.500130 0.909100 0.366406 0.123800
3 0.733984 0.820200 0.192969 0.007200
4 0.734961 0.828850 0.218359 0.007100
4 0.267578 0.828500 0.243750 0.007600
3 0.500391 0.540000 0.102604 0.008200
4 0.199023 0.547900 0.162109 0.007800
5 0.602474 0.656850 0.051823 0.031500
0 0.824544 0.912600 0.248047 0.116600
1 0.581706 0.623050 0.061068 0.015300
0 0.501497 0.477700 0.285547 0.152600
0 0.198633 0.478500 0.282943 0.155800
1 0.883333 0.759500 0.058333 0.017400
2 0.213737 0.504950 0.108203 0.034700
2 0.553451 0.922800 0.105339 0.039000
2 0.187044 0.921900 0.107422 0.036400
2 0.822201 0.786550 0.105339 0.035500
2 0.216146 0.651100 0.106510 0.036800
2 0.517969 0.652000 0.106510 0.036800
2 0.839388 0.651850 0.105339 0.037300
2 0.357552 0.786300 0.109896 0.036800
2 0.820508 0.508250 0.106641 0.037300
2 0.822917 0.921700 0.109635 0.036000
2 0.529883 0.505250 0.104297 0.035900
5 0.904427 0.927450 0.046094 0.032100
5 0.922526 0.657000 0.049740 0.033400
5 0.637370 0.927950 0.050260 0.031500
1 0.883398 0.893750 0.061589 0.018300
4 0.807747 0.548300 0.148568 0.008400
4 0.198958 0.692300 0.173958 0.008000
3 0.807031 0.683200 0.161458 0.010000
4 0.807096 0.692850 0.172266 0.008900
1 0.592513 0.476950 0.063151 0.016100
1 0.249414 0.894100 0.059245 0.017600
5 0.270833 0.926100 0.050260 0.028800
5 0.903646 0.790950 0.048177 0.029100
