0 0.261414 0.611950 0.366407 0.215300
1 0.850324 0.895200 0.058366 0.017600
0 0.260636 0.878100 0.372374 0.223800
1 0.389624 0.902250 0.059922 0.013700
0 0.698119 0.876600 0.411025 0.224400
1 0.846822 0.627650 0.065370 0.019100
4 0.800908 0.703750 0.199741 0.015700
3 0.794423 0.687750 0.214008 0.016300
0 0.734241 0.611450 0.386770 0.212700
5 0.409857 0.658600 0.052399 0.034600
3 0.800324 0.953500 0.187160 0.017200
1 0.390013 0.626750 0.061738 0.018300
3 0.296044 0.960900 0.285992 0.017600
4 0.800454 0.970300 0.185603 0.014000
4 0.287549 0.976750 0.302724 0.015300
5 0.411349 0.932650 0.050973 0.035300
2 0.326978 0.655650 0.109209 0.039100
2 0.328405 0.928600 0.112062 0.037800
2 0.783074 0.922600 0.109857 0.037800
2 0.783268 0.655850 0.107652 0.038500
5 0.865499 0.660450 0.051362 0.033300
3 0.346757 0.686150 0.178859 0.018500
4 0.348379 0.704600 0.175616 0.012000
5 0.865953 0.926650 0.052270 0.033500
