2 0.655344 0.180050 0.084334 0.025100
3 0.623206 0.677300 0.097657 0.008400
3 0.381552 0.675700 0.173060 0.010800
3 0.136969 0.667600 0.210981 0.011200
3 0.872108 0.516550 0.171157 0.010300
3 0.622767 0.517800 0.189019 0.010400
3 0.382870 0.514000 0.187701 0.019600
3 0.142240 0.528500 0.142167 0.011200
3 0.863104 0.360650 0.222255 0.020900
3 0.622182 0.363000 0.154173 0.019000
3 0.379209 0.364200 0.160176 0.020000
3 0.141362 0.363400 0.148902 0.021000
3 0.866398 0.213850 0.181698 0.019900
3 0.631991 0.204700 0.155930 0.020200
3 0.377526 0.227350 0.100293 0.008100
3 0.127526 0.228950 0.093119 0.008700
1 0.963177 0.549500 0.027379 0.007000
0 0.863763 0.318700 0.244363 0.147200
0 0.624671 0.923050 0.210981 0.133700
0 0.378258 0.927100 0.172328 0.127000
0 0.636969 0.635950 0.174963 0.114300
0 0.382577 0.621600 0.235725 0.140000
1 0.697218 0.636250 0.046266 0.010300
1 0.703660 0.912650 0.044217 0.011900
1 0.434407 0.929800 0.048902 0.013200
0 0.134187 0.921800 0.200732 0.139400
0 0.864641 0.770200 0.237921 0.142600
0 0.627306 0.773100 0.217716 0.138000
0 0.389092 0.769050 0.210981 0.147100
0 0.136384 0.784150 0.241728 0.114300
0 0.869619 0.920350 0.203660 0.138100
0 0.872694 0.618400 0.229722 0.148200
0 0.139458 0.622600 0.220351 0.143200
0 0.868448 0.476850 0.195168 0.130300
0 0.623719 0.470950 0.195315 0.141700
0 0.381772 0.473800 0.211567 0.141400
0 0.625329 0.325350 0.188287 0.135900
0 0.382357 0.326850 0.191654 0.131500
0 0.141947 0.327750 0.198975 0.129300
2 0.153441 0.207400 0.083163 0.025400
4 0.145315 0.836050 0.220059 0.008300
4 0.867716 0.686750 0.203075 0.007500
2 0.169546 0.950400 0.069107 0.020200
2 0.168960 0.916200 0.068814 0.020600
1 0.208565 0.935900 0.039385 0.008800
1 0.206515 0.900900 0.040849 0.008400
2 0.169034 0.881050 0.069253 0.020300
4 0.623499 0.532150 0.153294 0.016300
4 0.381406 0.533500 0.204978 0.017400
4 0.146120 0.538300 0.182723 0.008800
4 0.141069 0.382500 0.192240 0.016400
4 0.623353 0.687050 0.123133 0.007900
2 0.808126 0.944350 0.071303 0.021100
2 0.907906 0.784700 0.085212 0.025200
2 0.668741 0.805000 0.067496 0.020000
1 0.847584 0.928600 0.040996 0.009200
1 0.706662 0.789900 0.039971 0.009200
4 0.383895 0.383100 0.120059 0.016000
4 0.626281 0.383350 0.182870 0.017100
4 0.862518 0.381900 0.219912 0.017400
4 0.865593 0.233150 0.188580 0.016900
4 0.626501 0.229300 0.197365 0.025200
4 0.377160 0.237450 0.115081 0.008500
4 0.128770 0.238650 0.107321 0.007900
3 0.869912 0.967450 0.124890 0.018100
3 0.614568 0.958500 0.184334 0.019800
3 0.378917 0.975500 0.119180 0.008200
3 0.131479 0.976250 0.105124 0.008700
3 0.862445 0.813000 0.130747 0.020200
2 0.554978 0.804450 0.068375 0.020100
2 0.420425 0.795450 0.085652 0.024700
1 0.592753 0.789100 0.039092 0.009600
1 0.468668 0.775850 0.045388 0.012500
2 0.193558 0.804250 0.068814 0.020300
2 0.053660 0.806100 0.066325 0.019800
2 0.416325 0.653600 0.084480 0.024800
2 0.174671 0.639050 0.083748 0.024900
1 0.231186 0.789450 0.036018 0.008500
1 0.093338 0.791350 0.035871 0.008300
1 0.223719 0.621000 0.046266 0.009600
2 0.920717 0.651100 0.068375 0.020400
2 0.649268 0.654550 0.084187 0.025100
1 0.958492 0.635800 0.039385 0.009400
1 0.465007 0.635200 0.046266 0.010000
3 0.622152 0.825145 0.145739 0.010690
2 0.925095 0.563450 0.068375 0.020400
5 0.232577 0.502850 0.029429 0.025100
5 0.942533 0.495150 0.028843 0.024300
5 0.701684 0.496400 0.030015 0.025400
3 0.867643 0.676550 0.169253 0.009900
3 0.143631 0.825350 0.171889 0.010100
3 0.373646 0.822150 0.122987 0.009500
2 0.166252 0.341450 0.084187 0.024700
1 0.952855 0.317850 0.045095 0.011100
1 0.833163 0.317800 0.047584 0.011600
1 0.680234 0.314700 0.048609 0.010800
1 0.449780 0.321800 0.048609 0.011800
1 0.213031 0.323750 0.047438 0.010900
1 0.221376 0.484850 0.051537 0.011300
2 0.175988 0.503150 0.084627 0.024700
1 0.454173 0.471100 0.046852 0.010200
1 0.692826 0.477750 0.048609 0.010700
1 0.935212 0.477550 0.042020 0.011700
2 0.407028 0.489450 0.082577 0.025100
2 0.645534 0.496750 0.084334 0.024900
2 0.888507 0.495400 0.079502 0.023400
1 0.700805 0.161850 0.044656 0.011300
1 0.469693 0.182000 0.048902 0.011400
2 0.423133 0.200350 0.084627 0.025700
5 0.705564 0.654550 0.031332 0.025100
5 0.462299 0.489450 0.030307 0.025100
5 0.222108 0.341550 0.030454 0.024700
5 0.842972 0.335950 0.030600 0.024700
5 0.689605 0.332750 0.031332 0.024900
5 0.459736 0.339800 0.030747 0.024000
5 0.710981 0.179700 0.028990 0.024600
5 0.476940 0.795550 0.029429 0.024900
5 0.855637 0.944350 0.024305 0.021300
5 0.966179 0.784850 0.031918 0.024700
5 0.714422 0.805250 0.023572 0.020100
5 0.215520 0.880900 0.026647 0.020600
5 0.443997 0.948100 0.032357 0.024600
5 0.710908 0.931400 0.030600 0.024600
5 0.955564 0.944000 0.027086 0.020800
5 0.215373 0.950700 0.026061 0.019200
5 0.214861 0.916200 0.025329 0.020200
5 0.970937 0.563600 0.025037 0.019600
5 0.964422 0.336250 0.033382 0.021900
0 0.135578 0.168500 0.179795 0.153600
2 0.634700 0.332700 0.084480 0.025000
5 0.943558 0.186000 0.031772 0.024400
5 0.210395 0.207600 0.031332 0.025800
5 0.480234 0.200900 0.031625 0.025800
5 0.600512 0.804650 0.022987 0.019500
2 0.905930 0.336400 0.083602 0.023800
1 0.948023 0.928650 0.040996 0.008700
2 0.907101 0.944400 0.071889 0.020600
2 0.655344 0.931350 0.084627 0.024700
2 0.387262 0.948650 0.084627 0.024900
0 0.864348 0.176900 0.196340 0.131400
0 0.151098 0.476000 0.198829 0.135400
2 0.787189 0.336250 0.084480 0.025700
1 0.934773 0.167350 0.046413 0.011500
2 0.887042 0.185950 0.081845 0.024900
1 0.200732 0.188850 0.048316 0.010900
4 0.372621 0.835600 0.172182 0.010000
4 0.621742 0.835550 0.182284 0.008700
4 0.864275 0.831700 0.173353 0.016800
4 0.131845 0.985250 0.140996 0.008500
1 0.959517 0.766300 0.045534 0.011400
4 0.378111 0.984550 0.168521 0.008900
4 0.619180 0.979300 0.159590 0.017000
4 0.865007 0.982950 0.173939 0.009100
0 0.383382 0.186800 0.230600 0.112400
0 0.626647 0.174300 0.205271 0.140200
2 0.402269 0.340250 0.084480 0.024500
4 0.380747 0.686050 0.188726 0.008100
4 0.861713 0.531150 0.165886 0.016100
4 0.137628 0.682750 0.207321 0.018300
1 0.206515 0.866350 0.044949 0.007300
5 0.966691 0.651200 0.025622 0.020400
5 0.472474 0.653350 0.030454 0.024900
5 0.238580 0.804250 0.023280 0.020900
5 0.099122 0.805650 0.027526 0.019100
5 0.231186 0.639250 0.030747 0.024500
