3 0.149566 0.808900 0.217511 0.011800
3 0.369103 0.810300 0.133864 0.010000
5 0.473010 0.646650 0.029667 0.023300
5 0.693198 0.646500 0.029522 0.024200
5 0.932489 0.646700 0.029088 0.025000
5 0.931693 0.500750 0.029812 0.023300
5 0.473372 0.210750 0.030680 0.025300
5 0.473806 0.355300 0.028365 0.024600
5 0.692619 0.210450 0.030970 0.024100
0 0.373227 0.468400 0.207525 0.145800
5 0.692909 0.355300 0.030680 0.024400
5 0.235890 0.938950 0.028654 0.024500
4 0.148553 0.535650 0.121997 0.008300
4 0.387771 0.535600 0.135601 0.008200
4 0.607236 0.535400 0.168162 0.008200
4 0.848480 0.539300 0.164110 0.016000
3 0.369392 0.380300 0.141389 0.008400
3 0.611360 0.380750 0.141968 0.008500
3 0.846454 0.379700 0.070333 0.009800
3 0.151230 0.526850 0.076990 0.008500
3 0.387554 0.525350 0.101881 0.009900
3 0.607453 0.526000 0.110420 0.008400
3 0.849349 0.525650 0.206078 0.010700
3 0.142836 0.671900 0.106223 0.010600
3 0.369465 0.673550 0.072938 0.007900
3 0.612012 0.673000 0.109117 0.008800
3 0.845658 0.671600 0.143126 0.011000
4 0.612012 0.681250 0.181187 0.008500
4 0.369899 0.389700 0.142692 0.008000
4 0.612735 0.389550 0.183502 0.007300
4 0.847106 0.390050 0.142836 0.008300
4 0.845369 0.244750 0.144863 0.007500
4 0.612446 0.245000 0.155427 0.007400
4 0.369320 0.244950 0.103329 0.007700
4 0.150145 0.245000 0.067583 0.007400
3 0.852243 0.805450 0.181187 0.018900
0 0.139001 0.183550 0.201592 0.133700
0 0.384226 0.177300 0.216498 0.147000
0 0.608104 0.177900 0.204342 0.146200
0 0.847395 0.175700 0.217800 0.149400
0 0.144718 0.327800 0.190449 0.135000
0 0.383502 0.326500 0.220260 0.136000
0 0.848698 0.325300 0.203039 0.141200
0 0.618669 0.472500 0.221418 0.136800
5 0.717800 0.939150 0.030970 0.025700
5 0.942547 0.941800 0.030101 0.024200
5 0.229595 0.646800 0.029378 0.024000
5 0.223227 0.784000 0.029957 0.025200
0 0.850651 0.474850 0.224602 0.150500
0 0.613748 0.763550 0.210709 0.123100
0 0.851158 0.760300 0.235745 0.146400
0 0.149349 0.909100 0.216498 0.139400
0 0.617583 0.909450 0.239508 0.136500
0 0.851881 0.907650 0.225904 0.139900
1 0.684298 0.337750 0.047033 0.010900
1 0.226628 0.920850 0.047757 0.010300
2 0.636903 0.354900 0.078726 0.023400
1 0.463097 0.921100 0.045152 0.011000
2 0.181187 0.938750 0.081042 0.024500
2 0.418307 0.938950 0.080897 0.023500
2 0.662808 0.939250 0.081621 0.024300
2 0.878292 0.354850 0.081910 0.024500
2 0.877858 0.210400 0.082779 0.024600
0 0.381114 0.757300 0.222721 0.135600
5 0.222069 0.211250 0.030246 0.023500
5 0.932996 0.210450 0.030391 0.024700
5 0.932923 0.781900 0.030535 0.024800
2 0.638133 0.210500 0.082344 0.024400
1 0.923951 0.337300 0.047902 0.010400
1 0.923444 0.192350 0.047178 0.010300
1 0.684298 0.192100 0.045586 0.011200
4 0.149566 0.389950 0.164255 0.007500
5 0.473372 0.783950 0.029522 0.024700
2 0.406223 0.500750 0.081621 0.024300
1 0.214544 0.336850 0.045876 0.011300
1 0.464110 0.337000 0.046310 0.011200
1 0.213386 0.483450 0.048770 0.010900
1 0.451809 0.482850 0.047757 0.011700
1 0.702388 0.482850 0.046744 0.010300
2 0.169103 0.355500 0.080318 0.024400
2 0.419682 0.354950 0.081042 0.024500
2 0.168741 0.501050 0.080753 0.023900
2 0.656585 0.500700 0.081331 0.025000
1 0.922721 0.483100 0.048336 0.010800
1 0.687988 0.766550 0.044284 0.010500
1 0.923661 0.764100 0.047033 0.010800
1 0.934226 0.924200 0.045876 0.009800
0 0.613242 0.615500 0.194935 0.143600
0 0.615847 0.332600 0.219826 0.125600
0 0.147974 0.479850 0.215774 0.123500
3 0.149711 0.235800 0.054848 0.009800
3 0.369320 0.235050 0.089436 0.010100
3 0.611577 0.235850 0.122142 0.008900
3 0.846454 0.235250 0.120695 0.012100
3 0.149493 0.379650 0.172793 0.011300
4 0.369754 0.681400 0.119247 0.008200
4 0.142185 0.681850 0.164255 0.008700
4 0.148915 0.823700 0.171056 0.016400
4 0.612735 0.819500 0.204052 0.008000
4 0.851158 0.823800 0.232272 0.017200
4 0.851447 0.972300 0.170043 0.007800
4 0.617945 0.972150 0.235022 0.007700
4 0.375109 0.973050 0.176556 0.007900
4 0.150000 0.973200 0.210275 0.007600
3 0.851447 0.963000 0.105789 0.008600
3 0.620116 0.963200 0.173372 0.009800
3 0.374385 0.964100 0.113748 0.009400
3 0.149711 0.963500 0.135022 0.007800
3 0.612156 0.810150 0.175977 0.009300
4 0.847612 0.681450 0.162373 0.007700
2 0.877569 0.781650 0.079305 0.024500
1 0.708466 0.919450 0.048480 0.014100
2 0.887771 0.941600 0.080608 0.024000
1 0.220767 0.629100 0.048191 0.010600
1 0.214761 0.766400 0.047467 0.010000
1 0.465051 0.766450 0.045876 0.010500
2 0.174457 0.646850 0.083213 0.024100
2 0.168958 0.784000 0.080318 0.024600
2 0.419175 0.784500 0.080897 0.024400
2 0.638278 0.784500 0.080897 0.024600
0 0.145441 0.616300 0.220260 0.142800
0 0.383285 0.908550 0.212590 0.138900
2 0.638857 0.646750 0.081476 0.024500
2 0.878220 0.646950 0.081476 0.024100
2 0.877207 0.500850 0.081187 0.024100
0 0.149349 0.764300 0.221418 0.138000
0 0.842113 0.624800 0.215919 0.123000
1 0.212880 0.192850 0.046889 0.011500
0 0.384588 0.626500 0.216932 0.120600
5 0.694718 0.784550 0.032272 0.024900
5 0.710926 0.500300 0.029378 0.025000
5 0.459986 0.501250 0.031114 0.023900
5 0.221346 0.500900 0.031693 0.023800
5 0.222865 0.355050 0.028654 0.023700
5 0.473082 0.939050 0.028944 0.023900
5 0.933068 0.355000 0.029088 0.024000
4 0.369906 0.819350 0.178307 0.008700
2 0.419682 0.646750 0.080753 0.023700
1 0.923661 0.629250 0.047323 0.010700
1 0.684226 0.629100 0.048046 0.011000
1 0.464038 0.628900 0.045297 0.010800
2 0.417656 0.210750 0.082779 0.024700
2 0.168234 0.210850 0.082055 0.025500
1 0.466425 0.192500 0.043126 0.011200
