3 0.506536 0.509600 0.246013 0.016000
3 0.808301 0.741150 0.260000 0.014500
0 0.500261 0.431850 0.287059 0.206100
5 0.613856 0.483700 0.049412 0.033400
1 0.593922 0.449550 0.063660 0.018500
4 0.521503 0.525950 0.219216 0.013500
0 0.807320 0.434800 0.272941 0.205000
5 0.909020 0.482000 0.052288 0.032800
3 0.815556 0.508800 0.220654 0.017800
4 0.833595 0.524850 0.185621 0.015100
0 0.809150 0.661150 0.267712 0.207100
1 0.888431 0.680900 0.063922 0.019000
5 0.910065 0.714200 0.051503 0.034000
4 0.822810 0.756500 0.233333 0.011800
0 0.501699 0.661900 0.318431 0.206600
1 0.594575 0.680900 0.065752 0.018600
3 0.528366 0.741150 0.227974 0.017700
1 0.830196 0.891250 0.062222 0.018900
1 0.390850 0.892300 0.063007 0.019000
1 0.887647 0.450400 0.063137 0.017800
4 0.540261 0.756750 0.203137 0.012700
4 0.225033 0.526300 0.205621 0.011600
3 0.192941 0.509500 0.269804 0.017000
1 0.291111 0.449750 0.063268 0.018900
0 0.199935 0.433850 0.292157 0.199500
1 0.905425 0.207750 0.063922 0.018100
0 0.810261 0.220000 0.285621 0.213600
4 0.543203 0.316250 0.191242 0.014900
3 0.522484 0.300450 0.236340 0.017700
5 0.622549 0.273500 0.050327 0.034400
1 0.603007 0.241100 0.064575 0.018600
0 0.523399 0.219100 0.280000 0.213200
1 0.286601 0.238950 0.063399 0.018100
0 0.193464 0.218400 0.300915 0.211400
5 0.614902 0.713300 0.051503 0.030800
3 0.748105 0.950700 0.259608 0.017000
5 0.850458 0.924500 0.052810 0.033200
0 0.708235 0.874600 0.356078 0.202200
4 0.293922 0.968400 0.292157 0.011400
0 0.289281 0.876450 0.322614 0.199500
4 0.263725 0.754900 0.142092 0.013600
5 0.305294 0.711900 0.051373 0.033200
1 0.284771 0.678650 0.062614 0.018100
0 0.190915 0.660150 0.294248 0.209300
5 0.310784 0.482450 0.050850 0.033300
4 0.806497 0.306480 0.274118 0.024900
5 0.925098 0.238850 0.050980 0.033100
3 0.809673 0.275450 0.266667 0.031500
2 0.540980 0.269150 0.109935 0.036700
4 0.189869 0.315650 0.267059 0.012100
3 0.186536 0.299600 0.274771 0.014800
5 0.306471 0.272100 0.050327 0.032200
2 0.225686 0.267800 0.107843 0.038000
4 0.770065 0.966900 0.215686 0.012600
2 0.767974 0.919800 0.109020 0.037400
3 0.287516 0.952900 0.312026 0.016800
5 0.410850 0.924350 0.052549 0.033100
2 0.328039 0.920850 0.108627 0.038100
3 0.251176 0.738900 0.160392 0.014800
2 0.531830 0.478100 0.110719 0.037400
2 0.827778 0.478750 0.106797 0.039300
2 0.827255 0.709200 0.109673 0.037600
2 0.532288 0.708950 0.109020 0.036700
2 0.223137 0.707200 0.109281 0.036600
2 0.843203 0.235900 0.112810 0.037600
2 0.229346 0.478050 0.109150 0.037100
