2 0.211704 0.882800 0.109233 0.036000
0 0.516125 0.841550 0.260858 0.200700
0 0.185566 0.837050 0.257737 0.209100
5 0.448179 0.669700 0.044083 0.029600
5 0.291678 0.887250 0.042913 0.030100
5 0.937841 0.887200 0.046294 0.027200
1 0.428804 0.636550 0.059688 0.016500
5 0.620286 0.887500 0.045514 0.029400
1 0.600780 0.855600 0.059038 0.016400
5 0.834850 0.668400 0.042653 0.027800
3 0.384200 0.696150 0.156697 0.014100
4 0.841157 0.931000 0.222237 0.013600
3 0.861704 0.914050 0.179584 0.016700
1 0.915995 0.855350 0.061118 0.017900
1 0.814564 0.636350 0.060858 0.017100
4 0.362679 0.711850 0.203381 0.012900
3 0.718401 0.697400 0.258908 0.013200
3 0.541027 0.914300 0.191547 0.017000
4 0.212679 0.929350 0.198049 0.015500
4 0.755722 0.712000 0.188166 0.014000
1 0.272562 0.854850 0.060078 0.017300
4 0.543043 0.932300 0.190117 0.014800
2 0.539727 0.883400 0.107282 0.035000
2 0.853576 0.882800 0.104811 0.036400
2 0.367815 0.664150 0.110403 0.036300
3 0.209103 0.913400 0.203901 0.016400
2 0.755072 0.664200 0.111443 0.036000
0 0.315735 0.617550 0.312354 0.202300
0 0.720052 0.618550 0.274512 0.206600
0 0.829779 0.842450 0.262159 0.194300
