2 0.536911 0.698500 0.110733 0.037400
1 0.625524 0.231000 0.061257 0.019200
5 0.645942 0.262800 0.047644 0.029200
3 0.617932 0.290450 0.103665 0.016300
4 0.609686 0.306050 0.121990 0.012700
5 0.311976 0.484150 0.048298 0.031900
5 0.285209 0.704300 0.049215 0.032200
0 0.816950 0.214200 0.263482 0.199600
3 0.224346 0.731550 0.152094 0.012900
4 0.211453 0.747150 0.178141 0.011100
0 0.523691 0.213250 0.301047 0.202700
5 0.672709 0.922050 0.048037 0.030700
3 0.548429 0.949300 0.275654 0.014400
4 0.573233 0.966300 0.228927 0.013200
2 0.838678 0.257950 0.111387 0.037100
2 0.566099 0.257900 0.110995 0.035200
3 0.809882 0.876500 0.231545 0.011400
1 0.263547 0.671200 0.061911 0.019600
4 0.575131 0.527300 0.140838 0.010600
3 0.561846 0.511950 0.166099 0.013300
4 0.251767 0.527200 0.150393 0.012000
3 0.217016 0.510200 0.219372 0.017000
1 0.898429 0.230650 0.061518 0.019700
5 0.325982 0.921800 0.048822 0.030800
3 0.194175 0.949400 0.296990 0.013600
4 0.213351 0.965050 0.257853 0.010100
1 0.890969 0.817950 0.060471 0.019300
1 0.651963 0.889850 0.060995 0.019300
4 0.290838 0.306850 0.165707 0.010700
5 0.357984 0.264400 0.045550 0.031800
1 0.337827 0.231900 0.060995 0.018600
3 0.276832 0.291600 0.191361 0.013600
0 0.224280 0.211000 0.317670 0.206200
2 0.230628 0.478900 0.110209 0.036600
2 0.548757 0.478800 0.108246 0.036400
2 0.204319 0.698900 0.108901 0.037200
4 0.814660 0.892200 0.225131 0.010200
0 0.184031 0.659850 0.261257 0.198500
2 0.245877 0.917000 0.108770 0.036000
2 0.278469 0.259000 0.109817 0.036400
2 0.590969 0.917550 0.110471 0.037500
2 0.830432 0.844650 0.109031 0.037100
1 0.596924 0.670700 0.060602 0.019200
5 0.918717 0.263650 0.046597 0.030300
3 0.859620 0.289350 0.171073 0.015900
4 0.866427 0.306700 0.157199 0.011000
1 0.290380 0.451500 0.061126 0.020200
1 0.610602 0.452100 0.060471 0.018600
5 0.631217 0.484300 0.049084 0.031400
0 0.488874 0.657850 0.317016 0.192500
0 0.197971 0.872800 0.311126 0.198200
0 0.816492 0.790450 0.248429 0.218700
0 0.553927 0.876150 0.292147 0.198300
0 0.521335 0.428550 0.275131 0.212100
0 0.196466 0.425600 0.284817 0.217600
5 0.911584 0.849650 0.050131 0.031100
1 0.305105 0.889650 0.059948 0.018700
4 0.508312 0.745650 0.250916 0.011700
3 0.484228 0.730150 0.295419 0.011700
5 0.618128 0.703500 0.049607 0.031800
