4 0.346094 0.535200 0.435417 0.013600
5 0.543229 0.698650 0.047656 0.029700
3 0.424414 0.726300 0.270703 0.017600
5 0.936654 0.702350 0.047266 0.029700
5 0.894401 0.935050 0.047396 0.030300
3 0.802930 0.960650 0.211589 0.016300
0 0.308203 0.200350 0.338281 0.217300
1 0.427214 0.226050 0.061979 0.019700
2 0.814388 0.928850 0.111328 0.034500
1 0.524544 0.441950 0.063151 0.018900
4 0.820443 0.300000 0.189323 0.010600
3 0.810091 0.284800 0.212109 0.013600
2 0.341732 0.897850 0.107943 0.034500
1 0.921615 0.457750 0.061719 0.020100
1 0.874154 0.901750 0.062109 0.019700
0 0.340885 0.436100 0.465365 0.216000
0 0.764128 0.200050 0.307682 0.212700
5 0.448177 0.258900 0.049740 0.031800
4 0.373893 0.301550 0.174609 0.009100
3 0.358919 0.286200 0.205599 0.013600
3 0.348503 0.509550 0.433203 0.032700
5 0.545182 0.475250 0.049479 0.030500
1 0.523112 0.666100 0.062370 0.018400
3 0.813411 0.729200 0.275000 0.014800
0 0.268750 0.874400 0.376302 0.227000
0 0.819141 0.660150 0.293229 0.190500
0 0.378385 0.653500 0.380729 0.193600
0 0.833594 0.433400 0.272656 0.218600
2 0.861198 0.484800 0.111458 0.035600
2 0.809570 0.251900 0.111328 0.035600
2 0.464388 0.469850 0.111589 0.037500
2 0.366211 0.253050 0.110807 0.037500
4 0.832161 0.746300 0.238802 0.012000
1 0.403255 0.871650 0.060156 0.019300
5 0.422396 0.903450 0.050260 0.030700
4 0.278190 0.970100 0.346224 0.025800
2 0.856445 0.697600 0.108984 0.036800
0 0.767122 0.880750 0.306120 0.217100
4 0.842383 0.978100 0.136068 0.011400
3 0.282161 0.939450 0.334896 0.027700
2 0.462956 0.692700 0.110547 0.035800
1 0.868815 0.225050 0.063151 0.019700
5 0.941471 0.490000 0.048307 0.032200
5 0.890169 0.256850 0.048828 0.031100
3 0.852539 0.517050 0.210547 0.015900
4 0.862695 0.533200 0.187370 0.010200
4 0.456380 0.741300 0.203125 0.010600
1 0.915625 0.670250 0.061719 0.018900
