1 0.292222 0.884550 0.061830 0.018300
3 0.843922 0.297100 0.207582 0.015800
0 0.611830 0.431100 0.253203 0.189200
3 0.515163 0.943800 0.258301 0.015200
4 0.508693 0.959800 0.275163 0.010400
5 0.907843 0.916700 0.047843 0.031800
0 0.534837 0.654550 0.249804 0.205500
0 0.193725 0.650550 0.303791 0.212700
3 0.238105 0.274150 0.186013 0.030500
5 0.630523 0.916750 0.048235 0.033100
5 0.933399 0.270850 0.048235 0.030900
5 0.315294 0.238450 0.048105 0.030500
1 0.612614 0.674750 0.061569 0.019500
5 0.633203 0.707200 0.049150 0.031800
4 0.246797 0.304950 0.171242 0.027100
3 0.550196 0.734550 0.193987 0.017100
4 0.554052 0.749500 0.188105 0.011800
4 0.610523 0.517450 0.235686 0.012900
1 0.692745 0.441650 0.062876 0.019300
2 0.853268 0.264450 0.110980 0.035700
3 0.831765 0.734250 0.206013 0.015900
2 0.238301 0.701750 0.111634 0.037100
2 0.550784 0.911900 0.109935 0.036600
0 0.189608 0.863350 0.305490 0.208100
1 0.214706 0.409250 0.061569 0.017900
4 0.859346 0.312750 0.176993 0.011700
0 0.845425 0.433550 0.215294 0.185500
1 0.431830 0.411450 0.061830 0.019300
4 0.235163 0.749800 0.197908 0.010400
3 0.232026 0.734050 0.207320 0.014500
3 0.841830 0.501500 0.201830 0.014800
5 0.927255 0.474550 0.047451 0.030900
1 0.907451 0.442050 0.060654 0.018900
4 0.837255 0.959500 0.171242 0.012600
0 0.525359 0.215050 0.266928 0.210100
0 0.192680 0.211850 0.297778 0.216700
5 0.633529 0.269450 0.048497 0.031300
1 0.898954 0.674700 0.060131 0.018600
1 0.887712 0.884500 0.060915 0.018400
1 0.295752 0.206500 0.060523 0.018600
0 0.513922 0.863400 0.293464 0.206800
0 0.822222 0.655700 0.264575 0.207800
0 0.163007 0.426550 0.192157 0.197700
1 0.611961 0.237350 0.061569 0.018700
4 0.842549 0.750200 0.184706 0.011000
5 0.919804 0.707100 0.048497 0.032600
5 0.313399 0.916600 0.047974 0.031400
3 0.183464 0.943800 0.286667 0.014800
4 0.206405 0.959550 0.243399 0.011100
1 0.610523 0.884450 0.061830 0.018900
1 0.913137 0.237700 0.060523 0.018400
4 0.561111 0.312300 0.173725 0.012000
3 0.533529 0.296600 0.225229 0.017000
4 0.376601 0.510200 0.182745 0.028000
3 0.369281 0.479250 0.197124 0.029900
5 0.452614 0.443450 0.047974 0.031100
4 0.165294 0.507900 0.171111 0.028200
3 0.165817 0.475600 0.168497 0.032600
5 0.233987 0.441200 0.047843 0.030000
5 0.318889 0.707800 0.049542 0.032200
1 0.297908 0.674450 0.060131 0.018100
4 0.847386 0.517250 0.189412 0.012900
3 0.616601 0.501000 0.220392 0.015200
5 0.713137 0.474850 0.047974 0.031100
2 0.234706 0.233700 0.107843 0.036200
2 0.827647 0.911700 0.110196 0.035800
2 0.372092 0.438550 0.109673 0.034900
2 0.154118 0.435900 0.109281 0.036600
2 0.552353 0.702100 0.110980 0.035800
2 0.847190 0.469100 0.109542 0.037200
2 0.632353 0.469400 0.109412 0.036000
2 0.232484 0.911200 0.109935 0.036400
2 0.553072 0.264800 0.110850 0.036600
2 0.838758 0.701550 0.112288 0.036700
0 0.824379 0.872900 0.224967 0.189200
3 0.823007 0.943950 0.198431 0.014700
0 0.373333 0.427250 0.210980 0.199100
0 0.812222 0.212600 0.295817 0.216000
