0 0.133236 0.767550 0.236896 0.148900
1 0.215227 0.169600 0.047731 0.012000
1 0.931918 0.327600 0.046266 0.010400
1 0.443924 0.172600 0.043924 0.009800
2 0.396120 0.189600 0.084480 0.025000
2 0.645681 0.189450 0.084041 0.024900
2 0.411640 0.805300 0.083602 0.025000
2 0.178770 0.784500 0.082577 0.025200
1 0.225403 0.765550 0.043192 0.011300
0 0.379063 0.469650 0.248609 0.144500
0 0.139092 0.476050 0.200878 0.128300
0 0.629429 0.326250 0.197072 0.129700
0 0.370717 0.170850 0.194143 0.146100
0 0.380234 0.321950 0.236018 0.136300
1 0.452635 0.619400 0.049341 0.011200
1 0.940117 0.470000 0.044510 0.008800
2 0.410395 0.953350 0.085505 0.024700
1 0.228331 0.619150 0.052562 0.011900
2 0.406223 0.637650 0.084187 0.024900
2 0.181772 0.637100 0.082723 0.024200
2 0.651318 0.646350 0.084773 0.024700
1 0.699048 0.627900 0.044949 0.010400
2 0.893411 0.487850 0.083455 0.024900
1 0.691801 0.484000 0.046559 0.011000
2 0.906003 0.639250 0.082870 0.023700
1 0.462811 0.464400 0.044510 0.010400
2 0.643924 0.502500 0.083748 0.025200
2 0.415081 0.482250 0.084334 0.024900
1 0.706223 0.915450 0.049927 0.010100
0 0.139019 0.324350 0.186969 0.136300
0 0.863177 0.179750 0.227086 0.126300
1 0.688799 0.790500 0.047877 0.009200
0 0.627160 0.773250 0.176720 0.139900
0 0.143411 0.174050 0.208638 0.141500
5 0.707833 0.646300 0.030600 0.024600
5 0.949414 0.487800 0.029722 0.025600
5 0.960835 0.639500 0.029722 0.024400
0 0.623792 0.643350 0.229136 0.096900
5 0.940630 0.345250 0.029136 0.024900
5 0.958931 0.197700 0.028551 0.023800
5 0.702343 0.189500 0.029283 0.024600
2 0.157540 0.354700 0.082577 0.024800
2 0.163250 0.504750 0.083455 0.023900
1 0.209663 0.487000 0.047438 0.010800
1 0.471669 0.336100 0.046120 0.009200
1 0.204246 0.336800 0.046266 0.013200
2 0.423353 0.353450 0.083309 0.024500
2 0.653880 0.355550 0.081991 0.024900
1 0.702782 0.336700 0.046559 0.011600
2 0.884993 0.345500 0.082723 0.024800
1 0.950293 0.179800 0.046706 0.011400
2 0.903148 0.197750 0.084187 0.024100
1 0.691435 0.171650 0.050512 0.010500
4 0.862811 0.380950 0.157540 0.016300
2 0.640849 0.808900 0.084041 0.025800
2 0.888946 0.799700 0.085359 0.024400
4 0.377745 0.235300 0.136164 0.015400
4 0.624597 0.233600 0.156369 0.016400
3 0.619327 0.215000 0.138507 0.019000
4 0.135798 0.233950 0.165593 0.016700
3 0.373353 0.215250 0.138799 0.018700
0 0.865373 0.621600 0.230600 0.145200
3 0.625769 0.667800 0.176574 0.009200
3 0.853294 0.662150 0.175695 0.020500
4 0.626574 0.681950 0.133382 0.016500
4 0.857174 0.683650 0.210395 0.017100
0 0.865373 0.324300 0.189019 0.132200
4 0.138067 0.535100 0.198536 0.008000
3 0.373353 0.506950 0.218741 0.021100
3 0.863250 0.368150 0.169546 0.008700
3 0.137482 0.525050 0.180966 0.010700
3 0.373939 0.374900 0.124451 0.009800
4 0.374231 0.385100 0.146413 0.008000
4 0.623572 0.386600 0.184480 0.007800
3 0.134261 0.214200 0.183016 0.018600
1 0.934187 0.782150 0.052855 0.009700
1 0.457394 0.787150 0.050952 0.013100
3 0.625476 0.376200 0.163982 0.009000
5 0.479429 0.353000 0.030600 0.024800
5 0.212738 0.355350 0.027818 0.022900
5 0.471376 0.482300 0.029136 0.024600
5 0.700732 0.502650 0.031332 0.025300
5 0.238214 0.636650 0.031918 0.024100
0 0.858931 0.917300 0.217716 0.146600
0 0.142313 0.917650 0.226647 0.143700
5 0.467277 0.953650 0.030307 0.024700
5 0.719400 0.933800 0.030600 0.025600
5 0.949341 0.950150 0.029575 0.024500
5 0.451318 0.189550 0.029722 0.024700
3 0.865447 0.825800 0.127672 0.009200
4 0.133602 0.830900 0.232650 0.016800
4 0.384700 0.836000 0.264861 0.008400
4 0.615007 0.837400 0.149195 0.008400
0 0.383821 0.622150 0.195168 0.139300
3 0.381040 0.663200 0.175549 0.018800
3 0.127233 0.663150 0.117130 0.020300
4 0.377818 0.682700 0.178477 0.017200
4 0.131406 0.682900 0.150659 0.017000
4 0.865227 0.531850 0.223865 0.016900
4 0.378624 0.532300 0.246266 0.017600
4 0.617789 0.536050 0.178184 0.007300
3 0.620717 0.524000 0.174671 0.008600
3 0.871523 0.511350 0.189605 0.021100
3 0.137848 0.378000 0.152123 0.010600
4 0.860322 0.238050 0.154905 0.007700
4 0.137482 0.387400 0.116837 0.007600
3 0.861420 0.222000 0.114056 0.019200
0 0.621889 0.175300 0.198097 0.134400
0 0.868228 0.471300 0.234553 0.142400
5 0.697950 0.809000 0.033089 0.025600
5 0.468887 0.806100 0.032650 0.025800
0 0.628990 0.919300 0.214934 0.140800
0 0.378404 0.917250 0.228551 0.147700
0 0.871596 0.775500 0.183895 0.131200
0 0.384919 0.766950 0.267057 0.148500
0 0.140117 0.620100 0.232211 0.145800
3 0.852050 0.974950 0.178184 0.011100
0 0.618448 0.493450 0.199414 0.093900
2 0.170425 0.188500 0.086384 0.025400
1 0.940630 0.932400 0.043485 0.009800
1 0.452123 0.934850 0.058272 0.011100
2 0.893924 0.950100 0.082723 0.025400
2 0.662592 0.933450 0.084773 0.025700
1 0.225769 0.912700 0.046559 0.009200
2 0.180820 0.931550 0.085505 0.026500
3 0.142899 0.960050 0.178038 0.021500
4 0.139971 0.979650 0.208785 0.017300
3 0.372987 0.975350 0.181406 0.008700
4 0.373646 0.984950 0.214641 0.008500
4 0.615007 0.980300 0.150366 0.017600
3 0.616252 0.960800 0.182430 0.020800
5 0.945461 0.799600 0.031479 0.026600
5 0.234993 0.784500 0.030747 0.025600
5 0.237555 0.931450 0.027086 0.027300
5 0.463031 0.637250 0.030600 0.024900
1 0.952050 0.621550 0.046413 0.010700
5 0.218960 0.504750 0.028843 0.023100
5 0.709956 0.355950 0.031625 0.025500
4 0.865154 0.835850 0.162811 0.008500
4 0.859004 0.985100 0.214641 0.008000
3 0.130527 0.808500 0.208638 0.020200
3 0.382796 0.826250 0.203660 0.010700
3 0.615447 0.827450 0.092094 0.008100
5 0.228258 0.188350 0.030454 0.024900
