4 0.319636 0.380650 0.243173 0.015500
1 0.887581 0.594300 0.059168 0.015800
5 0.423862 0.335650 0.043823 0.027900
5 0.906372 0.626100 0.044213 0.026600
5 0.700260 0.916100 0.045254 0.027000
2 0.345904 0.622200 0.108453 0.035000
2 0.825748 0.621250 0.106892 0.036500
2 0.828283 0.331750 0.107542 0.035900
2 0.339987 0.331400 0.100780 0.035000
2 0.617620 0.911500 0.108583 0.035800
0 0.761443 0.256250 0.349155 0.270500
4 0.363329 0.671050 0.160988 0.012300
0 0.268270 0.271050 0.358127 0.241700
0 0.316320 0.554300 0.274772 0.249400
0 0.739987 0.558950 0.384005 0.236900
0 0.541873 0.838300 0.364889 0.261000
4 0.833225 0.670000 0.181144 0.013200
1 0.406632 0.594600 0.060338 0.016800
1 0.889727 0.304000 0.060078 0.017000
1 0.403186 0.304200 0.060988 0.017600
3 0.621456 0.944800 0.181795 0.015000
3 0.836541 0.363400 0.180234 0.015000
3 0.311183 0.365350 0.258518 0.014900
3 0.836411 0.654550 0.171651 0.015900
4 0.629259 0.959250 0.167750 0.012900
5 0.908973 0.336050 0.044733 0.028300
5 0.428283 0.625650 0.046684 0.027900
4 0.822627 0.379550 0.208062 0.011900
1 0.678869 0.884250 0.060988 0.016700
3 0.379324 0.653750 0.124837 0.015900
