3 0.491209 0.511600 0.164835 0.024800
3 0.820948 0.517050 0.143544 0.010900
3 0.823146 0.720700 0.145742 0.024800
3 0.497115 0.724150 0.131868 0.010100
3 0.136607 0.951800 0.163874 0.013200
4 0.815110 0.742300 0.208516 0.020200
4 0.500275 0.736900 0.189286 0.009400
4 0.171635 0.536400 0.180907 0.021800
4 0.821497 0.530200 0.195742 0.009400
4 0.861401 0.294400 0.190385 0.008600
4 0.393956 0.296750 0.200000 0.020900
4 0.134890 0.297600 0.192582 0.019400
3 0.392239 0.272800 0.169093 0.025600
3 0.175275 0.510850 0.181868 0.023300
4 0.169505 0.742500 0.229670 0.020600
1 0.470948 0.896850 0.043544 0.011700
1 0.707143 0.898800 0.050000 0.014000
1 0.945330 0.898050 0.047802 0.012500
0 0.505632 0.653700 0.208516 0.177400
0 0.793338 0.649050 0.354258 0.208300
0 0.166827 0.446550 0.239423 0.202900
0 0.137019 0.209250 0.226511 0.199100
3 0.625206 0.280200 0.203159 0.013800
0 0.400275 0.204950 0.214835 0.208900
5 0.932761 0.689700 0.037225 0.032600
5 0.113187 0.248350 0.029670 0.023300
5 0.230151 0.247950 0.029808 0.022500
5 0.487912 0.241350 0.037363 0.031100
5 0.723626 0.255350 0.036264 0.031100
5 0.957692 0.251050 0.035989 0.030300
5 0.931181 0.483350 0.038187 0.030300
5 0.628846 0.482150 0.036538 0.029500
5 0.266621 0.472850 0.039835 0.029500
5 0.275755 0.688150 0.036401 0.031100
5 0.589904 0.695950 0.035577 0.031100
5 0.955082 0.920800 0.034890 0.031800
5 0.480975 0.918150 0.027885 0.031100
5 0.361401 0.918450 0.030769 0.028700
5 0.223558 0.922050 0.036401 0.031100
4 0.132473 0.963900 0.200000 0.009000
4 0.378159 0.969400 0.229670 0.021200
4 0.623695 0.964750 0.221291 0.010500
4 0.857280 0.964700 0.184066 0.009400
4 0.496016 0.535600 0.191484 0.020800
4 0.623420 0.298550 0.201511 0.020500
3 0.133310 0.273500 0.138324 0.025400
3 0.856593 0.280950 0.142582 0.014300
3 0.172184 0.718000 0.211676 0.022000
2 0.175137 0.248650 0.081593 0.022500
3 0.628984 0.953000 0.159615 0.012400
3 0.376374 0.945450 0.156319 0.023700
0 0.836538 0.437700 0.229396 0.196000
5 0.716896 0.921250 0.034615 0.029500
0 0.867239 0.876400 0.212775 0.192200
0 0.623626 0.878000 0.223352 0.189200
0 0.135989 0.884450 0.213736 0.175900
0 0.384272 0.890350 0.250962 0.181300
0 0.173214 0.668400 0.243681 0.174400
0 0.506593 0.440400 0.280769 0.216800
0 0.630975 0.205600 0.223764 0.212000
0 0.869712 0.205000 0.214148 0.189000
3 0.855632 0.953350 0.142582 0.010100
1 0.355082 0.898750 0.039286 0.012500
1 0.212637 0.898800 0.050000 0.014000
1 0.922459 0.667200 0.053159 0.014000
1 0.580082 0.672250 0.057418 0.016300
1 0.266758 0.664950 0.056319 0.012500
1 0.920398 0.461700 0.053159 0.014800
1 0.617720 0.459700 0.056319 0.015600
1 0.255632 0.450400 0.057418 0.015600
1 0.946497 0.227800 0.054258 0.013200
1 0.713530 0.230900 0.054258 0.014800
1 0.477335 0.219300 0.056319 0.014800
1 0.222734 0.232050 0.053159 0.010900
1 0.106181 0.230850 0.039286 0.010100
2 0.892239 0.250650 0.096841 0.029500
2 0.658791 0.254550 0.097802 0.031100
2 0.422596 0.240550 0.095742 0.027900
2 0.061538 0.248350 0.075549 0.023300
2 0.865041 0.484100 0.095742 0.031800
2 0.564629 0.481450 0.094643 0.031100
2 0.867857 0.688950 0.092582 0.029500
2 0.525206 0.694350 0.094643 0.031100
2 0.199313 0.472550 0.097802 0.030300
2 0.211470 0.686950 0.096841 0.030300
2 0.158860 0.921200 0.095742 0.028000
2 0.306662 0.918500 0.080907 0.027200
2 0.426923 0.917350 0.082967 0.029500
2 0.889011 0.920850 0.098901 0.030300
2 0.651236 0.920850 0.097802 0.030300
