3 0.373333 0.368200 0.214118 0.015800
4 0.382484 0.383600 0.196863 0.012600
1 0.434444 0.180250 0.061569 0.018700
5 0.817647 0.930500 0.049150 0.030600
5 0.455229 0.212300 0.048758 0.030000
0 0.724248 0.191050 0.306536 0.144500
1 0.829020 0.308050 0.060915 0.018700
0 0.280261 0.186050 0.403399 0.152700
3 0.725948 0.239400 0.300523 0.017600
5 0.850261 0.213400 0.046405 0.030800
2 0.720392 0.508400 0.107974 0.036400
0 0.695229 0.489600 0.264444 0.147400
0 0.668889 0.624850 0.448627 0.125900
4 0.335556 0.556150 0.221176 0.011100
1 0.435163 0.307650 0.061176 0.018900
5 0.454510 0.340150 0.048627 0.030300
2 0.303007 0.786200 0.109281 0.035000
1 0.363660 0.759550 0.061438 0.018900
2 0.769739 0.335250 0.111242 0.037100
2 0.779935 0.631500 0.109935 0.037200
2 0.374706 0.207100 0.112026 0.036600
2 0.736144 0.925300 0.107059 0.036600
2 0.303464 0.925650 0.109935 0.036300
2 0.314837 0.632050 0.109150 0.036300
2 0.342353 0.508900 0.110327 0.036000
2 0.373464 0.334700 0.108758 0.036600
4 0.751961 0.973050 0.186013 0.012300
0 0.693529 0.327500 0.371895 0.129200
0 0.300850 0.490750 0.297124 0.145900
5 0.817255 0.791950 0.048889 0.030500
4 0.374575 0.255450 0.211634 0.010700
3 0.338758 0.240700 0.283007 0.015200
5 0.383987 0.930850 0.047451 0.030900
3 0.307190 0.957650 0.203399 0.014500
4 0.745359 0.833650 0.196078 0.009500
1 0.795882 0.898350 0.063137 0.018300
3 0.743660 0.957300 0.199739 0.014800
5 0.395686 0.637200 0.048105 0.030200
3 0.311961 0.664000 0.219739 0.015000
4 0.310523 0.679100 0.221046 0.011600
4 0.749281 0.255100 0.252026 0.011600
1 0.363137 0.898250 0.063529 0.019900
1 0.375490 0.605250 0.062876 0.019500
2 0.736471 0.786500 0.109542 0.035800
5 0.421830 0.514100 0.047059 0.030600
3 0.322288 0.541100 0.251634 0.015200
4 0.262288 0.974000 0.295817 0.010400
3 0.753987 0.817750 0.176471 0.012300
0 0.285033 0.328050 0.397516 0.129500
1 0.829346 0.180900 0.061830 0.018400
0 0.701046 0.769150 0.289412 0.142700
3 0.784837 0.664400 0.205490 0.015200
5 0.861569 0.636400 0.047059 0.030600
0 0.265817 0.627150 0.314902 0.119500
0 0.262810 0.911500 0.301830 0.140000
0 0.239542 0.775750 0.343399 0.127700
0 0.668235 0.913200 0.359477 0.135400
1 0.797255 0.759950 0.063268 0.018100
4 0.301569 0.833900 0.214902 0.009200
3 0.302353 0.819500 0.211242 0.015800
5 0.383922 0.791750 0.049150 0.030300
4 0.802876 0.679650 0.170458 0.010700
2 0.770719 0.207500 0.112418 0.036000
1 0.840458 0.604000 0.061307 0.018800
4 0.705163 0.556100 0.239608 0.010600
3 0.723333 0.541000 0.204052 0.015200
5 0.800327 0.514250 0.047974 0.030700
1 0.780065 0.481100 0.061830 0.018600
5 0.850131 0.340500 0.047974 0.031800
3 0.768431 0.367600 0.217386 0.014800
4 0.784379 0.383900 0.184183 0.010200
1 0.400719 0.481500 0.061830 0.019600
