1 0.435233 0.680300 0.061917 0.019600
1 0.172798 0.680650 0.062694 0.019500
1 0.669106 0.472250 0.062565 0.018100
1 0.199417 0.472650 0.062565 0.018900
3 0.150324 0.539800 0.110751 0.012400
4 0.151166 0.551200 0.180052 0.010400
1 0.435557 0.472650 0.062565 0.018900
5 0.687759 0.504350 0.049870 0.031700
3 0.360751 0.752450 0.240155 0.011300
1 0.668653 0.680950 0.061658 0.019300
1 0.902332 0.471550 0.062176 0.019500
3 0.851813 0.540900 0.199482 0.010400
4 0.361269 0.763200 0.244041 0.010200
5 0.688925 0.714300 0.051684 0.032400
2 0.607254 0.709350 0.110104 0.036700
4 0.853368 0.551700 0.181347 0.010400
3 0.496697 0.958900 0.476554 0.012600
5 0.874158 0.925100 0.049870 0.030800
2 0.398640 0.920850 0.107902 0.039100
4 0.859456 0.762500 0.093264 0.009800
3 0.857319 0.751150 0.080959 0.011900
5 0.923122 0.714100 0.051684 0.031200
2 0.839832 0.709650 0.110492 0.038100
4 0.624288 0.760700 0.227591 0.009800
3 0.624935 0.750850 0.216969 0.009900
5 0.455181 0.713750 0.051295 0.032100
2 0.371762 0.709100 0.109585 0.037800
4 0.133484 0.763150 0.154534 0.009100
3 0.131541 0.753100 0.142617 0.010400
5 0.192228 0.713450 0.051554 0.033500
2 0.110168 0.709400 0.109197 0.037200
5 0.922733 0.505600 0.049611 0.032000
2 0.838990 0.501400 0.108031 0.037600
2 0.136982 0.501000 0.111010 0.037800
5 0.219106 0.505100 0.050648 0.029800
2 0.373899 0.500700 0.109974 0.037200
5 0.455181 0.504600 0.049482 0.029400
3 0.385168 0.540400 0.134326 0.010000
4 0.385233 0.550700 0.171503 0.010600
2 0.605829 0.500600 0.111140 0.037600
3 0.617358 0.540400 0.190674 0.011600
4 0.617746 0.551800 0.212435 0.010800
2 0.792746 0.920600 0.110363 0.037200
4 0.498834 0.970350 0.543264 0.010900
0 0.500000 0.885150 0.919948 0.194900
0 0.860168 0.676750 0.201943 0.197100
0 0.623705 0.678150 0.251813 0.196100
0 0.361917 0.676250 0.251813 0.199900
0 0.133225 0.676100 0.184326 0.197200
0 0.851619 0.466650 0.219819 0.195100
0 0.616904 0.468700 0.220596 0.191200
0 0.382383 0.468000 0.218394 0.191200
0 0.149611 0.469550 0.220984 0.188100
1 0.854663 0.893050 0.061658 0.019100
5 0.480635 0.924750 0.050648 0.031300
1 0.459585 0.892150 0.067617 0.018300
1 0.901619 0.680850 0.062824 0.019500
