4 0.239453 0.747100 0.147917 0.015000
3 0.208919 0.730350 0.213672 0.015100
3 0.881120 0.508550 0.130469 0.014500
3 0.837760 0.288550 0.237240 0.018900
2 0.883008 0.257600 0.152474 0.035800
1 0.280924 0.671200 0.057422 0.016200
2 0.216081 0.257200 0.105339 0.036800
2 0.536719 0.698600 0.101302 0.036000
2 0.534961 0.475800 0.104557 0.036400
5 0.301042 0.702700 0.041667 0.028800
1 0.597982 0.448900 0.059766 0.016200
5 0.301563 0.904500 0.044792 0.027000
5 0.616406 0.262100 0.043229 0.027000
0 0.489974 0.871500 0.288281 0.219200
0 0.809766 0.425500 0.304167 0.212000
2 0.217969 0.900000 0.108594 0.037200
0 0.489974 0.428250 0.295573 0.206300
2 0.218099 0.699050 0.105208 0.036700
2 0.218359 0.476800 0.104948 0.036400
2 0.532487 0.257400 0.106380 0.036000
2 0.850521 0.475820 0.107292 0.036100
3 0.210482 0.509200 0.215234 0.014200
4 0.206185 0.523400 0.218099 0.013200
3 0.522331 0.508600 0.223047 0.017400
2 0.884505 0.701700 0.153385 0.035600
1 0.279948 0.448600 0.058594 0.015800
1 0.924544 0.674700 0.059505 0.017000
4 0.822331 0.749900 0.273307 0.012800
0 0.808529 0.651500 0.306901 0.213400
5 0.615690 0.481000 0.041276 0.027000
0 0.494401 0.647500 0.296875 0.214600
5 0.933789 0.480550 0.048047 0.029100
3 0.567057 0.288750 0.129427 0.017300
4 0.573958 0.305750 0.114844 0.012500
4 0.864388 0.305200 0.186849 0.013200
0 0.794727 0.866950 0.286068 0.216100
5 0.299805 0.261650 0.044141 0.028900
4 0.866771 0.524535 0.161589 0.010330
0 0.180859 0.428950 0.291667 0.207500
0 0.810612 0.208300 0.298828 0.210000
0 0.519401 0.209000 0.239844 0.208000
0 0.176432 0.860450 0.301823 0.197300
5 0.619596 0.703250 0.044922 0.029100
3 0.856706 0.949600 0.154818 0.014200
4 0.814844 0.964400 0.240104 0.013200
0 0.179362 0.652650 0.288672 0.206300
0 0.176367 0.206450 0.296224 0.215100
3 0.171680 0.932500 0.289714 0.017200
1 0.279102 0.229600 0.057682 0.016600
1 0.594987 0.229700 0.059505 0.017200
1 0.921289 0.229300 0.060286 0.016600
3 0.257682 0.289300 0.114062 0.014200
2 0.859570 0.915000 0.151953 0.036600
4 0.506576 0.970750 0.240755 0.014700
3 0.544857 0.953450 0.166016 0.016700
2 0.555339 0.920950 0.150000 0.036300
3 0.842643 0.733750 0.235807 0.016100
4 0.241862 0.305500 0.149349 0.011400
3 0.528711 0.729750 0.217318 0.016100
4 0.530078 0.747500 0.213021 0.012400
1 0.592904 0.895300 0.018099 0.011400
1 0.599284 0.670950 0.060807 0.016500
1 0.280013 0.871750 0.058464 0.015900
1 0.899154 0.887200 0.060026 0.016800
5 0.300716 0.481250 0.045964 0.027100
4 0.565885 0.523650 0.132812 0.012500
4 0.190104 0.948650 0.256510 0.015100
1 0.911719 0.448400 0.058854 0.016600
