0 0.718952 0.888850 0.415136 0.187900
0 0.192626 0.434900 0.282794 0.208800
3 0.185446 0.513250 0.263260 0.015700
0 0.823997 0.655000 0.274386 0.215800
1 0.911578 0.671300 0.064036 0.019000
3 0.820440 0.732550 0.254592 0.016300
5 0.896701 0.927650 0.051617 0.033700
4 0.798900 0.306700 0.256274 0.013200
5 0.910414 0.263500 0.049288 0.032800
2 0.827878 0.257950 0.109573 0.040700
4 0.371410 0.308250 0.191462 0.012300
2 0.364618 0.260300 0.108797 0.037600
5 0.448383 0.264950 0.050712 0.032900
3 0.360155 0.292750 0.206986 0.014900
3 0.793920 0.955300 0.236999 0.015800
4 0.837646 0.748900 0.221475 0.013200
5 0.486934 0.929150 0.046313 0.033700
3 0.378461 0.956950 0.246701 0.014100
4 0.407245 0.973050 0.192755 0.012900
2 0.813907 0.922900 0.112937 0.038400
5 0.931889 0.705650 0.051100 0.032100
2 0.850065 0.700750 0.108409 0.037500
4 0.500129 0.750400 0.272186 0.012800
3 0.499741 0.725850 0.267270 0.030500
5 0.616365 0.692200 0.050323 0.033400
0 0.515201 0.655000 0.309314 0.215800
4 0.207568 0.749750 0.251100 0.011700
3 0.233635 0.733450 0.200517 0.014900
5 0.314942 0.706800 0.049806 0.031600
2 0.231371 0.701250 0.107503 0.037500
4 0.213325 0.529550 0.209314 0.012900
5 0.300776 0.485900 0.049935 0.032400
2 0.219340 0.481200 0.109832 0.037800
5 0.598060 0.486450 0.048642 0.031300
4 0.512096 0.529800 0.202717 0.011000
3 0.505369 0.514150 0.217723 0.016700
2 0.516041 0.481900 0.110996 0.037800
4 0.848254 0.529200 0.186287 0.012000
3 0.843273 0.512900 0.196507 0.017400
5 0.923868 0.483800 0.050841 0.032600
2 0.841397 0.480250 0.106598 0.038500
3 0.789780 0.291250 0.274515 0.015300
4 0.816494 0.970250 0.193920 0.012500
0 0.292950 0.883800 0.442303 0.199600
2 0.406662 0.924900 0.110091 0.037600
2 0.534605 0.686350 0.110608 0.038100
0 0.202652 0.658550 0.300259 0.214300
1 0.577102 0.452950 0.064166 0.018700
1 0.280466 0.452900 0.063389 0.018800
1 0.294955 0.673750 0.062613 0.018700
1 0.597477 0.658150 0.064812 0.018300
0 0.277232 0.216850 0.428461 0.215300
0 0.720828 0.216850 0.438551 0.215300
1 0.889457 0.229000 0.062743 0.020400
0 0.816365 0.438550 0.269211 0.197700
1 0.904916 0.450600 0.064942 0.019600
0 0.522574 0.438500 0.289651 0.201600
1 0.875744 0.895000 0.061708 0.018000
1 0.428978 0.231700 0.062872 0.019200
1 0.467464 0.896300 0.061190 0.019600
