1 0.216415 0.234850 0.046016 0.010300
3 0.867239 0.490300 0.188049 0.026200
5 0.952060 0.458200 0.035989 0.029400
2 0.886126 0.459050 0.095879 0.027900
1 0.937637 0.437550 0.043132 0.010500
3 0.631799 0.503350 0.225412 0.014500
5 0.727335 0.475850 0.036538 0.029700
1 0.713393 0.455450 0.044093 0.010700
4 0.380975 0.522200 0.224313 0.021600
3 0.384066 0.498150 0.196154 0.024300
5 0.483379 0.466650 0.034890 0.031700
2 0.418269 0.466800 0.094505 0.030600
4 0.134341 0.518400 0.210714 0.030600
3 0.135508 0.484350 0.191071 0.033900
5 0.232692 0.447400 0.036264 0.028600
1 0.218338 0.424900 0.048489 0.013400
1 0.614766 0.766050 0.041621 0.011100
2 0.563049 0.787050 0.095879 0.027500
5 0.628159 0.787500 0.035165 0.027800
3 0.497047 0.809700 0.124038 0.011000
1 0.231525 0.904400 0.053434 0.012800
4 0.806868 0.838150 0.228022 0.030100
3 0.808242 0.810350 0.212363 0.023300
5 0.926992 0.780300 0.033104 0.028000
1 0.913187 0.758900 0.045879 0.011000
4 0.494231 0.819850 0.188736 0.009100
3 0.131662 0.287100 0.217720 0.020200
5 0.230220 0.255600 0.033791 0.029600
2 0.165728 0.256300 0.094918 0.028400
2 0.893681 0.256050 0.093956 0.028700
1 0.947802 0.233550 0.039560 0.012500
2 0.651717 0.259900 0.092995 0.029400
1 0.707555 0.237650 0.046703 0.012100
4 0.862912 0.519350 0.214011 0.030500
1 0.471772 0.444550 0.047115 0.011300
2 0.660508 0.476200 0.096841 0.029200
4 0.634615 0.523300 0.174176 0.021600
4 0.629670 0.304350 0.166209 0.008900
0 0.386607 0.212300 0.232830 0.241200
0 0.139423 0.434750 0.222802 0.202100
0 0.632761 0.215300 0.207830 0.192000
0 0.862843 0.211650 0.233379 0.220900
0 0.384753 0.435000 0.233791 0.200800
0 0.631799 0.426450 0.230907 0.218700
4 0.385234 0.315750 0.227885 0.030500
3 0.380632 0.280300 0.212912 0.036000
5 0.483929 0.242350 0.037363 0.028300
2 0.417995 0.242400 0.093681 0.027400
1 0.471566 0.222000 0.048626 0.010400
4 0.130701 0.309850 0.155357 0.018700
1 0.316964 0.625600 0.048764 0.013600
2 0.263530 0.648450 0.092995 0.026100
5 0.327610 0.648850 0.034615 0.026500
3 0.182486 0.675600 0.204808 0.011400
4 0.183723 0.687550 0.262225 0.009100
1 0.585577 0.622150 0.051648 0.012100
5 0.597321 0.642750 0.033104 0.028900
3 0.512706 0.675300 0.195192 0.013200
4 0.513942 0.687000 0.225412 0.012000
1 0.759409 0.632150 0.039698 0.008900
3 0.859753 0.286100 0.191758 0.024000
2 0.177404 0.926800 0.096841 0.030200
5 0.242857 0.926800 0.034341 0.029400
5 0.958997 0.255850 0.035852 0.028900
3 0.133860 0.957500 0.213874 0.014800
4 0.135989 0.974550 0.143956 0.018900
1 0.473764 0.902550 0.039011 0.011900
2 0.420261 0.924350 0.090797 0.028900
5 0.485302 0.925950 0.038462 0.030700
4 0.399245 0.973500 0.166896 0.020400
1 0.713942 0.902050 0.042170 0.013100
2 0.662775 0.925300 0.091484 0.029400
5 0.726923 0.925100 0.037363 0.030000
3 0.630082 0.292750 0.146154 0.012900
5 0.717308 0.260100 0.037912 0.031400
0 0.398008 0.915200 0.212500 0.146800
2 0.165453 0.448700 0.097665 0.028200
2 0.862775 0.781100 0.095604 0.027000
0 0.855082 0.432800 0.234890 0.207200
0 0.513255 0.620000 0.229533 0.152800
0 0.790179 0.625300 0.227335 0.151800
0 0.179670 0.768650 0.238462 0.141100
0 0.505495 0.766050 0.292308 0.123100
0 0.815247 0.780100 0.257143 0.148400
0 0.141964 0.916350 0.236126 0.142100
0 0.640728 0.924150 0.213324 0.130500
0 0.873626 0.922200 0.201099 0.128000
2 0.532349 0.643050 0.095192 0.027500
3 0.398832 0.955800 0.128984 0.011600
4 0.786676 0.689150 0.132418 0.019700
4 0.178503 0.827550 0.181456 0.020500
4 0.629396 0.974600 0.138462 0.021000
4 0.866209 0.974550 0.179121 0.019700
4 0.859547 0.309150 0.221841 0.021100
0 0.137157 0.210000 0.236126 0.223200
0 0.187912 0.618000 0.315934 0.151200
3 0.863118 0.959200 0.170192 0.011400
5 0.955838 0.926200 0.036401 0.029600
2 0.890522 0.926050 0.094231 0.030100
1 0.943613 0.903650 0.045742 0.011900
3 0.629808 0.956950 0.107418 0.011900
3 0.177541 0.810950 0.209203 0.011100
5 0.277266 0.781500 0.037775 0.028800
2 0.211538 0.782200 0.092857 0.027400
1 0.261195 0.759650 0.041896 0.012900
3 0.786401 0.673200 0.167308 0.012000
5 0.888736 0.649200 0.029670 0.022000
2 0.835440 0.648900 0.077473 0.023400
1 0.876992 0.631350 0.035577 0.009900
5 0.767788 0.650000 0.028434 0.022400
2 0.714629 0.649450 0.075962 0.023900
