1 0.289597 0.893450 0.056697 0.017300
2 0.824512 0.916800 0.182445 0.042600
1 0.431860 0.453400 0.059298 0.016200
1 0.921521 0.228050 0.059428 0.015300
1 0.431664 0.215150 0.059688 0.016900
1 0.870286 0.884150 0.073732 0.020900
1 0.923472 0.669100 0.058908 0.015800
1 0.431795 0.669000 0.060988 0.017600
1 0.922432 0.446550 0.059428 0.017100
3 0.873407 0.729400 0.169961 0.014800
2 0.884980 0.696500 0.153056 0.037200
4 0.427698 0.743700 0.082705 0.011000
3 0.431534 0.728250 0.077373 0.014100
4 0.836996 0.975250 0.154876 0.017300
3 0.385306 0.275600 0.163849 0.013200
4 0.365085 0.290050 0.205852 0.012500
2 0.250975 0.921250 0.153706 0.034900
3 0.254161 0.954550 0.139792 0.014700
4 0.276593 0.970100 0.093628 0.014200
3 0.853576 0.955900 0.124057 0.019600
0 0.654291 0.876350 0.612874 0.223900
0 0.740182 0.419550 0.445514 0.217300
0 0.253771 0.196200 0.447464 0.206000
0 0.183095 0.873100 0.294148 0.213000
4 0.863004 0.744700 0.192588 0.012800
3 0.399545 0.513750 0.137191 0.016100
0 0.748147 0.643970 0.431534 0.217260
2 0.884135 0.255400 0.153966 0.037600
2 0.393303 0.481350 0.152536 0.035500
3 0.876073 0.288400 0.162549 0.019600
4 0.419831 0.529050 0.094798 0.012700
0 0.744408 0.207800 0.443043 0.203600
4 0.902536 0.303200 0.108322 0.010400
2 0.393368 0.242650 0.154746 0.035900
2 0.395189 0.695850 0.152666 0.035700
0 0.255072 0.647050 0.440442 0.210100
0 0.257022 0.425850 0.446424 0.221500
2 0.884395 0.474350 0.152666 0.037300
3 0.900585 0.507950 0.116125 0.016700
4 0.914044 0.521700 0.092328 0.008800
