4 0.382418 0.438200 0.175549 0.021000
1 0.455701 0.906150 0.049863 0.013900
4 0.128915 0.974550 0.197665 0.010100
3 0.124588 0.962300 0.161813 0.010800
0 0.378228 0.362500 0.223764 0.175800
0 0.137431 0.367100 0.231456 0.191400
0 0.140247 0.547000 0.223352 0.168000
0 0.753984 0.281000 0.401374 0.317000
0 0.378571 0.182950 0.228022 0.171100
4 0.619643 0.799800 0.174176 0.018800
4 0.376442 0.797500 0.209203 0.018600
2 0.159272 0.750000 0.096016 0.027400
4 0.862157 0.971040 0.199863 0.020100
3 0.862569 0.946800 0.199588 0.023000
0 0.140728 0.183350 0.226786 0.170100
4 0.864904 0.617900 0.194368 0.017400
2 0.881044 0.578800 0.096154 0.027800
5 0.715728 0.572100 0.036676 0.031600
3 0.384135 0.414600 0.179258 0.024800
2 0.154739 0.940100 0.095192 0.026800
1 0.208929 0.917650 0.040110 0.011100
4 0.866140 0.794650 0.228434 0.011100
3 0.865041 0.781950 0.191621 0.011700
5 0.962500 0.759400 0.035165 0.028800
2 0.896978 0.759000 0.096703 0.028800
1 0.949657 0.736300 0.047115 0.013200
3 0.621085 0.783350 0.205357 0.014500
5 0.711538 0.755450 0.034341 0.029500
2 0.646154 0.754900 0.095330 0.028400
1 0.699725 0.732450 0.044505 0.014500
3 0.377129 0.781200 0.227335 0.011000
5 0.468269 0.756650 0.035440 0.027900
2 0.402747 0.755850 0.095055 0.027100
1 0.456181 0.733950 0.045330 0.010700
4 0.129533 0.792150 0.169780 0.010100
3 0.130495 0.778950 0.137363 0.012900
5 0.224519 0.750550 0.033654 0.027900
1 0.212637 0.728250 0.046978 0.010300
3 0.375893 0.952350 0.211951 0.011700
5 0.468887 0.928600 0.035027 0.028400
2 0.403297 0.928400 0.093956 0.028400
5 0.111813 0.392050 0.027473 0.025500
2 0.060096 0.392350 0.076236 0.025500
1 0.100755 0.373200 0.036951 0.009800
4 0.131868 0.619000 0.204121 0.018600
5 0.228846 0.570400 0.039011 0.027200
1 0.213736 0.549450 0.050000 0.012100
3 0.740659 0.412850 0.217857 0.013700
5 0.926854 0.379750 0.051236 0.044500
2 0.825275 0.379400 0.150000 0.046400
1 0.905838 0.343700 0.075137 0.020800
3 0.380357 0.238300 0.165385 0.013600
5 0.471703 0.211900 0.036538 0.029200
2 0.406937 0.211950 0.093544 0.028900
1 0.460371 0.190100 0.040522 0.011600
3 0.135165 0.239000 0.176099 0.012600
1 0.228022 0.372500 0.040110 0.009200
2 0.181662 0.390900 0.078434 0.023400
1 0.457692 0.360600 0.042582 0.012400
5 0.221978 0.938900 0.037637 0.027600
4 0.614011 0.969450 0.167308 0.018900
3 0.612843 0.952500 0.173489 0.013200
5 0.703297 0.927550 0.035989 0.030900
2 0.636126 0.927900 0.094231 0.030000
1 0.691003 0.905450 0.044093 0.012900
2 0.886951 0.914650 0.095604 0.027900
2 0.404190 0.383200 0.092720 0.029400
5 0.469093 0.383350 0.036813 0.029700
1 0.453640 0.549200 0.053709 0.013600
2 0.399725 0.572550 0.095330 0.030300
5 0.464629 0.572500 0.034203 0.028400
3 0.367995 0.599650 0.101099 0.014500
4 0.369093 0.612850 0.153571 0.010900
1 0.702404 0.549450 0.041896 0.012100
2 0.650275 0.571650 0.093681 0.030700
3 0.611195 0.600950 0.118819 0.012900
4 0.613942 0.612500 0.172940 0.011400
1 0.936676 0.558100 0.040659 0.010000
5 0.947184 0.578150 0.036676 0.027900
3 0.865797 0.603100 0.170604 0.010600
0 0.866003 0.547000 0.210027 0.165000
0 0.631868 0.538000 0.210440 0.166800
0 0.378228 0.540900 0.208654 0.163000
0 0.867033 0.718550 0.234066 0.166900
5 0.952060 0.914000 0.033791 0.029200
1 0.220742 0.191000 0.041209 0.011000
2 0.165797 0.212100 0.093681 0.030600
5 0.230975 0.211850 0.037225 0.030300
5 0.235096 0.391550 0.029533 0.023700
4 0.132074 0.255950 0.169918 0.020100
4 0.134409 0.446360 0.198489 0.030500
3 0.132898 0.419250 0.214148 0.020300
3 0.132830 0.598750 0.199451 0.021300
2 0.161813 0.571150 0.092308 0.027500
0 0.621566 0.727650 0.227747 0.166500
0 0.377953 0.727700 0.232280 0.161600
4 0.379258 0.255750 0.202473 0.020900
0 0.138049 0.719850 0.209341 0.162500
0 0.858791 0.898050 0.220330 0.176100
0 0.621566 0.901750 0.201374 0.160500
4 0.376717 0.969800 0.202885 0.022200
0 0.377747 0.900050 0.217857 0.165300
0 0.131731 0.897550 0.218681 0.170500
4 0.742582 0.429800 0.290385 0.015000
1 0.942582 0.892150 0.038736 0.010300
