3 0.392913 0.754650 0.161378 0.029100
4 0.307477 0.303400 0.165020 0.011200
0 0.503186 0.431100 0.239922 0.208400
0 0.666320 0.219700 0.397919 0.176600
4 0.857347 0.951100 0.174512 0.029000
2 0.509363 0.447100 0.108192 0.035000
3 0.161313 0.939200 0.209233 0.020200
3 0.401691 0.918850 0.143823 0.034100
4 0.403641 0.952150 0.139922 0.027300
0 0.376463 0.878450 0.215345 0.178500
2 0.155072 0.908000 0.104421 0.036600
3 0.652731 0.921600 0.157217 0.030000
0 0.153511 0.888400 0.223797 0.149200
2 0.830299 0.880800 0.105072 0.035400
2 0.642003 0.701100 0.107152 0.036600
1 0.286541 0.419750 0.059688 0.017500
1 0.569116 0.419750 0.058388 0.016700
3 0.646099 0.734000 0.206892 0.015000
2 0.624512 0.881800 0.110143 0.035600
2 0.367490 0.880250 0.107412 0.035700
4 0.663849 0.748750 0.173732 0.011900
0 0.858453 0.867150 0.182705 0.199300
4 0.392653 0.785400 0.165020 0.027600
4 0.821131 0.519450 0.295059 0.026300
3 0.175423 0.754000 0.165930 0.032400
4 0.183615 0.783750 0.151105 0.029700
0 0.647464 0.863800 0.168531 0.205600
3 0.528934 0.486950 0.179844 0.031700
0 0.150130 0.672000 0.220936 0.258200
0 0.369441 0.680900 0.212224 0.239800
0 0.810663 0.428650 0.317815 0.213500
0 0.285176 0.208350 0.228609 0.207500
0 0.182055 0.430000 0.319896 0.213200
1 0.683940 0.853250 0.058908 0.016100
4 0.668661 0.951850 0.125358 0.026700
5 0.913979 0.886000 0.046164 0.031400
3 0.855072 0.922000 0.167360 0.030000
3 0.307867 0.287850 0.163719 0.016100
1 0.893173 0.853400 0.059948 0.015600
1 0.902146 0.642700 0.060208 0.017200
1 0.218075 0.880350 0.059818 0.017100
0 0.629779 0.654150 0.242653 0.213500
5 0.722952 0.705800 0.043823 0.027600
1 0.428414 0.853150 0.055267 0.016700
5 0.704031 0.885800 0.043693 0.027400
0 0.847919 0.660050 0.208192 0.196700
5 0.232380 0.719400 0.047594 0.028200
1 0.429064 0.686150 0.059428 0.017100
5 0.447984 0.884800 0.043953 0.026000
1 0.703836 0.672200 0.062029 0.020200
4 0.178869 0.955850 0.173082 0.010900
5 0.590247 0.452000 0.045774 0.026800
5 0.939012 0.452200 0.043433 0.028400
5 0.839532 0.257300 0.047594 0.028000
5 0.375163 0.260100 0.045514 0.028400
1 0.817620 0.224800 0.062029 0.017000
1 0.355982 0.228000 0.060988 0.017600
5 0.922497 0.674450 0.043173 0.028700
3 0.868270 0.711750 0.160208 0.032300
2 0.366970 0.713950 0.107152 0.035100
1 0.212159 0.685850 0.064109 0.018100
3 0.810598 0.487100 0.310663 0.034400
4 0.521456 0.518950 0.194538 0.026900
4 0.182510 0.519300 0.316645 0.026400
3 0.181209 0.486750 0.314044 0.031500
3 0.732185 0.285150 0.243823 0.015500
5 0.236671 0.912400 0.046554 0.027800
4 0.889532 0.743150 0.121066 0.027700
5 0.308648 0.452300 0.046164 0.030400
1 0.917685 0.420550 0.060598 0.017900
4 0.731339 0.300000 0.246554 0.010800
5 0.448244 0.718650 0.046034 0.029500
2 0.855982 0.448400 0.106242 0.036200
2 0.223797 0.447700 0.103251 0.037000
2 0.755722 0.252700 0.108843 0.037200
2 0.294018 0.255600 0.108973 0.035800
2 0.150260 0.714400 0.107282 0.036600
2 0.841417 0.670700 0.107802 0.036600
