0 0.248973 0.869800 0.448909 0.218200
1 0.920154 0.443900 0.061361 0.017000
0 0.445892 0.197350 0.354942 0.221100
2 0.394737 0.921300 0.151733 0.037000
0 0.735879 0.862350 0.440436 0.199100
0 0.311938 0.642700 0.328626 0.215400
4 0.389859 0.742550 0.158665 0.011100
4 0.385302 0.969700 0.170603 0.012600
0 0.454365 0.421500 0.375225 0.214200
3 0.862003 0.732200 0.187677 0.017600
2 0.882221 0.700200 0.152888 0.036800
3 0.414056 0.727650 0.111553 0.017900
0 0.812195 0.307100 0.293453 0.446200
4 0.571694 0.518650 0.129782 0.011700
2 0.880809 0.471750 0.153145 0.037100
3 0.914634 0.504650 0.082670 0.013700
2 0.563286 0.469250 0.151990 0.035500
3 0.596919 0.503850 0.082157 0.015500
1 0.922080 0.671700 0.061361 0.018400
1 0.434275 0.665850 0.062388 0.017900
1 0.602182 0.441450 0.061874 0.018900
2 0.872465 0.902750 0.154429 0.037300
1 0.910398 0.874050 0.062131 0.018500
1 0.434275 0.892500 0.062131 0.017800
1 0.582285 0.217550 0.060077 0.015900
4 0.864634 0.951600 0.159820 0.011400
3 0.398588 0.954850 0.139666 0.015500
4 0.884467 0.749200 0.144544 0.012000
3 0.850642 0.936800 0.185494 0.016400
3 0.495635 0.278800 0.241592 0.017200
2 0.396406 0.693750 0.154044 0.037300
4 0.864121 0.522000 0.177279 0.014400
4 0.505712 0.294200 0.221181 0.011400
2 0.542940 0.246800 0.152632 0.038200
0 0.743838 0.646400 0.445571 0.223600
