1 0.928258 0.411900 0.040935 0.013800
1 0.375744 0.260580 0.105453 0.013800
1 0.378208 0.410210 0.105453 0.013800
1 0.379922 0.561060 0.105453 0.013800
1 0.378789 0.707860 0.105453 0.013800
1 0.378725 0.861500 0.105439 0.013800
5 0.379816 0.221800 0.089093 0.014600
5 0.378541 0.371250 0.089093 0.014700
5 0.379391 0.522300 0.089093 0.014600
5 0.378824 0.821950 0.089093 0.014700
2 0.377975 0.539650 0.076062 0.021100
2 0.857082 0.622000 0.128895 0.023400
2 0.840227 0.475050 0.124079 0.025500
2 0.840510 0.432550 0.116431 0.024500
3 0.234703 0.737450 0.144759 0.010500
4 0.235340 0.747350 0.165581 0.008900
3 0.236898 0.885900 0.080028 0.011600
4 0.739943 0.357350 0.211898 0.011700
5 0.929178 0.439150 0.036827 0.038700
5 0.929320 0.482350 0.037110 0.041100
3 0.741360 0.522550 0.288952 0.011500
4 0.739731 0.534500 0.324504 0.010400
4 0.740510 0.894650 0.295751 0.020300
3 0.737890 0.878350 0.320822 0.010500
4 0.235977 0.600050 0.088102 0.010100
3 0.235340 0.589600 0.092776 0.010800
4 0.235907 0.451650 0.088810 0.009300
3 0.240439 0.440800 0.078612 0.010400
3 0.235765 0.318550 0.122805 0.009300
3 0.238244 0.306250 0.101983 0.010900
1 0.940722 0.600650 0.038385 0.014900
5 0.940935 0.627600 0.037677 0.037400
5 0.926275 0.798050 0.035269 0.037900
5 0.941431 0.670650 0.037535 0.041900
4 0.735977 0.711550 0.273938 0.008700
3 0.740368 0.345600 0.173938 0.010400
5 0.929462 0.305600 0.035694 0.043000
1 0.928116 0.235900 0.037819 0.014600
2 0.376841 0.840300 0.077195 0.023600
2 0.855807 0.664450 0.132011 0.025900
5 0.379391 0.666450 0.089093 0.014700
2 0.377054 0.684100 0.073938 0.020800
0 0.768059 0.640400 0.386261 0.159800
3 0.730312 0.701950 0.266572 0.010300
2 0.842847 0.834350 0.131020 0.026700
2 0.843201 0.792150 0.130878 0.023500
0 0.232011 0.390150 0.413598 0.136900
0 0.281161 0.682450 0.318414 0.143500
0 0.259632 0.833850 0.357790 0.143700
0 0.727691 0.263500 0.437535 0.206400
0 0.751346 0.457200 0.394759 0.174200
0 0.764660 0.818750 0.383144 0.188900
0 0.267705 0.535850 0.345609 0.141500
2 0.375779 0.390500 0.071955 0.023800
2 0.376841 0.239150 0.068414 0.022100
0 0.255949 0.244450 0.375354 0.159100
2 0.839023 0.299400 0.121671 0.027000
2 0.839873 0.256250 0.117422 0.022900
4 0.236898 0.896950 0.103258 0.009500
5 0.928612 0.262200 0.039093 0.034200
1 0.930807 0.771050 0.040652 0.015500
5 0.928329 0.840950 0.037960 0.045500
