0 0.221260 0.879450 0.237008 0.201100
1 0.919357 0.682850 0.057612 0.018900
0 0.628215 0.218300 0.223097 0.213600
1 0.902231 0.898950 0.061680 0.019900
0 0.154134 0.431500 0.216667 0.203000
0 0.390289 0.218100 0.223097 0.213200
5 0.635696 0.715000 0.046194 0.029200
2 0.395538 0.268900 0.109974 0.035800
2 0.234055 0.925850 0.109843 0.037100
2 0.859449 0.709200 0.107612 0.035200
2 0.156430 0.267800 0.111024 0.036200
4 0.512795 0.757200 0.274934 0.011400
3 0.499803 0.741350 0.303281 0.015900
4 0.857808 0.973600 0.159449 0.012000
5 0.237205 0.273550 0.046588 0.030900
5 0.714370 0.483650 0.048950 0.031100
3 0.632874 0.510150 0.190945 0.016100
4 0.627953 0.525450 0.204987 0.012900
0 0.390617 0.431300 0.219029 0.206200
1 0.216273 0.240950 0.060630 0.017900
2 0.634055 0.477700 0.109055 0.036000
2 0.852100 0.269150 0.109186 0.036300
2 0.632940 0.252950 0.110236 0.036300
2 0.393570 0.463400 0.109449 0.036600
2 0.157415 0.477650 0.109843 0.035700
5 0.237336 0.483100 0.046588 0.030200
5 0.474475 0.468050 0.047638 0.029700
3 0.407152 0.503150 0.166535 0.030300
4 0.389042 0.526950 0.202493 0.013300
0 0.630381 0.431450 0.223753 0.204500
0 0.820276 0.657950 0.290682 0.218300
0 0.502231 0.657100 0.314961 0.213800
3 0.162598 0.300100 0.179265 0.014000
4 0.164436 0.316400 0.174541 0.011000
5 0.938517 0.713750 0.049213 0.029900
3 0.817782 0.741400 0.273885 0.014000
4 0.879724 0.757200 0.148688 0.013600
1 0.295407 0.898800 0.060630 0.018600
5 0.314304 0.930550 0.046719 0.029900
3 0.242192 0.957700 0.174934 0.015200
0 0.152887 0.218500 0.220735 0.211400
5 0.634711 0.885650 0.047638 0.029300
3 0.520801 0.928450 0.258924 0.045900
4 0.535236 0.967150 0.235039 0.027700
2 0.842454 0.926050 0.109318 0.035700
2 0.850394 0.478700 0.109449 0.036000
2 0.554921 0.709700 0.109318 0.035200
2 0.236089 0.693950 0.110499 0.035500
4 0.873819 0.525550 0.145013 0.011700
3 0.866732 0.510150 0.158661 0.015500
5 0.930971 0.483000 0.049344 0.030000
1 0.454003 0.436850 0.061286 0.018300
4 0.170407 0.525550 0.161549 0.011100
3 0.154528 0.510350 0.193832 0.015300
1 0.216732 0.451100 0.060761 0.018800
0 0.521588 0.874050 0.278346 0.217300
0 0.857087 0.431000 0.203412 0.205400
1 0.693373 0.450900 0.061811 0.018800
5 0.476312 0.273950 0.047900 0.029900
3 0.388583 0.300800 0.203937 0.016200
4 0.411155 0.317150 0.159318 0.012100
1 0.691798 0.225800 0.061811 0.018800
5 0.713911 0.258100 0.048031 0.030000
3 0.628281 0.293000 0.199606 0.029600
4 0.623622 0.316400 0.207349 0.011800
1 0.913189 0.242150 0.060761 0.018700
5 0.933202 0.274250 0.048294 0.031300
3 0.848753 0.300700 0.197507 0.015800
4 0.866470 0.317200 0.163911 0.012600
5 0.922638 0.930950 0.047638 0.030900
3 0.845932 0.957800 0.182677 0.015800
1 0.910564 0.451500 0.061549 0.019200
1 0.454724 0.241900 0.060630 0.019000
4 0.249869 0.973900 0.164567 0.010600
1 0.614370 0.853100 0.059711 0.018600
0 0.853018 0.218300 0.214698 0.214400
1 0.295604 0.667350 0.059711 0.019500
5 0.316667 0.699100 0.047244 0.031000
3 0.201444 0.733350 0.260892 0.029700
4 0.214698 0.756850 0.232021 0.012900
1 0.614895 0.682850 0.060761 0.019500
2 0.553346 0.880650 0.108793 0.036700
0 0.841273 0.878750 0.217192 0.209100
0 0.198753 0.657850 0.284908 0.216500
