5 0.936286 0.492250 0.052887 0.031700
3 0.246194 0.736200 0.147507 0.016800
0 0.189304 0.873900 0.280446 0.206600
4 0.248556 0.752450 0.143832 0.013100
5 0.301969 0.927200 0.050656 0.032600
4 0.230906 0.969350 0.178346 0.012500
0 0.534121 0.876150 0.245407 0.205500
5 0.625000 0.927150 0.051050 0.032100
3 0.528412 0.954500 0.223491 0.016600
1 0.457940 0.242550 0.063648 0.019900
4 0.526050 0.750850 0.177822 0.014100
3 0.520472 0.736250 0.187927 0.014900
0 0.512073 0.659600 0.237795 0.201200
5 0.950000 0.706350 0.049344 0.032700
3 0.818110 0.732450 0.298950 0.016300
0 0.819094 0.658550 0.315354 0.207700
3 0.877953 0.519500 0.148031 0.017200
4 0.871129 0.536850 0.161680 0.014900
2 0.877493 0.487750 0.157612 0.035300
1 0.916076 0.459900 0.063648 0.018600
4 0.536680 0.970600 0.209580 0.014000
0 0.839698 0.442900 0.256824 0.206600
3 0.546588 0.518550 0.189764 0.014700
4 0.554659 0.537100 0.173360 0.016200
5 0.625262 0.492500 0.050000 0.033600
2 0.567060 0.488150 0.156693 0.038500
1 0.605052 0.459650 0.063911 0.018500
4 0.210367 0.535750 0.301050 0.012500
0 0.528412 0.443500 0.266273 0.206200
0 0.303609 0.233100 0.404331 0.193000
3 0.302428 0.301950 0.381759 0.018100
4 0.333136 0.318650 0.321654 0.014500
4 0.792913 0.315800 0.350131 0.014400
1 0.920997 0.241100 0.065092 0.020200
0 0.750066 0.233250 0.452887 0.195100
0 0.198097 0.441450 0.331890 0.205900
1 0.312664 0.459850 0.065748 0.020300
1 0.604593 0.894950 0.061155 0.018100
1 0.282612 0.894950 0.062073 0.018900
1 0.283990 0.677250 0.062467 0.018500
1 0.578084 0.675900 0.060892 0.018000
1 0.930052 0.673200 0.061680 0.017400
3 0.877100 0.953550 0.151050 0.017700
4 0.872769 0.970400 0.162861 0.011600
5 0.936286 0.927100 0.050787 0.033000
1 0.914304 0.894350 0.065354 0.018100
0 0.854134 0.875450 0.231890 0.202700
2 0.860236 0.269150 0.109711 0.038500
2 0.868438 0.700700 0.108530 0.036400
3 0.198556 0.521550 0.324672 0.017500
2 0.853675 0.922200 0.109186 0.037200
4 0.837730 0.749650 0.256824 0.015900
5 0.331496 0.492350 0.050394 0.030700
2 0.250591 0.488400 0.108268 0.036800
2 0.516732 0.704000 0.109055 0.037200
2 0.541798 0.922800 0.110630 0.036200
3 0.227690 0.953500 0.197638 0.016000
2 0.219226 0.922900 0.107743 0.037000
5 0.598228 0.708700 0.049738 0.032200
0 0.203150 0.659650 0.255118 0.201700
2 0.221325 0.704950 0.111942 0.036700
5 0.303609 0.708800 0.049475 0.030800
5 0.478215 0.274300 0.049344 0.030800
2 0.396916 0.270400 0.110367 0.037600
5 0.942717 0.274000 0.048425 0.031000
3 0.750459 0.299200 0.443438 0.017600
