4 0.875556 0.966950 0.129150 0.012700
4 0.742549 0.455800 0.349150 0.012400
4 0.157190 0.959400 0.128235 0.011400
0 0.365948 0.874750 0.249804 0.181900
0 0.140850 0.868900 0.182876 0.195600
0 0.749346 0.659050 0.401176 0.211900
0 0.255948 0.351900 0.303268 0.213000
0 0.763268 0.881450 0.372810 0.189700
0 0.715621 0.338100 0.424967 0.255600
0 0.262157 0.665450 0.331373 0.181700
3 0.309869 0.434000 0.170327 0.018000
5 0.924771 0.924100 0.046144 0.027600
5 0.401569 0.705250 0.048105 0.027900
1 0.904248 0.891650 0.059739 0.016100
3 0.872876 0.951200 0.130327 0.015200
4 0.379281 0.959500 0.221046 0.011400
3 0.153660 0.944200 0.138954 0.016600
3 0.365882 0.943650 0.246013 0.014900
4 0.313072 0.451500 0.167059 0.012000
3 0.713856 0.439650 0.410719 0.018100
5 0.918105 0.708600 0.046405 0.027600
1 0.185621 0.883700 0.063529 0.017800
5 0.379935 0.408150 0.046405 0.028700
5 0.901176 0.414200 0.045490 0.030200
1 0.442418 0.884500 0.052941 0.018600
1 0.880980 0.381400 0.060784 0.018600
1 0.380654 0.673450 0.060131 0.018700
1 0.897582 0.676100 0.060784 0.017200
5 0.457059 0.916500 0.048235 0.030200
5 0.206013 0.916450 0.048889 0.030100
1 0.360588 0.375900 0.061569 0.017200
2 0.296471 0.402700 0.104052 0.035800
3 0.322941 0.734100 0.188889 0.015800
4 0.335817 0.748900 0.159216 0.010000
3 0.860327 0.735450 0.144706 0.014900
4 0.860588 0.751700 0.145229 0.011400
2 0.818824 0.409000 0.105882 0.035600
2 0.835163 0.702900 0.103268 0.036000
2 0.841373 0.919850 0.104444 0.035900
2 0.374379 0.911200 0.106144 0.034400
2 0.124837 0.911300 0.108235 0.036200
2 0.318824 0.701750 0.107974 0.035300
