0 0.380151 0.898500 0.236951 0.166400
4 0.378640 0.968600 0.232005 0.021200
3 0.175275 0.410250 0.220330 0.025700
4 0.862912 0.247250 0.215934 0.023300
4 0.616209 0.245750 0.184066 0.022100
2 0.408173 0.738600 0.092445 0.027400
4 0.137294 0.970500 0.183654 0.020800
1 0.218338 0.184450 0.047115 0.011700
2 0.164629 0.207100 0.095742 0.029800
3 0.130014 0.238250 0.171291 0.010100
4 0.131525 0.251300 0.136951 0.009800
5 0.231113 0.206700 0.035577 0.029000
1 0.456250 0.190300 0.042445 0.012800
3 0.375275 0.238150 0.221703 0.013300
4 0.378503 0.251550 0.214973 0.009700
2 0.652541 0.206000 0.095742 0.029600
2 0.892995 0.202250 0.096429 0.029700
5 0.958104 0.201700 0.034615 0.032000
3 0.862981 0.227450 0.222665 0.015900
1 0.268063 0.358900 0.052060 0.013400
2 0.214698 0.380400 0.095879 0.030000
5 0.281319 0.381300 0.038187 0.031000
0 0.141690 0.901650 0.212225 0.161300
0 0.860234 0.716250 0.231181 0.169900
0 0.622940 0.720250 0.230769 0.173700
0 0.375549 0.716100 0.234890 0.174200
3 0.379258 0.944700 0.185714 0.024400
3 0.133310 0.947150 0.185302 0.023300
4 0.174382 0.433750 0.207280 0.020900
2 0.536951 0.386850 0.094505 0.029500
5 0.601786 0.387000 0.034341 0.029800
5 0.718132 0.205000 0.035165 0.030800
2 0.402198 0.211750 0.097527 0.031100
5 0.469231 0.212450 0.035714 0.031500
0 0.136813 0.729350 0.231319 0.165300
0 0.617376 0.178150 0.237775 0.161100
0 0.376511 0.177600 0.226099 0.163200
0 0.138393 0.181300 0.229533 0.157800
4 0.807349 0.611150 0.158379 0.010100
4 0.176305 0.606150 0.238874 0.023700
2 0.827541 0.567600 0.099588 0.025200
4 0.620330 0.795500 0.200275 0.021200
3 0.866209 0.764650 0.210989 0.024100
4 0.868544 0.788650 0.207967 0.021500
0 0.866896 0.896950 0.215659 0.169900
4 0.495398 0.432800 0.182830 0.020200
1 0.705357 0.182350 0.050000 0.011900
1 0.944712 0.179650 0.049313 0.014700
1 0.771703 0.366450 0.040659 0.010300
1 0.891071 0.366000 0.036538 0.010000
3 0.617445 0.227150 0.221978 0.012900
4 0.864766 0.968350 0.185577 0.020900
3 0.863942 0.951500 0.190797 0.012000
5 0.955907 0.913800 0.036813 0.028400
2 0.889286 0.914400 0.095330 0.028400
1 0.946016 0.892750 0.038187 0.010100
4 0.624245 0.960850 0.232830 0.022300
3 0.630014 0.937100 0.183929 0.024800
5 0.712569 0.906650 0.034753 0.028700
2 0.646703 0.906200 0.093956 0.028400
1 0.701923 0.884500 0.040385 0.010400
5 0.472802 0.912700 0.034341 0.029600
2 0.407212 0.912500 0.096841 0.029200
5 0.228984 0.917700 0.037637 0.030000
1 0.587981 0.365150 0.049038 0.012900
4 0.501717 0.412750 0.229808 0.015500
3 0.622047 0.777750 0.224863 0.012900
1 0.462225 0.889850 0.045879 0.014100
2 0.163599 0.918050 0.093681 0.028700
1 0.215110 0.896500 0.047802 0.010800
1 0.944368 0.711900 0.044780 0.012400
5 0.957692 0.733650 0.036538 0.029100
2 0.893338 0.734000 0.091346 0.028600
5 0.717239 0.749150 0.036676 0.028900
2 0.651374 0.750400 0.094231 0.027800
1 0.706456 0.728150 0.042308 0.012100
4 0.376030 0.789250 0.232005 0.020900
3 0.375000 0.765600 0.214835 0.026200
5 0.472184 0.738650 0.035852 0.027700
1 0.459409 0.716550 0.049038 0.014700
4 0.140728 0.798550 0.187225 0.019300
3 0.135852 0.776750 0.144505 0.022100
1 0.215797 0.726500 0.045879 0.012800
3 0.803022 0.599700 0.138462 0.011000
5 0.895055 0.567150 0.035165 0.026500
1 0.882074 0.545800 0.045742 0.011400
4 0.501511 0.607800 0.193956 0.020800
3 0.504808 0.586500 0.187363 0.021800
5 0.604808 0.557750 0.034890 0.029100
2 0.539492 0.558050 0.094643 0.030500
1 0.593475 0.535250 0.038874 0.013300
3 0.178297 0.580900 0.224176 0.023200
5 0.273146 0.553350 0.035302 0.029700
2 0.207280 0.553850 0.095604 0.028700
1 0.261401 0.531450 0.043407 0.010900
4 0.798283 0.433650 0.211401 0.021500
3 0.799725 0.411300 0.128022 0.024400
5 0.899519 0.382450 0.027335 0.021500
2 0.848352 0.382750 0.075275 0.020900
5 0.779052 0.383250 0.029808 0.020300
2 0.725618 0.383600 0.076786 0.019000
5 0.230632 0.747200 0.036538 0.029000
2 0.164011 0.747550 0.096703 0.029700
0 0.624313 0.892300 0.234615 0.161000
0 0.802404 0.541250 0.221291 0.154300
0 0.503365 0.540000 0.239148 0.164800
0 0.177541 0.536150 0.242170 0.166100
0 0.797665 0.361300 0.261813 0.176200
0 0.496085 0.356000 0.251511 0.176000
0 0.179396 0.362300 0.248626 0.168400
0 0.863530 0.179100 0.224588 0.163000
