3 0.745300 0.922450 0.309399 0.016900
3 0.271149 0.952400 0.351697 0.016000
2 0.836031 0.479800 0.110705 0.036200
5 0.917167 0.484350 0.049739 0.032500
3 0.845822 0.512500 0.180940 0.016200
0 0.822389 0.224400 0.291253 0.206800
1 0.284204 0.243450 0.061619 0.018300
1 0.598956 0.450850 0.062924 0.019900
0 0.208943 0.435650 0.246084 0.198300
0 0.188251 0.221150 0.292167 0.210700
4 0.584204 0.527000 0.120104 0.013600
1 0.278590 0.451600 0.062663 0.019000
0 0.508636 0.227130 0.274634 0.205500
2 0.223042 0.270800 0.110836 0.036000
4 0.256005 0.319550 0.149869 0.012700
3 0.239360 0.303500 0.183159 0.016000
5 0.304112 0.275500 0.047911 0.030400
2 0.537272 0.479400 0.112663 0.036200
0 0.497063 0.436400 0.307180 0.198400
4 0.571867 0.319100 0.138251 0.011200
4 0.418342 0.756950 0.138773 0.011300
4 0.876371 0.319150 0.140209 0.011700
3 0.876371 0.303150 0.140209 0.015300
5 0.920692 0.276000 0.048956 0.032400
5 0.298172 0.484300 0.048564 0.031400
2 0.217428 0.479950 0.111880 0.036700
2 0.839491 0.271650 0.111358 0.036700
3 0.553198 0.303600 0.177154 0.017200
5 0.615144 0.275450 0.050392 0.030900
2 0.532245 0.270800 0.111488 0.037200
3 0.579178 0.511500 0.130157 0.015600
5 0.619582 0.483950 0.048564 0.030500
0 0.273368 0.876500 0.361358 0.199000
0 0.733551 0.795700 0.410183 0.304600
3 0.159595 0.738750 0.237467 0.018100
3 0.394778 0.740250 0.183812 0.018100
4 0.154961 0.755250 0.247520 0.011900
0 0.810836 0.440350 0.269713 0.190300
1 0.900392 0.243250 0.062924 0.019100
1 0.896802 0.451700 0.063055 0.019000
4 0.881527 0.527350 0.105875 0.012700
0 0.155026 0.660100 0.250783 0.214800
0 0.388903 0.656100 0.211488 0.214800
4 0.758943 0.939200 0.284987 0.012600
4 0.281527 0.969000 0.328329 0.012600
4 0.251697 0.527250 0.147258 0.011900
3 0.243146 0.511400 0.165666 0.015400
1 0.595235 0.243050 0.063577 0.018700
