2 0.855294 0.483700 0.107712 0.035600
2 0.844510 0.703950 0.103660 0.036100
2 0.256340 0.894600 0.108235 0.036800
5 0.312222 0.489050 0.045359 0.030100
5 0.624118 0.487550 0.046667 0.030100
2 0.228954 0.483100 0.104706 0.035800
2 0.824052 0.924450 0.098824 0.035900
2 0.542288 0.923050 0.107320 0.034100
1 0.918497 0.456150 0.060523 0.018700
2 0.230065 0.263500 0.103529 0.035200
1 0.291569 0.236200 0.060523 0.017400
5 0.907908 0.928850 0.046667 0.029700
5 0.427320 0.707900 0.046013 0.029200
1 0.888824 0.895650 0.061569 0.017700
5 0.624967 0.928150 0.047843 0.030100
5 0.937843 0.487750 0.044575 0.027100
0 0.197320 0.871800 0.337124 0.214200
0 0.720654 0.654100 0.461176 0.211800
0 0.292288 0.659150 0.317647 0.197300
0 0.850784 0.435650 0.221046 0.205500
0 0.515621 0.439650 0.266275 0.197100
0 0.845556 0.214850 0.238562 0.208900
3 0.755425 0.736650 0.376471 0.015300
3 0.319346 0.735200 0.252549 0.017000
4 0.855556 0.531500 0.192941 0.011400
3 0.538758 0.515250 0.201961 0.015700
4 0.235294 0.531300 0.187451 0.011400
3 0.179673 0.515350 0.296078 0.016500
1 0.605033 0.895500 0.060784 0.018600
5 0.338301 0.899000 0.047582 0.029800
5 0.926013 0.708700 0.047843 0.029800
5 0.939477 0.268900 0.047582 0.030200
4 0.865948 0.310700 0.175294 0.011400
5 0.626275 0.268250 0.044183 0.028900
4 0.524118 0.971900 0.232026 0.009800
3 0.820850 0.956600 0.213725 0.015600
4 0.546993 0.311100 0.188889 0.014400
3 0.859020 0.296400 0.190196 0.014400
3 0.862288 0.515900 0.182092 0.015400
4 0.558824 0.531600 0.161569 0.011600
3 0.538170 0.296250 0.202353 0.013700
4 0.232288 0.311950 0.189281 0.012700
3 0.225948 0.294650 0.201961 0.017100
3 0.525686 0.955900 0.227320 0.017400
4 0.200196 0.964900 0.321699 0.026400
4 0.344771 0.751100 0.193595 0.011000
4 0.792026 0.751350 0.298824 0.013700
3 0.199542 0.932230 0.328497 0.031500
4 0.808235 0.972400 0.238954 0.011600
0 0.182092 0.436650 0.313464 0.208100
0 0.540654 0.220250 0.218824 0.202300
5 0.312157 0.267800 0.048627 0.030200
0 0.809412 0.877950 0.246536 0.204300
0 0.528235 0.877900 0.242092 0.206200
2 0.544902 0.264800 0.112288 0.036000
0 0.199673 0.213700 0.279085 0.212400
2 0.542549 0.483300 0.107059 0.036400
2 0.346144 0.703250 0.106928 0.034500
2 0.856993 0.263750 0.105621 0.036100
1 0.406536 0.675700 0.064575 0.016400
1 0.907190 0.676250 0.063268 0.016900
1 0.317908 0.866850 0.058562 0.017900
1 0.604118 0.455450 0.063660 0.018300
1 0.290327 0.454750 0.064052 0.015500
1 0.918693 0.236100 0.060654 0.018800
1 0.604575 0.235500 0.060915 0.018000
