1 0.608945 0.445100 0.062934 0.017600
5 0.945367 0.470900 0.049550 0.032600
1 0.924646 0.437800 0.062934 0.019000
4 0.884942 0.290800 0.155985 0.015200
3 0.913256 0.275600 0.093694 0.015200
1 0.302574 0.441900 0.061776 0.019000
4 0.569048 0.522100 0.156113 0.012400
5 0.629151 0.477700 0.049550 0.032000
1 0.302381 0.665200 0.063707 0.020000
2 0.394337 0.926650 0.155985 0.037500
1 0.432175 0.897650 0.065122 0.018500
0 0.515380 0.646850 0.302317 0.215700
0 0.190476 0.644900 0.305792 0.217400
0 0.825290 0.190600 0.306435 0.221800
1 0.289189 0.214100 0.064093 0.019000
0 0.823488 0.417100 0.303089 0.218000
0 0.508172 0.420950 0.298970 0.219900
0 0.823616 0.643000 0.293822 0.224000
0 0.259653 0.873650 0.449292 0.216500
1 0.924839 0.214500 0.062548 0.019000
4 0.857722 0.963600 0.137323 0.013200
1 0.607722 0.218000 0.064350 0.018200
3 0.863514 0.945950 0.131145 0.015700
4 0.250579 0.520050 0.180695 0.014100
2 0.852381 0.913600 0.157529 0.037800
1 0.890476 0.885500 0.064350 0.019200
0 0.738932 0.878900 0.403990 0.192600
4 0.847362 0.745300 0.235521 0.015400
3 0.901416 0.729950 0.123037 0.016300
2 0.888803 0.697300 0.156242 0.037200
1 0.927606 0.669100 0.062420 0.018600
3 0.605663 0.726750 0.085972 0.014700
5 0.632883 0.698650 0.050064 0.032500
1 0.612934 0.666350 0.063707 0.018500
2 0.264479 0.694250 0.155985 0.038100
3 0.565508 0.278800 0.156242 0.019800
4 0.388031 0.974200 0.158301 0.012400
2 0.864028 0.466400 0.110811 0.037200
3 0.904376 0.499250 0.112999 0.015700
4 0.872072 0.514550 0.178378 0.011700
2 0.548391 0.473150 0.111454 0.038500
3 0.571171 0.506550 0.157014 0.016100
3 0.274646 0.275350 0.100644 0.015700
3 0.250644 0.503200 0.177220 0.018800
5 0.628378 0.250950 0.050322 0.033300
0 0.191570 0.193850 0.313385 0.225700
2 0.864479 0.243250 0.109395 0.037500
5 0.945495 0.247500 0.051866 0.031800
3 0.285650 0.725600 0.105920 0.017000
4 0.245045 0.743200 0.190991 0.013000
2 0.551544 0.694300 0.110039 0.037400
4 0.601287 0.742950 0.098584 0.012300
3 0.403024 0.959200 0.130116 0.017600
2 0.264093 0.470150 0.155212 0.035900
0 0.496525 0.191150 0.317889 0.221700
2 0.227156 0.242600 0.109138 0.038000
5 0.308494 0.248150 0.049421 0.033300
4 0.264093 0.291700 0.123295 0.011000
0 0.188288 0.420100 0.313256 0.222800
2 0.547040 0.246700 0.109266 0.037800
4 0.570914 0.295000 0.146976 0.011600
