3 0.863303 0.342350 0.183933 0.015700
5 0.927442 0.314700 0.052314 0.031800
2 0.843638 0.310500 0.111697 0.039000
2 0.230784 0.903100 0.110411 0.037800
5 0.311311 0.908200 0.048843 0.031600
3 0.245116 0.937600 0.184576 0.016800
4 0.269537 0.952800 0.135733 0.011800
2 0.530206 0.903450 0.109512 0.038100
4 0.540746 0.951750 0.177121 0.012700
2 0.845630 0.903900 0.110797 0.037800
2 0.415746 0.310900 0.110925 0.037400
2 0.416003 0.538900 0.111697 0.036800
2 0.844152 0.542450 0.109383 0.037500
5 0.927018 0.908810 0.051157 0.032200
4 0.845051 0.359250 0.216324 0.013300
5 0.498715 0.544250 0.051157 0.031700
0 0.209897 0.796450 0.263239 0.332100
0 0.503085 0.796250 0.292802 0.332700
3 0.404370 0.570650 0.229306 0.017300
4 0.440039 0.587550 0.160540 0.014500
1 0.592224 0.874750 0.061825 0.019300
5 0.612211 0.908500 0.051414 0.033200
3 0.518830 0.934600 0.223779 0.017400
1 0.905977 0.875550 0.062596 0.018900
3 0.841131 0.936350 0.224165 0.018100
3 0.825835 0.574900 0.253470 0.017800
1 0.905656 0.513400 0.064010 0.020200
5 0.926864 0.547200 0.051157 0.032200
1 0.905784 0.281850 0.063496 0.018900
0 0.790681 0.248650 0.337918 0.244700
4 0.431748 0.359400 0.165039 0.013800
3 0.423329 0.342050 0.185219 0.020100
5 0.497686 0.314650 0.050900 0.033300
0 0.312018 0.248250 0.435347 0.248500
0 0.821658 0.794150 0.274165 0.332100
0 0.803728 0.490250 0.316195 0.223300
1 0.477314 0.282350 0.062596 0.019500
4 0.848393 0.952750 0.210668 0.012500
1 0.291517 0.874650 0.061697 0.018900
1 0.476671 0.510900 0.063111 0.019200
0 0.303728 0.491700 0.454242 0.224000
4 0.849871 0.591050 0.207198 0.013900
