0 0.209620 0.441250 0.280759 0.204300
1 0.382592 0.227750 0.061257 0.019100
4 0.534228 0.532800 0.199084 0.010200
0 0.814267 0.436500 0.284031 0.211600
0 0.263351 0.654050 0.350524 0.211500
3 0.257461 0.734800 0.220942 0.017200
0 0.287565 0.872050 0.350524 0.213900
5 0.394568 0.575600 0.077356 0.047600
1 0.590183 0.458550 0.062042 0.018100
1 0.292932 0.458200 0.062304 0.018200
1 0.842997 0.229500 0.062435 0.019600
3 0.525131 0.518050 0.221204 0.015500
0 0.757526 0.208600 0.276832 0.210400
0 0.291558 0.214550 0.291754 0.195700
4 0.286976 0.969800 0.198560 0.012800
3 0.292539 0.287600 0.272513 0.014600
2 0.322579 0.256000 0.111911 0.036400
5 0.611518 0.491750 0.048168 0.032900
4 0.790249 0.304400 0.198560 0.013200
2 0.232134 0.486200 0.110079 0.037200
5 0.314071 0.490400 0.052225 0.032400
3 0.216296 0.516750 0.249084 0.016900
5 0.383966 0.791500 0.077356 0.050000
2 0.530105 0.486500 0.111257 0.037800
0 0.509751 0.440350 0.258508 0.201900
4 0.237304 0.534150 0.205759 0.013700
3 0.877814 0.517600 0.147775 0.017000
4 0.888809 0.532850 0.126047 0.014300
5 0.404058 0.261200 0.048953 0.031600
3 0.275065 0.953500 0.222120 0.015600
4 0.269830 0.751150 0.198560 0.014300
2 0.846793 0.486400 0.110340 0.037000
5 0.929188 0.491350 0.048953 0.031700
4 0.302814 0.303900 0.251963 0.012400
2 0.781937 0.257450 0.110733 0.035300
3 0.781021 0.289150 0.217016 0.015500
5 0.863678 0.262400 0.050131 0.032000
