2 0.856816 0.412000 0.110576 0.041000
2 0.856522 0.185250 0.108343 0.040900
2 0.279318 0.411750 0.110458 0.040900
2 0.279495 0.185400 0.108931 0.040000
1 0.340717 0.155850 0.061457 0.020900
1 0.340306 0.381550 0.061575 0.021100
4 0.265100 0.465350 0.244653 0.012300
3 0.251351 0.448150 0.270270 0.017300
5 0.360282 0.417250 0.049119 0.034500
5 0.937662 0.417050 0.047591 0.033300
0 0.223913 0.129700 0.325617 0.232800
4 0.844007 0.238250 0.240306 0.012700
3 0.814395 0.220800 0.298590 0.020000
5 0.937250 0.190950 0.048649 0.034100
4 0.816569 0.464700 0.297532 0.014600
3 0.804818 0.448200 0.318919 0.014600
1 0.916510 0.381800 0.060987 0.022000
0 0.806463 0.372850 0.326675 0.207300
1 0.917215 0.155100 0.059812 0.019600
4 0.304700 0.238600 0.141011 0.011800
3 0.268919 0.220450 0.212573 0.019100
0 0.245241 0.362300 0.291657 0.225400
0 0.805053 0.152600 0.325734 0.192400
5 0.360458 0.190700 0.047591 0.031400
