5 0.717137 0.924276 0.048253 0.028571
0 0.859879 0.873976 0.173522 0.200699
3 0.868683 0.928422 0.149731 0.031469
4 0.651277 0.966533 0.181048 0.013187
3 0.640793 0.950400 0.201747 0.017283
4 0.184677 0.769181 0.292742 0.028871
3 0.834476 0.727922 0.221909 0.017083
1 0.900269 0.670030 0.061022 0.017982
4 0.316667 0.535215 0.204839 0.012288
3 0.336895 0.511389 0.165726 0.028172
2 0.633132 0.919630 0.107392 0.033467
4 0.880242 0.751399 0.137366 0.027273
0 0.316801 0.444655 0.208871 0.198402
0 0.113374 0.462188 0.146909 0.160939
0 0.575941 0.476074 0.202419 0.132368
2 0.311425 0.473027 0.106989 0.034965
2 0.846035 0.299201 0.107124 0.035964
5 0.300403 0.719680 0.046774 0.028771
2 0.218078 0.715435 0.107661 0.033467
0 0.864180 0.243906 0.187231 0.218282
1 0.280578 0.688362 0.062500 0.017283
4 0.575941 0.534665 0.194624 0.010989
1 0.907930 0.271578 0.060484 0.018282
5 0.929368 0.302897 0.048253 0.027972
4 0.873051 0.958991 0.147984 0.026474
0 0.183602 0.678222 0.295699 0.213387
3 0.192876 0.746054 0.273656 0.016783
2 0.838710 0.696753 0.107796 0.035265
1 0.374597 0.445804 0.059677 0.016284
1 0.695161 0.893157 0.062097 0.017682
3 0.576277 0.518382 0.193683 0.016384
5 0.394355 0.478571 0.047581 0.029071
5 0.921371 0.701798 0.047581 0.028372
5 0.624328 0.480220 0.081452 0.051349
4 0.865255 0.344955 0.181048 0.012388
3 0.884140 0.330170 0.138172 0.014785
0 0.830175 0.666334 0.249059 0.200999
3 0.114315 0.503347 0.138844 0.015884
4 0.120027 0.527298 0.127151 0.028521
0 0.640323 0.874625 0.207527 0.202597
