0 0.193240 0.207150 0.306122 0.219300
0 0.538202 0.432050 0.249617 0.222500
3 0.187436 0.293400 0.145791 0.016400
5 0.312436 0.490200 0.048342 0.031400
1 0.615370 0.457550 0.060842 0.019300
4 0.545727 0.534650 0.211097 0.011700
3 0.917219 0.519200 0.091837 0.013600
2 0.174617 0.713550 0.155102 0.037100
2 0.410906 0.713650 0.154974 0.037900
1 0.682334 0.685850 0.061862 0.019700
4 0.645153 0.763500 0.145918 0.011400
2 0.813265 0.946800 0.154337 0.037600
3 0.842028 0.980000 0.092985 0.015200
4 0.842921 0.994500 0.083546 0.011000
1 0.928253 0.685650 0.061607 0.019900
0 0.526020 0.888500 0.267092 0.223000
0 0.199681 0.886850 0.292219 0.226300
0 0.507717 0.205200 0.298597 0.223800
4 0.918495 0.311600 0.095663 0.011000
0 0.818304 0.886750 0.270536 0.226500
0 0.164923 0.661150 0.196173 0.222500
5 0.629783 0.266000 0.048342 0.031200
1 0.928508 0.233750 0.060077 0.018900
0 0.191263 0.432350 0.313903 0.221900
1 0.161990 0.271550 0.041071 0.012900
0 0.382462 0.661300 0.226403 0.221200
0 0.635395 0.661450 0.175383 0.219300
2 0.232462 0.485900 0.107781 0.038600
2 0.085332 0.234150 0.076531 0.029700
2 0.087691 0.266600 0.076148 0.028400
2 0.550064 0.261400 0.108801 0.037200
0 0.858482 0.661100 0.226658 0.218600
5 0.262436 0.267450 0.132526 0.029700
4 0.186735 0.308550 0.093878 0.010700
1 0.609885 0.234000 0.060842 0.019600
4 0.581441 0.310500 0.126403 0.011000
3 0.921046 0.295150 0.085969 0.015900
0 0.848278 0.434350 0.247066 0.219300
4 0.281441 0.534900 0.093240 0.010600
3 0.554209 0.518600 0.194643 0.014800
2 0.890689 0.486100 0.153571 0.036800
1 0.212436 0.685550 0.060842 0.018900
4 0.182143 0.761350 0.132398 0.009100
3 0.380038 0.746950 0.201658 0.017700
2 0.644133 0.713450 0.154592 0.037100
3 0.856505 0.746000 0.214541 0.014200
4 0.859758 0.762400 0.208546 0.012000
1 0.301913 0.918150 0.061735 0.018700
2 0.263393 0.946450 0.155357 0.038500
3 0.275319 0.979600 0.123597 0.016400
4 0.289094 0.994650 0.097066 0.010700
1 0.615370 0.918700 0.061352 0.020000
2 0.578125 0.946500 0.154719 0.037400
4 0.615306 0.995600 0.072449 0.008800
3 0.608163 0.980250 0.085204 0.013700
1 0.851467 0.918650 0.060332 0.019700
5 0.262054 0.234150 0.132526 0.030300
1 0.162181 0.239450 0.041454 0.014500
2 0.890179 0.713800 0.153827 0.038200
3 0.658482 0.748000 0.107781 0.015200
4 0.378125 0.763750 0.209821 0.010900
1 0.448724 0.685500 0.063265 0.020200
3 0.189349 0.747500 0.107270 0.014800
4 0.930166 0.534300 0.066709 0.011000
1 0.927870 0.457800 0.060842 0.020400
2 0.577423 0.485850 0.155102 0.037100
3 0.285842 0.520500 0.081122 0.014800
1 0.293048 0.457050 0.060842 0.019700
0 0.824872 0.206600 0.300510 0.225800
2 0.890370 0.261450 0.153189 0.037900
3 0.590242 0.294600 0.111862 0.015200
