1 0.927231 0.667600 0.064173 0.019600
3 0.837008 0.728450 0.253281 0.016300
4 0.853084 0.743100 0.221129 0.012000
0 0.197047 0.886000 0.289633 0.174000
3 0.256824 0.945050 0.147507 0.016300
4 0.253740 0.961800 0.158136 0.015400
3 0.532874 0.942350 0.167060 0.016300
4 0.513648 0.958650 0.197375 0.014500
0 0.226050 0.219800 0.292782 0.209400
3 0.228346 0.292250 0.221785 0.016300
0 0.536220 0.220150 0.294488 0.210100
5 0.639436 0.261550 0.051050 0.032500
3 0.567979 0.288300 0.175853 0.016600
2 0.128937 0.664800 0.111417 0.037200
5 0.447769 0.670200 0.047769 0.031800
2 0.599541 0.664600 0.109843 0.036600
0 0.518570 0.870600 0.212205 0.199800
5 0.597113 0.917250 0.049344 0.031300
0 0.839895 0.229250 0.277428 0.181500
0 0.623031 0.644950 0.168110 0.211900
0 0.238189 0.441500 0.237533 0.195200
1 0.291207 0.450400 0.065354 0.019600
0 0.516142 0.441600 0.273491 0.186600
1 0.597178 0.449750 0.064436 0.019500
0 0.805774 0.869400 0.262205 0.196600
4 0.866010 0.525300 0.186352 0.012800
0 0.151640 0.647200 0.215879 0.206600
1 0.190748 0.636500 0.063648 0.018600
5 0.210892 0.669850 0.049344 0.031700
3 0.144948 0.704500 0.167060 0.030400
4 0.158596 0.735950 0.139764 0.026300
0 0.379724 0.647600 0.206168 0.206000
3 0.391732 0.705350 0.152756 0.030300
4 0.402756 0.735050 0.128346 0.027100
1 0.661417 0.636850 0.062992 0.018100
3 0.622638 0.705350 0.156037 0.031300
4 0.620538 0.736400 0.157612 0.026800
5 0.313976 0.918600 0.053150 0.034000
2 0.230774 0.913800 0.107480 0.038000
3 0.869423 0.508100 0.176378 0.017000
5 0.681562 0.669900 0.049213 0.031400
2 0.866076 0.696650 0.110105 0.037500
5 0.947244 0.699600 0.049869 0.032600
2 0.804331 0.913400 0.110499 0.037200
2 0.366995 0.665000 0.111680 0.037600
2 0.515551 0.911800 0.109843 0.037600
1 0.292979 0.885400 0.063123 0.018800
1 0.864698 0.885700 0.062467 0.019000
4 0.806102 0.960250 0.252100 0.013100
3 0.812992 0.944600 0.237270 0.017200
5 0.885827 0.918200 0.049869 0.032200
4 0.212139 0.308200 0.252625 0.013000
5 0.322966 0.266150 0.048819 0.032100
2 0.861155 0.477550 0.108399 0.038100
4 0.524344 0.525750 0.225066 0.012300
5 0.619160 0.483150 0.050919 0.031100
2 0.536745 0.478150 0.110236 0.036500
4 0.234514 0.526900 0.189764 0.012200
3 0.239698 0.510750 0.175459 0.015700
5 0.312270 0.482950 0.049475 0.031100
2 0.229724 0.478500 0.111942 0.036600
4 0.900459 0.305000 0.130315 0.013800
0 0.844423 0.648800 0.271260 0.205000
3 0.906037 0.289750 0.117585 0.014700
5 0.947047 0.262100 0.048950 0.031600
2 0.866929 0.257300 0.109711 0.037400
4 0.562861 0.304950 0.193176 0.012900
2 0.558136 0.257700 0.109449 0.037000
2 0.240879 0.261800 0.112730 0.037200
5 0.940381 0.481180 0.048950 0.031600
1 0.921391 0.449100 0.066404 0.017400
0 0.821063 0.434400 0.301706 0.202400
3 0.523097 0.509900 0.228346 0.016400
1 0.302690 0.233950 0.063123 0.019300
1 0.619619 0.229500 0.063911 0.018600
1 0.927428 0.229700 0.062467 0.017800
1 0.427822 0.636900 0.061942 0.018800
1 0.576247 0.883700 0.060105 0.018600
