3 0.355871 0.512637 0.339613 0.019880
1 0.312129 0.222028 0.061161 0.019680
4 0.215226 0.299201 0.271484 0.010989
1 0.916710 0.213237 0.060000 0.019680
5 0.873613 0.938062 0.048903 0.031568
3 0.761161 0.965235 0.254452 0.015185
4 0.773871 0.981618 0.231355 0.013187
0 0.219419 0.200999 0.285290 0.216583
5 0.293226 0.702897 0.046839 0.030969
1 0.879613 0.455395 0.061161 0.019281
5 0.900710 0.488112 0.048387 0.031968
4 0.355032 0.531768 0.335097 0.011988
0 0.828387 0.194705 0.273290 0.211588
5 0.618968 0.705195 0.045677 0.030569
3 0.514581 0.731718 0.234839 0.016084
4 0.525032 0.747502 0.218581 0.012288
2 0.541355 0.700100 0.104903 0.034366
5 0.937161 0.246553 0.048000 0.031768
1 0.921935 0.672328 0.059871 0.018581
5 0.941548 0.704146 0.048516 0.031269
3 0.861290 0.731119 0.211871 0.017283
4 0.842258 0.748901 0.250710 0.012288
1 0.372968 0.905045 0.059484 0.019880
0 0.827484 0.647453 0.284903 0.218581
1 0.852903 0.904595 0.061935 0.018981
4 0.267290 0.981369 0.283742 0.013287
3 0.280968 0.965085 0.255355 0.016683
5 0.393226 0.937562 0.048387 0.032168
3 0.234581 0.282268 0.226065 0.016683
5 0.333355 0.254745 0.049935 0.032168
0 0.508581 0.648751 0.270581 0.214386
0 0.792903 0.432468 0.274065 0.215984
1 0.272968 0.670579 0.059484 0.019281
4 0.832000 0.532468 0.185806 0.012388
3 0.820516 0.516833 0.211613 0.016084
0 0.172258 0.646553 0.302194 0.219780
0 0.280387 0.443656 0.501161 0.192408
1 0.598968 0.673876 0.058323 0.019081
4 0.169290 0.747053 0.277677 0.012587
3 0.186839 0.730070 0.241806 0.016384
0 0.252581 0.881219 0.335613 0.222577
0 0.724258 0.879520 0.355097 0.226374
1 0.478194 0.445055 0.068903 0.021179
4 0.877548 0.290110 0.149161 0.010989
3 0.875032 0.273427 0.152645 0.015185
2 0.410968 0.476174 0.120258 0.041059
5 0.498542 0.481049 0.051742 0.034665
2 0.820129 0.483017 0.109161 0.036364
2 0.252710 0.249850 0.109806 0.036763
2 0.213097 0.698252 0.109290 0.036663
2 0.312065 0.932667 0.109290 0.035964
2 0.856194 0.241059 0.110065 0.036763
2 0.793419 0.931718 0.106839 0.036663
2 0.861097 0.699500 0.108516 0.036963
