4 0.255737 0.893850 0.146034 0.009500
0 0.251558 0.825880 0.445326 0.151400
0 0.262110 0.459400 0.426204 0.174000
4 0.751204 0.362450 0.325071 0.009100
0 0.296246 0.274100 0.381161 0.188400
0 0.753754 0.640050 0.425637 0.165900
0 0.752408 0.820100 0.416714 0.182000
0 0.765227 0.464500 0.381445 0.176200
0 0.750411 0.279885 0.435411 0.176630
0 0.254037 0.640750 0.437819 0.165700
5 0.934986 0.453750 0.033994 0.036300
4 0.257436 0.539050 0.254249 0.009100
2 0.355595 0.660000 0.108924 0.026200
5 0.464023 0.272250 0.032578 0.037700
1 0.463456 0.244900 0.039093 0.015200
5 0.949008 0.315350 0.033994 0.042300
3 0.256870 0.526900 0.242635 0.012600
2 0.849504 0.489800 0.129037 0.025400
1 0.936261 0.426950 0.038810 0.015900
2 0.850071 0.447200 0.128187 0.022800
2 0.372238 0.266100 0.113031 0.022800
2 0.376062 0.308300 0.125779 0.026600
5 0.463810 0.314000 0.034986 0.045400
2 0.864023 0.266150 0.126062 0.021900
2 0.863669 0.308600 0.127904 0.023600
2 0.361261 0.482350 0.123938 0.025100
2 0.357082 0.617550 0.113598 0.023300
2 0.363102 0.792150 0.112040 0.023900
2 0.846530 0.847250 0.106657 0.025300
2 0.846105 0.804450 0.108074 0.022700
2 0.362394 0.440750 0.125637 0.023900
2 0.360977 0.834950 0.112040 0.027900
2 0.858994 0.656900 0.129603 0.025800
5 0.944122 0.663000 0.034136 0.042600
5 0.943697 0.619550 0.034419 0.037900
1 0.942564 0.592600 0.036402 0.013200
4 0.256020 0.716900 0.145751 0.008400
2 0.858640 0.614250 0.126912 0.022300
3 0.257790 0.705450 0.109065 0.011100
5 0.448584 0.666550 0.032011 0.044700
5 0.450283 0.623350 0.032011 0.037900
1 0.447096 0.596450 0.035836 0.013700
4 0.751983 0.898900 0.303116 0.009800
3 0.756091 0.886800 0.312181 0.012200
5 0.940439 0.853850 0.032436 0.040300
5 0.940439 0.810600 0.033569 0.035800
1 0.941926 0.782250 0.036827 0.013500
1 0.450992 0.419700 0.039943 0.015000
5 0.447946 0.447050 0.033286 0.037500
5 0.448938 0.491150 0.035836 0.043300
5 0.949079 0.272750 0.035836 0.038500
3 0.755878 0.349850 0.219405 0.013100
1 0.948513 0.245000 0.037535 0.015200
4 0.256516 0.361800 0.276771 0.010600
3 0.256374 0.350150 0.187819 0.008900
5 0.934773 0.497250 0.032153 0.041700
3 0.749575 0.532650 0.212465 0.012300
4 0.748513 0.545150 0.325354 0.010500
1 0.453895 0.770750 0.038952 0.012900
5 0.452975 0.797450 0.036544 0.039300
5 0.451062 0.841600 0.032153 0.041600
3 0.257082 0.882250 0.114164 0.009300
4 0.751841 0.711100 0.381303 0.009600
3 0.754533 0.700450 0.326346 0.011300
