5 0.713935 0.484765 0.048258 0.031868
0 0.195097 0.217133 0.296774 0.219281
0 0.152645 0.437363 0.225806 0.197403
3 0.797226 0.723477 0.303871 0.031768
1 0.911484 0.655495 0.061161 0.019481
4 0.222323 0.762438 0.216258 0.010989
3 0.866710 0.511738 0.162065 0.017083
5 0.315226 0.719730 0.047226 0.031868
2 0.633226 0.479221 0.109806 0.036563
2 0.852516 0.479271 0.109935 0.036863
2 0.398581 0.432517 0.108645 0.034865
4 0.862710 0.527872 0.171613 0.011588
5 0.932581 0.484316 0.047871 0.030769
1 0.911548 0.451898 0.060774 0.018881
4 0.633290 0.527273 0.191226 0.011588
3 0.641355 0.511389 0.174323 0.015784
1 0.217935 0.451998 0.061161 0.017882
0 0.634968 0.447602 0.211871 0.174126
5 0.478839 0.437562 0.046710 0.031768
3 0.387032 0.473127 0.214323 0.031568
4 0.391613 0.512038 0.211355 0.042058
1 0.693355 0.451898 0.061548 0.018681
5 0.238645 0.484066 0.046839 0.030470
1 0.459290 0.405445 0.059484 0.019680
3 0.156194 0.511439 0.194710 0.014486
4 0.147871 0.527822 0.210323 0.012088
0 0.776323 0.886813 0.286065 0.197403
0 0.371742 0.895754 0.292129 0.179121
0 0.800000 0.662787 0.317677 0.214486
0 0.499161 0.685015 0.260000 0.173427
4 0.801484 0.754496 0.293548 0.027473
2 0.855032 0.269381 0.109806 0.036863
2 0.158065 0.479171 0.109161 0.036863
4 0.533355 0.318282 0.234452 0.013586
3 0.532774 0.301998 0.232774 0.016384
5 0.634129 0.274625 0.047355 0.032168
1 0.614387 0.242058 0.060774 0.019580
4 0.222323 0.318931 0.218065 0.011688
3 0.223032 0.303147 0.215613 0.015485
5 0.316194 0.275974 0.047613 0.031269
1 0.295161 0.243606 0.060516 0.019481
0 0.531484 0.222278 0.262710 0.209990
0 0.389613 0.433616 0.231097 0.205095
1 0.580452 0.687113 0.061548 0.018981
1 0.294710 0.687413 0.061161 0.019181
3 0.389871 0.961439 0.233677 0.014785
5 0.491484 0.933666 0.047226 0.029970
1 0.471419 0.900849 0.059742 0.019481
0 0.191613 0.661289 0.297290 0.216484
2 0.554194 0.269680 0.109935 0.036264
2 0.235871 0.270829 0.108903 0.036563
2 0.851677 0.682717 0.108258 0.035764
2 0.520323 0.714286 0.110065 0.036563
2 0.234903 0.714635 0.108774 0.036863
2 0.812452 0.928072 0.110323 0.036563
2 0.410839 0.928072 0.108387 0.035964
0 0.861613 0.439161 0.197806 0.196404
4 0.832000 0.318731 0.240774 0.012488
3 0.834581 0.301698 0.233806 0.016583
5 0.936710 0.274625 0.047613 0.031568
1 0.915419 0.241658 0.061806 0.018382
0 0.827871 0.222877 0.269935 0.210589
5 0.931935 0.687762 0.048645 0.031069
4 0.503613 0.763187 0.225032 0.010689
3 0.497806 0.747502 0.235613 0.016084
5 0.600581 0.719331 0.048129 0.030270
3 0.211871 0.747253 0.234323 0.016384
1 0.871677 0.900599 0.060774 0.018382
5 0.891419 0.933117 0.048903 0.030270
3 0.803677 0.960490 0.209161 0.017682
4 0.787355 0.977423 0.239742 0.011389
4 0.402839 0.977023 0.207484 0.012587
