3 0.534550 0.730619 0.195306 0.017483
5 0.615776 0.702797 0.048501 0.029970
1 0.595763 0.671379 0.062712 0.020080
4 0.219426 0.742957 0.184355 0.010589
3 0.230313 0.726623 0.163625 0.019281
5 0.297132 0.699750 0.046415 0.029870
1 0.276662 0.667932 0.060756 0.018581
4 0.835984 0.512587 0.132203 0.011389
0 0.191591 0.647103 0.308605 0.208092
5 0.234746 0.920729 0.046284 0.031069
1 0.456975 0.888711 0.059713 0.018981
5 0.477249 0.920979 0.046545 0.030569
4 0.400522 0.512737 0.113950 0.009091
5 0.442308 0.469530 0.047327 0.030569
1 0.421121 0.437562 0.061538 0.018981
4 0.840156 0.311039 0.120209 0.010290
3 0.820469 0.296104 0.158540 0.015984
0 0.252868 0.210290 0.430900 0.218581
2 0.361864 0.464885 0.109648 0.036264
2 0.806063 0.464486 0.110430 0.035664
2 0.396089 0.915784 0.110821 0.035964
2 0.848370 0.695904 0.108996 0.036563
2 0.825750 0.915784 0.106519 0.037562
1 0.214733 0.888561 0.059713 0.018681
2 0.154759 0.915634 0.109257 0.036064
3 0.840156 0.498102 0.123598 0.015185
0 0.711343 0.208691 0.402347 0.220579
0 0.284289 0.428122 0.370143 0.182517
3 0.396936 0.498302 0.119035 0.012987
3 0.431486 0.948501 0.119817 0.015485
4 0.416493 0.963786 0.154237 0.011089
1 0.691982 0.887712 0.059322 0.017982
3 0.378162 0.296454 0.155802 0.014486
4 0.541460 0.746104 0.180965 0.011688
2 0.805476 0.263686 0.110039 0.036863
1 0.865124 0.437363 0.061408 0.018981
1 0.421838 0.236513 0.060365 0.019680
2 0.216623 0.694605 0.110691 0.036364
2 0.631226 0.915485 0.109909 0.036763
2 0.363299 0.263387 0.111473 0.036064
2 0.535267 0.697802 0.108866 0.035964
0 0.499870 0.656394 0.288657 0.195704
5 0.906649 0.919880 0.048240 0.029371
4 0.859909 0.744905 0.169883 0.011289
4 0.171969 0.964785 0.156193 0.011089
3 0.858018 0.729720 0.173664 0.014685
4 0.884941 0.964036 0.072881 0.010390
3 0.865189 0.948452 0.118644 0.011389
3 0.182269 0.947652 0.137679 0.013387
5 0.885332 0.469830 0.045763 0.030569
5 0.886050 0.268032 0.047197 0.031369
1 0.866297 0.235115 0.060887 0.019281
4 0.404368 0.311389 0.104694 0.011588
5 0.442373 0.268182 0.046675 0.031069
0 0.850261 0.871079 0.211864 0.207493
0 0.624446 0.888412 0.227249 0.166833
0 0.390743 0.889860 0.226336 0.164136
0 0.152282 0.890060 0.217731 0.164535
0 0.814276 0.660490 0.283312 0.183317
0 0.748761 0.428022 0.344459 0.187512
5 0.711930 0.920280 0.047066 0.029570
3 0.667145 0.948851 0.118644 0.014785
4 0.666297 0.964136 0.120078 0.011389
1 0.885984 0.888761 0.061408 0.018282
1 0.909387 0.669081 0.061278 0.019281
5 0.929465 0.701249 0.047718 0.030470
