5 0.865961 0.707880 0.049091 0.031700
4 0.709156 0.983950 0.375974 0.010900
5 0.634675 0.488750 0.049091 0.031700
2 0.549351 0.483750 0.112468 0.038100
2 0.389675 0.255700 0.110779 0.037800
1 0.452338 0.227250 0.062338 0.018500
1 0.871169 0.227150 0.062597 0.018900
1 0.612662 0.454850 0.063506 0.018900
1 0.846429 0.674850 0.061429 0.019900
1 0.860974 0.906700 0.062987 0.020400
5 0.881818 0.939950 0.050649 0.031700
2 0.800000 0.935700 0.111688 0.037600
2 0.336883 0.936350 0.112727 0.038100
5 0.389351 0.706500 0.049091 0.033200
0 0.680909 0.884950 0.459481 0.217900
2 0.784870 0.703150 0.110000 0.036700
2 0.809935 0.255900 0.110519 0.037800
2 0.307727 0.701200 0.108961 0.036800
0 0.755584 0.206950 0.331169 0.215300
5 0.892143 0.260700 0.051039 0.033000
1 0.368571 0.673350 0.062857 0.018900
0 0.258117 0.655850 0.314156 0.203900
4 0.778442 0.750250 0.215584 0.012500
3 0.760260 0.734850 0.239481 0.013100
3 0.317662 0.733800 0.171169 0.016400
4 0.331688 0.749350 0.146234 0.012900
0 0.257338 0.877750 0.382727 0.227300
1 0.397662 0.908100 0.064156 0.019000
5 0.419091 0.941550 0.051169 0.031300
3 0.286104 0.966950 0.314805 0.017700
4 0.281039 0.983250 0.328312 0.013100
5 0.472208 0.261000 0.051429 0.034000
0 0.326753 0.207250 0.349870 0.208100
3 0.534740 0.515250 0.258831 0.018100
0 0.495909 0.435650 0.354156 0.210700
4 0.828831 0.305700 0.177662 0.014200
3 0.817727 0.287750 0.184286 0.017900
3 0.676234 0.968350 0.443117 0.015900
0 0.727987 0.653350 0.331818 0.211500
3 0.356818 0.287950 0.263766 0.017700
4 0.394351 0.303650 0.198571 0.011300
4 0.514091 0.532600 0.302987 0.012800
