5 0.476501 0.931050 0.046214 0.032500
5 0.828655 0.931400 0.047911 0.031800
5 0.932050 0.711550 0.045822 0.030100
3 0.369452 0.958300 0.242298 0.016400
4 0.373956 0.972800 0.233290 0.012600
3 0.824935 0.737300 0.246214 0.014400
3 0.738969 0.957900 0.207702 0.014400
5 0.635117 0.273950 0.047781 0.030700
5 0.940601 0.272050 0.047781 0.030500
3 0.861488 0.299150 0.187206 0.015500
4 0.868016 0.314800 0.175196 0.011600
1 0.608877 0.461050 0.059269 0.019100
4 0.882311 0.533800 0.142167 0.010800
1 0.613055 0.242250 0.060052 0.019500
3 0.553525 0.519900 0.179112 0.015400
0 0.825000 0.654000 0.272977 0.216800
1 0.293211 0.460900 0.059791 0.018600
3 0.217232 0.520600 0.224543 0.015000
4 0.219517 0.535300 0.219452 0.010800
5 0.630222 0.493350 0.045822 0.031100
1 0.920431 0.239600 0.060705 0.018200
5 0.313903 0.492950 0.047650 0.030300
4 0.553721 0.535600 0.182898 0.011400
5 0.316580 0.711000 0.046997 0.031600
1 0.295170 0.679000 0.059791 0.018600
0 0.184530 0.434300 0.313969 0.215400
0 0.188055 0.218750 0.305875 0.212100
0 0.837794 0.433950 0.253394 0.215900
0 0.528851 0.437250 0.257702 0.212700
0 0.207245 0.654250 0.274282 0.215300
2 0.852676 0.706300 0.110052 0.035600
2 0.549478 0.488200 0.108616 0.036000
3 0.556789 0.737600 0.178851 0.014200
5 0.633094 0.710450 0.048172 0.030300
0 0.512794 0.654850 0.292167 0.215300
1 0.911749 0.679250 0.060052 0.018300
4 0.568668 0.752850 0.156658 0.010900
1 0.917689 0.458850 0.059399 0.017900
1 0.612533 0.678950 0.060574 0.018300
1 0.294582 0.242350 0.060444 0.018700
4 0.553851 0.316850 0.189687 0.010700
3 0.567624 0.300700 0.160574 0.013600
3 0.866384 0.518300 0.172193 0.015000
4 0.195822 0.317050 0.270235 0.010300
3 0.184595 0.301750 0.289817 0.015500
5 0.315013 0.273900 0.045692 0.030800
4 0.751175 0.974400 0.186945 0.014000
4 0.209138 0.754150 0.242037 0.013100
3 0.201240 0.738250 0.259138 0.016900
1 0.807963 0.898750 0.061880 0.018900
0 0.699674 0.877100 0.335901 0.215800
0 0.352285 0.876650 0.301958 0.213300
0 0.535836 0.218400 0.252872 0.211400
0 0.833616 0.217450 0.270627 0.210900
5 0.938838 0.491550 0.047650 0.030700
4 0.819452 0.754400 0.256136 0.014000
1 0.455352 0.898400 0.060574 0.019600
2 0.553460 0.705800 0.109791 0.036000
2 0.554569 0.269200 0.109138 0.036000
2 0.860183 0.266800 0.110183 0.036200
2 0.232768 0.487800 0.109399 0.036000
2 0.234791 0.706000 0.109530 0.036000
2 0.747585 0.925850 0.110313 0.036700
2 0.395627 0.925500 0.110836 0.036000
2 0.858290 0.485800 0.110052 0.036200
2 0.235117 0.269000 0.110444 0.035200
