5 0.639529 0.295900 0.043717 0.026200
4 0.847827 0.520650 0.217382 0.028260
4 0.635537 0.520730 0.201963 0.028260
3 0.409686 0.488900 0.194503 0.031000
0 0.811715 0.875300 0.271597 0.196400
5 0.482068 0.454650 0.048168 0.030500
0 0.383050 0.432800 0.264267 0.203800
0 0.333639 0.686600 0.306283 0.156000
4 0.861126 0.966150 0.163613 0.011700
3 0.810929 0.949700 0.261911 0.015200
4 0.560733 0.966150 0.184293 0.011700
3 0.534751 0.950500 0.233377 0.017000
5 0.627160 0.923000 0.048822 0.031600
5 0.916427 0.923450 0.047513 0.030900
1 0.896597 0.891150 0.061518 0.019300
0 0.777552 0.682700 0.346204 0.168000
0 0.215118 0.869300 0.277618 0.210800
5 0.793325 0.296200 0.043717 0.026200
0 0.756872 0.228400 0.164005 0.184000
5 0.934031 0.456250 0.048168 0.030500
3 0.861976 0.487400 0.199084 0.031600
3 0.631021 0.487700 0.216492 0.031600
5 0.710602 0.455650 0.048168 0.030500
4 0.405105 0.520200 0.207853 0.027600
1 0.304385 0.889850 0.061126 0.019300
0 0.532657 0.875300 0.247513 0.196800
1 0.605497 0.890850 0.060733 0.017700
4 0.247448 0.965850 0.206152 0.012300
3 0.224607 0.949400 0.251047 0.015000
5 0.325589 0.922100 0.048560 0.031800
4 0.832461 0.758000 0.214136 0.011400
3 0.771859 0.741600 0.331152 0.017000
5 0.923887 0.714850 0.048037 0.029500
1 0.902945 0.682300 0.060602 0.018600
4 0.350720 0.757800 0.245157 0.011600
3 0.328927 0.741950 0.289529 0.013700
1 0.439202 0.683750 0.060602 0.019100
2 0.627356 0.450450 0.115183 0.035900
2 0.570812 0.291100 0.089791 0.032400
0 0.599084 0.228100 0.151309 0.184000
2 0.852421 0.450450 0.110864 0.035900
0 0.860537 0.434450 0.244895 0.202900
5 0.460602 0.715850 0.048168 0.030500
2 0.546139 0.917850 0.109031 0.036900
0 0.628992 0.437900 0.220026 0.198200
2 0.724476 0.291800 0.089267 0.032400
2 0.379254 0.710950 0.108770 0.035900
2 0.843063 0.709400 0.109424 0.036000
2 0.245942 0.916500 0.113874 0.035200
2 0.835995 0.918200 0.112042 0.035400
2 0.399149 0.450550 0.114529 0.035900
