2 0.845443 0.921800 0.109375 0.038600
2 0.787240 0.263750 0.108333 0.035300
2 0.855404 0.482050 0.105599 0.035300
0 0.282552 0.878450 0.359635 0.195900
2 0.332161 0.263300 0.105729 0.035000
0 0.726107 0.654300 0.441797 0.207000
0 0.277995 0.658150 0.379948 0.192900
2 0.351888 0.920500 0.106641 0.034200
2 0.268945 0.485050 0.103776 0.037300
3 0.234766 0.516950 0.258594 0.013700
2 0.836133 0.701650 0.107682 0.035700
2 0.361328 0.700150 0.104687 0.034500
0 0.735156 0.871600 0.436458 0.210600
2 0.537044 0.483100 0.104557 0.036600
4 0.304688 0.311000 0.250000 0.012000
0 0.233529 0.436700 0.284505 0.207000
0 0.300911 0.216100 0.275781 0.205800
4 0.256315 0.532700 0.221484 0.012200
5 0.350521 0.489700 0.044792 0.027800
0 0.858529 0.438800 0.214974 0.206000
1 0.846224 0.235400 0.065885 0.018600
1 0.394596 0.236500 0.060807 0.017400
5 0.619857 0.487650 0.047266 0.028300
5 0.868359 0.267050 0.045052 0.028900
5 0.414193 0.267450 0.044531 0.025900
1 0.902865 0.893650 0.064583 0.016700
3 0.363802 0.953250 0.172656 0.013700
4 0.361133 0.968400 0.178776 0.011800
3 0.844336 0.952400 0.201172 0.016400
4 0.845833 0.969600 0.191927 0.010400
1 0.916406 0.456000 0.061979 0.017000
1 0.599609 0.455750 0.061458 0.017700
1 0.331250 0.457050 0.062240 0.017700
3 0.299154 0.295400 0.261589 0.016800
3 0.738802 0.296200 0.288802 0.017800
4 0.747396 0.311400 0.273958 0.012800
5 0.935937 0.488050 0.044792 0.028700
3 0.565885 0.514800 0.139063 0.015600
4 0.575000 0.530550 0.121875 0.012900
0 0.541992 0.437000 0.212370 0.203600
4 0.881250 0.531850 0.140885 0.013300
0 0.713932 0.219100 0.358333 0.199800
5 0.434245 0.925200 0.044792 0.028600
5 0.927409 0.926600 0.045182 0.029400
5 0.918164 0.708050 0.045443 0.026300
5 0.444466 0.704600 0.047266 0.028600
1 0.413411 0.892300 0.058854 0.017400
1 0.898763 0.674700 0.061849 0.018200
1 0.424544 0.672300 0.060807 0.017400
3 0.866602 0.516000 0.168099 0.013600
4 0.846224 0.750250 0.178125 0.012100
3 0.843685 0.734900 0.179818 0.014200
4 0.378841 0.747250 0.160286 0.012100
3 0.358398 0.732550 0.202995 0.014100
