5 0.316905 0.493800 0.047594 0.030200
0 0.184850 0.663700 0.313264 0.204200
1 0.297074 0.241800 0.060208 0.018400
2 0.233810 0.708450 0.110013 0.036900
2 0.236671 0.489000 0.108973 0.035800
2 0.552536 0.706350 0.108973 0.036300
2 0.580039 0.927300 0.109623 0.036000
4 0.228674 0.317950 0.207672 0.011100
3 0.238687 0.300350 0.188427 0.018100
1 0.610338 0.241600 0.060728 0.018600
2 0.552341 0.488500 0.110663 0.036800
2 0.852666 0.488200 0.108973 0.035800
2 0.236021 0.268500 0.109233 0.035000
2 0.549610 0.268800 0.109883 0.036200
2 0.862939 0.707600 0.111313 0.036000
2 0.859233 0.268550 0.110143 0.035500
3 0.872562 0.740200 0.168270 0.016600
0 0.527958 0.224450 0.257737 0.199500
0 0.827503 0.215250 0.276593 0.222500
4 0.845839 0.756350 0.223017 0.010300
1 0.640117 0.900300 0.060728 0.018600
0 0.534915 0.875600 0.304421 0.215200
0 0.844863 0.666050 0.249415 0.198300
0 0.528544 0.656200 0.263589 0.210400
0 0.214369 0.439750 0.256047 0.213300
5 0.630299 0.273400 0.047854 0.030200
4 0.561313 0.317000 0.170481 0.011800
3 0.231274 0.520950 0.203511 0.017100
0 0.212679 0.217000 0.262549 0.217600
0 0.524252 0.439800 0.271651 0.212200
0 0.834200 0.439900 0.253576 0.209400
4 0.523342 0.537600 0.251105 0.012600
3 0.565020 0.301400 0.159948 0.016400
1 0.613394 0.461400 0.060858 0.018400
5 0.633420 0.493550 0.048895 0.030500
3 0.558908 0.520650 0.179194 0.017900
1 0.918986 0.241700 0.059298 0.018000
3 0.864499 0.300600 0.177893 0.016000
5 0.940052 0.273900 0.047594 0.031600
4 0.843108 0.317600 0.223017 0.011800
1 0.296749 0.462000 0.060598 0.019200
1 0.294603 0.681450 0.060728 0.018900
4 0.832965 0.536000 0.229519 0.011600
3 0.829779 0.521100 0.236411 0.017400
5 0.933355 0.493850 0.048244 0.031300
1 0.912939 0.460950 0.061248 0.019700
5 0.317100 0.274100 0.048244 0.030800
4 0.526333 0.754500 0.243823 0.012000
1 0.922887 0.680850 0.060858 0.017900
4 0.181404 0.757550 0.295969 0.011700
1 0.612744 0.679350 0.060338 0.018900
3 0.523667 0.738750 0.248375 0.018300
5 0.660923 0.932250 0.047204 0.030900
3 0.555007 0.960400 0.244213 0.017000
4 0.552861 0.976400 0.245904 0.011400
5 0.943238 0.713200 0.048244 0.031000
4 0.223992 0.536900 0.217555 0.011800
5 0.633550 0.711800 0.047594 0.031600
3 0.216710 0.741200 0.226138 0.015800
5 0.315150 0.713350 0.048505 0.030900
