3 0.845731 0.437550 0.182634 0.011100
1 0.925036 0.920500 0.046889 0.011000
1 0.711433 0.922100 0.040521 0.009800
4 0.611216 0.271900 0.098553 0.006800
4 0.835022 0.271200 0.103618 0.006800
2 0.662590 0.939450 0.082055 0.025100
3 0.152460 0.437550 0.151809 0.011500
3 0.381693 0.438350 0.150941 0.009500
3 0.604848 0.437350 0.166281 0.010700
3 0.156657 0.260100 0.081476 0.008400
3 0.389508 0.263100 0.084081 0.008600
3 0.612446 0.262750 0.094645 0.007500
3 0.150217 0.788200 0.155716 0.010600
3 0.835384 0.261950 0.113314 0.007300
4 0.155716 0.270300 0.121852 0.006600
4 0.388640 0.271700 0.151520 0.006800
4 0.846382 0.450950 0.144284 0.015300
4 0.612373 0.802300 0.240087 0.014800
4 0.370043 0.798500 0.152243 0.007200
4 0.149132 0.802300 0.181621 0.014800
4 0.376700 0.973300 0.052677 0.006000
4 0.624602 0.974100 0.103039 0.006200
4 0.847395 0.973300 0.169754 0.006400
0 0.631476 0.921100 0.254848 0.117400
0 0.151809 0.902150 0.227496 0.155300
0 0.155065 0.739100 0.203618 0.146800
0 0.606946 0.371500 0.209262 0.167600
0 0.846237 0.373800 0.223589 0.177400
0 0.167728 0.549350 0.245441 0.178300
0 0.372938 0.557550 0.228075 0.160900
0 0.609334 0.549150 0.206802 0.161500
0 0.843488 0.734750 0.239219 0.144500
0 0.851230 0.558100 0.228075 0.145600
0 0.165123 0.368450 0.214761 0.169700
0 0.381621 0.367200 0.211288 0.170800
2 0.878799 0.938750 0.081476 0.025300
2 0.854269 0.236150 0.081331 0.024900
2 0.422793 0.938250 0.081476 0.024100
2 0.878726 0.588200 0.081331 0.024400
2 0.877352 0.763400 0.081476 0.024400
2 0.392402 0.763850 0.081476 0.024900
2 0.168958 0.763300 0.081476 0.024200
2 0.392475 0.587950 0.081621 0.024300
2 0.626845 0.588150 0.080897 0.024500
2 0.873082 0.413200 0.081042 0.024400
2 0.627496 0.412150 0.080753 0.024100
4 0.603690 0.446600 0.174964 0.006600
4 0.379884 0.447100 0.204342 0.006800
4 0.152171 0.447150 0.177569 0.007300
4 0.148119 0.626900 0.125760 0.014600
4 0.368669 0.626500 0.158177 0.014600
4 0.609045 0.622100 0.202750 0.006600
4 0.847829 0.622850 0.147178 0.007300
0 0.372287 0.737850 0.215195 0.133500
0 0.612012 0.743000 0.242547 0.138200
4 0.846744 0.798700 0.201158 0.008200
1 0.225832 0.218300 0.047902 0.011000
0 0.142330 0.211400 0.216353 0.130400
4 0.148625 0.973550 0.161505 0.006500
3 0.623806 0.965100 0.093343 0.008400
5 0.717438 0.939600 0.030535 0.025400
5 0.933864 0.938700 0.028944 0.025600
2 0.180897 0.236000 0.081042 0.024400
2 0.169247 0.412400 0.080897 0.025000
2 0.168958 0.588200 0.081187 0.024000
5 0.477641 0.938250 0.029378 0.023900
5 0.223806 0.412650 0.030535 0.024300
5 0.458828 0.412950 0.029957 0.024500
5 0.681331 0.588100 0.029233 0.025000
5 0.447467 0.588050 0.029812 0.024500
5 0.224240 0.588100 0.029957 0.025000
5 0.909262 0.236450 0.030391 0.024900
5 0.693415 0.232500 0.030535 0.023800
3 0.847612 0.963500 0.149349 0.010200
3 0.846310 0.787800 0.137482 0.009000
3 0.375615 0.964150 0.069030 0.008100
3 0.369826 0.789100 0.138205 0.008400
3 0.611650 0.784050 0.191172 0.018500
3 0.149493 0.612800 0.168162 0.010200
3 0.370043 0.612600 0.216787 0.010200
3 0.607670 0.612600 0.174530 0.011200
3 0.847323 0.613350 0.130535 0.009100
0 0.848842 0.206350 0.235745 0.143900
0 0.621780 0.214350 0.218669 0.128700
0 0.383792 0.213000 0.239942 0.132600
3 0.150072 0.963650 0.208104 0.009900
5 0.447106 0.763750 0.029667 0.025100
5 0.223806 0.763450 0.030246 0.024500
5 0.934081 0.588300 0.030825 0.024800
5 0.223082 0.938750 0.030535 0.024700
5 0.932562 0.762850 0.030680 0.024700
5 0.694067 0.760400 0.030680 0.025200
5 0.459696 0.238150 0.030825 0.024700
5 0.235239 0.235950 0.029378 0.024300
5 0.681187 0.412250 0.029233 0.024300
5 0.927786 0.413100 0.030101 0.025200
0 0.858032 0.917000 0.194501 0.124400
0 0.389653 0.917450 0.210564 0.121500
2 0.638495 0.760350 0.081331 0.025100
2 0.168524 0.938750 0.081187 0.024500
1 0.924168 0.745250 0.048046 0.011300
1 0.685601 0.742650 0.047612 0.010100
1 0.439001 0.745150 0.045007 0.011700
1 0.217221 0.745850 0.043705 0.010300
1 0.214689 0.921100 0.048480 0.011000
1 0.468307 0.920400 0.048336 0.011400
2 0.404124 0.238050 0.081766 0.024700
2 0.404486 0.412250 0.081042 0.024100
1 0.924096 0.570100 0.049349 0.011600
1 0.671997 0.570600 0.048191 0.011800
2 0.638712 0.232100 0.080897 0.023600
1 0.437699 0.570000 0.049638 0.011200
1 0.214906 0.570250 0.048915 0.011900
1 0.214327 0.394700 0.049493 0.012000
1 0.449204 0.394700 0.048625 0.011600
1 0.672576 0.394300 0.046744 0.011600
1 0.918452 0.394750 0.049059 0.011900
1 0.901230 0.218200 0.046744 0.011200
1 0.684443 0.214500 0.047902 0.012200
1 0.450072 0.220250 0.048625 0.011300
