0 0.221997 0.665400 0.337206 0.194800
3 0.284399 0.737250 0.195953 0.013100
4 0.864426 0.533950 0.151567 0.011300
0 0.719452 0.877900 0.369191 0.207400
0 0.753590 0.658300 0.441123 0.204400
0 0.202154 0.438800 0.295953 0.211600
3 0.817428 0.295100 0.306919 0.017600
4 0.413185 0.969600 0.139164 0.012000
5 0.945692 0.266070 0.045431 0.026800
3 0.524151 0.493050 0.244909 0.028700
4 0.837663 0.311750 0.264883 0.012700
0 0.818538 0.224450 0.313838 0.191100
0 0.818995 0.439800 0.251828 0.209600
0 0.297389 0.877250 0.377023 0.203700
5 0.915144 0.489400 0.044648 0.027000
4 0.868473 0.750500 0.206658 0.014200
3 0.872389 0.734550 0.196475 0.017900
4 0.269256 0.753300 0.224935 0.014000
4 0.510901 0.309300 0.097520 0.011600
1 0.926110 0.234750 0.059791 0.016300
1 0.300196 0.456400 0.060183 0.017800
5 0.451240 0.925400 0.043211 0.025800
3 0.225326 0.295900 0.219321 0.014200
4 0.228786 0.311800 0.217102 0.011400
3 0.512467 0.295150 0.090992 0.013700
5 0.320235 0.488200 0.045431 0.027800
1 0.892820 0.457600 0.062402 0.017400
1 0.344452 0.677700 0.058094 0.017200
1 0.926632 0.675050 0.058486 0.017500
1 0.433943 0.894350 0.059791 0.018100
1 0.859204 0.896250 0.060966 0.016900
3 0.202154 0.515900 0.290992 0.016000
4 0.201501 0.531200 0.290992 0.012400
3 0.849869 0.517450 0.179112 0.018100
4 0.532702 0.522700 0.230679 0.028400
5 0.621867 0.456500 0.044517 0.030200
5 0.363708 0.709200 0.045953 0.029400
5 0.946540 0.707500 0.046606 0.027600
5 0.878394 0.928600 0.045300 0.027400
3 0.806919 0.955750 0.172324 0.015500
0 0.505744 0.234200 0.222715 0.168800
3 0.400065 0.954100 0.161749 0.016400
2 0.239426 0.484050 0.107572 0.036100
2 0.281266 0.705300 0.103786 0.037000
0 0.505548 0.430500 0.289164 0.215600
0 0.223303 0.211200 0.263577 0.217800
2 0.863903 0.261850 0.110052 0.037300
2 0.795561 0.924100 0.101567 0.036400
2 0.833225 0.484950 0.110052 0.035900
2 0.862598 0.702750 0.104830 0.035900
2 0.540731 0.452450 0.108877 0.033100
2 0.372063 0.921350 0.105222 0.033500
5 0.313597 0.126155 0.077846 0.041290
1 0.601110 0.425250 0.061749 0.017300
4 0.828460 0.972150 0.133681 0.011300
