5 0.224725 0.931400 0.034615 0.029800
1 0.217308 0.167850 0.048626 0.013100
2 0.164835 0.190450 0.093956 0.028900
5 0.230769 0.190100 0.036538 0.029200
3 0.136058 0.232900 0.225412 0.023600
1 0.456731 0.168300 0.047527 0.013400
2 0.406525 0.190600 0.095742 0.030000
5 0.472253 0.190450 0.035714 0.029900
0 0.625962 0.724700 0.222527 0.171000
0 0.625412 0.361650 0.206593 0.172500
2 0.411882 0.745750 0.092720 0.027900
0 0.135234 0.359300 0.230357 0.180200
1 0.461745 0.893700 0.044918 0.010400
2 0.650755 0.197150 0.096841 0.029300
5 0.476580 0.746250 0.034203 0.028300
3 0.381868 0.775250 0.201648 0.024500
1 0.704327 0.722700 0.047115 0.011000
2 0.651030 0.743200 0.093544 0.027200
5 0.716690 0.744350 0.038599 0.029900
1 0.948832 0.720050 0.048764 0.011700
5 0.956181 0.743500 0.035440 0.028800
3 0.865110 0.775100 0.205495 0.024400
4 0.864973 0.798650 0.225000 0.019300
1 0.211607 0.908650 0.042445 0.010100
2 0.158104 0.931550 0.097802 0.029300
3 0.131662 0.957250 0.203159 0.011500
4 0.136126 0.969750 0.226374 0.012500
3 0.625687 0.775250 0.200000 0.024100
4 0.384890 0.799000 0.223077 0.020200
2 0.408242 0.916300 0.092033 0.028400
0 0.384066 0.356650 0.210714 0.162500
1 0.214423 0.361300 0.046978 0.011800
4 0.378503 0.967400 0.224038 0.020200
0 0.862569 0.894750 0.221566 0.159300
5 0.954739 0.916400 0.037225 0.028400
4 0.861126 0.962200 0.199725 0.023200
3 0.861401 0.943300 0.217857 0.011400
2 0.888599 0.917700 0.094231 0.026400
1 0.943475 0.893900 0.050687 0.014400
4 0.622802 0.968200 0.229945 0.019600
3 0.620261 0.944100 0.177335 0.023200
5 0.715453 0.915450 0.033104 0.028700
2 0.648077 0.916150 0.095330 0.028700
1 0.704945 0.893450 0.044231 0.011900
3 0.377129 0.944600 0.221016 0.021800
5 0.474451 0.915100 0.033791 0.028200
4 0.623558 0.798900 0.206319 0.020700
2 0.890364 0.743530 0.094739 0.028300
0 0.380220 0.175650 0.230220 0.183300
0 0.382280 0.728650 0.229121 0.161500
2 0.161195 0.385500 0.095742 0.029400
0 0.864973 0.723100 0.226374 0.172600
0 0.134341 0.898250 0.238736 0.163100
0 0.378640 0.895700 0.230357 0.171000
0 0.621291 0.894350 0.235989 0.171500
4 0.136401 0.256250 0.225824 0.020300
3 0.373558 0.418000 0.167995 0.011600
4 0.379258 0.256200 0.224451 0.019800
0 0.137500 0.181900 0.228297 0.170200
3 0.381113 0.593800 0.210302 0.025000
2 0.892720 0.203500 0.096154 0.030000
1 0.708173 0.172250 0.041346 0.014300
3 0.623489 0.232200 0.217308 0.022800
4 0.620192 0.254950 0.224451 0.022100
1 0.943269 0.180050 0.043956 0.011700
3 0.626511 0.595450 0.189835 0.021900
4 0.624519 0.617600 0.230907 0.020800
1 0.945261 0.541600 0.043819 0.011000
2 0.891758 0.563700 0.095879 0.030000
3 0.378297 0.233100 0.224176 0.023200
4 0.384615 0.617950 0.213187 0.021500
1 0.459821 0.369800 0.038324 0.009600
4 0.133173 0.435350 0.216071 0.020500
3 0.134684 0.412800 0.225137 0.023600
5 0.227129 0.384750 0.035852 0.030500
0 0.385027 0.547250 0.218956 0.166300
3 0.864011 0.233200 0.211264 0.024600
5 0.958379 0.203050 0.034890 0.030500
0 0.866071 0.183550 0.225549 0.171300
0 0.135989 0.722650 0.231868 0.178300
1 0.220948 0.719400 0.048764 0.011800
0 0.869368 0.541050 0.220055 0.178500
0 0.623146 0.539850 0.233654 0.180300
1 0.710440 0.537950 0.050275 0.014900
5 0.720810 0.561000 0.035852 0.029400
2 0.654808 0.561100 0.096429 0.029600
3 0.864629 0.595150 0.193819 0.024300
4 0.865591 0.618650 0.201786 0.020300
5 0.473008 0.558550 0.036401 0.030900
2 0.406731 0.559000 0.096429 0.030400
1 0.461470 0.535650 0.044368 0.013500
4 0.136058 0.619250 0.202060 0.021500
3 0.135302 0.594950 0.225000 0.024100
2 0.165591 0.564050 0.097115 0.030100
1 0.216896 0.542800 0.045330 0.011400
4 0.861332 0.434300 0.199038 0.020200
3 0.859959 0.416800 0.218269 0.011800
5 0.953022 0.392800 0.035440 0.030600
2 0.886745 0.392650 0.095742 0.030900
1 0.939423 0.369900 0.048626 0.011200
4 0.611126 0.436700 0.164011 0.019400
3 0.609547 0.420650 0.170467 0.012500
5 0.707074 0.392450 0.034203 0.030100
2 0.641346 0.393250 0.096978 0.028500
1 0.692308 0.370400 0.043956 0.010800
4 0.377816 0.431450 0.191071 0.009300
5 0.472047 0.392000 0.034478 0.029000
2 0.406662 0.392200 0.094093 0.029000
1 0.463942 0.723800 0.047665 0.012200
4 0.137706 0.798550 0.225412 0.019900
3 0.137500 0.775100 0.227198 0.023600
5 0.230975 0.742650 0.034478 0.031900
2 0.166071 0.743300 0.095055 0.029600
5 0.958310 0.563750 0.032555 0.029100
0 0.139080 0.543050 0.233104 0.181900
5 0.232074 0.563650 0.035852 0.030100
0 0.860852 0.363050 0.228022 0.167100
5 0.718338 0.195550 0.036951 0.030300
0 0.621497 0.190660 0.234203 0.154100
4 0.866332 0.256500 0.225412 0.021800
