3 0.266411 0.285850 0.085824 0.015500
0 0.514496 0.649400 0.238186 0.208200
1 0.590166 0.665750 0.064623 0.020100
2 0.552682 0.694550 0.156194 0.037500
4 0.593678 0.743450 0.067305 0.014700
0 0.801086 0.649450 0.296679 0.207500
1 0.904981 0.665950 0.064623 0.018500
2 0.865709 0.694000 0.156960 0.038600
0 0.835377 0.875700 0.218646 0.187000
1 0.904853 0.882550 0.061814 0.020100
3 0.833269 0.943400 0.210345 0.019000
4 0.847510 0.960550 0.184674 0.013100
0 0.503831 0.888250 0.273563 0.178300
2 0.560409 0.919200 0.154789 0.037000
4 0.598020 0.968700 0.075734 0.013000
0 0.207024 0.872450 0.239591 0.209900
2 0.240996 0.918350 0.157599 0.037500
4 0.253895 0.967650 0.126437 0.013100
1 0.924649 0.450650 0.061814 0.018500
1 0.598914 0.446150 0.061430 0.018100
1 0.273691 0.447800 0.062069 0.019200
1 0.273180 0.224150 0.063602 0.018900
1 0.279119 0.666500 0.061430 0.018600
1 0.598340 0.890650 0.062324 0.020100
1 0.279693 0.889900 0.061814 0.019000
4 0.253959 0.743250 0.120945 0.012300
3 0.243550 0.726800 0.145083 0.019200
2 0.240294 0.694900 0.159515 0.038400
3 0.243040 0.508850 0.133078 0.015900
4 0.538633 0.523950 0.195275 0.014700
3 0.538378 0.506950 0.190932 0.014700
2 0.558621 0.474250 0.159132 0.038500
0 0.531162 0.425750 0.223755 0.214100
4 0.912069 0.527850 0.100255 0.012100
3 0.899745 0.512250 0.129757 0.019300
2 0.886271 0.479000 0.155683 0.037400
0 0.854917 0.445200 0.224266 0.185000
4 0.848595 0.299950 0.184036 0.013500
3 0.844891 0.282600 0.190421 0.018600
2 0.865262 0.250850 0.156322 0.038100
1 0.904023 0.222450 0.063474 0.020700
0 0.808748 0.199400 0.312516 0.217000
4 0.584610 0.300250 0.070370 0.013300
3 0.561941 0.283250 0.119796 0.015100
4 0.263091 0.301400 0.093487 0.014000
2 0.522222 0.251350 0.111111 0.038100
5 0.603831 0.256400 0.050319 0.031600
4 0.230524 0.525750 0.158110 0.013300
0 0.203384 0.650250 0.240741 0.206100
3 0.242082 0.950400 0.151341 0.018800
3 0.588570 0.952550 0.093103 0.017900
4 0.850702 0.743850 0.179821 0.012700
3 0.822350 0.725800 0.233972 0.015200
3 0.582503 0.727450 0.089655 0.016300
2 0.212708 0.477050 0.110983 0.038500
5 0.295338 0.482600 0.049936 0.033400
2 0.211686 0.252100 0.111494 0.037800
0 0.179630 0.428600 0.286718 0.212200
2 0.865964 0.911050 0.156194 0.038100
1 0.582184 0.222400 0.067050 0.019800
0 0.500383 0.199400 0.265645 0.218400
5 0.294125 0.258150 0.050575 0.032500
0 0.173819 0.202100 0.295785 0.216600
