3 0.381088 0.297500 0.236010 0.015200
4 0.141256 0.313450 0.197798 0.015300
3 0.137630 0.297350 0.210492 0.013700
1 0.452137 0.237550 0.060751 0.017500
3 0.717746 0.761300 0.249223 0.015800
3 0.441969 0.961800 0.264508 0.018200
3 0.738795 0.962400 0.262047 0.014600
4 0.794171 0.979400 0.151295 0.013200
1 0.807837 0.700900 0.061269 0.017800
1 0.193523 0.236900 0.059845 0.016400
1 0.211788 0.442500 0.063212 0.016600
5 0.232902 0.475450 0.048446 0.029700
5 0.471308 0.270000 0.046503 0.030600
5 0.827526 0.733100 0.044430 0.028600
1 0.833614 0.902950 0.060492 0.018500
1 0.526490 0.902850 0.063083 0.017500
0 0.381412 0.238100 0.244171 0.168200
5 0.215609 0.267800 0.045725 0.029600
1 0.447280 0.443400 0.062694 0.017800
5 0.464896 0.475450 0.040933 0.026500
5 0.852461 0.935500 0.045078 0.028600
2 0.747150 0.728850 0.110104 0.036500
2 0.387176 0.470700 0.111399 0.036000
5 0.544430 0.935350 0.042746 0.027900
0 0.741192 0.889350 0.270984 0.196300
0 0.382902 0.437700 0.232642 0.209400
0 0.145596 0.442800 0.239119 0.204400
0 0.136528 0.235300 0.215026 0.176400
0 0.443977 0.886400 0.273705 0.204800
0 0.659391 0.694350 0.385622 0.182300
2 0.772215 0.931050 0.111010 0.037500
3 0.160168 0.511100 0.206347 0.032400
2 0.151036 0.469700 0.109326 0.037000
3 0.382837 0.510500 0.228886 0.033200
4 0.396891 0.313300 0.202591 0.012600
4 0.144301 0.534700 0.233161 0.014000
2 0.132966 0.264650 0.111010 0.036300
4 0.389896 0.535050 0.209067 0.012500
2 0.392034 0.265100 0.110492 0.036800
4 0.495531 0.978800 0.154016 0.014400
2 0.465479 0.930550 0.111528 0.037500
4 0.759067 0.777250 0.167876 0.012700
