2 0.232051 0.948550 0.111795 0.036500
0 0.496346 0.905300 0.312949 0.189400
2 0.183846 0.492600 0.110513 0.035800
2 0.859615 0.721350 0.111795 0.037500
2 0.543718 0.721200 0.108718 0.035400
2 0.653590 0.478200 0.110769 0.039400
2 0.860064 0.478300 0.111154 0.036200
2 0.546859 0.947700 0.110641 0.036800
2 0.806410 0.946250 0.113077 0.036500
0 0.881795 0.445150 0.185897 0.212500
2 0.421603 0.478650 0.111154 0.039500
3 0.417179 0.518650 0.207436 0.030300
4 0.899551 0.541800 0.146026 0.014400
0 0.411731 0.466850 0.237564 0.173900
0 0.187564 0.902250 0.304103 0.195500
5 0.624103 0.726200 0.045641 0.028600
1 0.244423 0.464800 0.059359 0.019200
1 0.921218 0.449500 0.059872 0.017600
3 0.490192 0.753850 0.293718 0.019700
0 0.652372 0.461500 0.231923 0.183200
0 0.836218 0.677200 0.271410 0.204200
3 0.151474 0.524500 0.258077 0.016400
3 0.882500 0.517550 0.176282 0.033100
5 0.888013 0.950250 0.045513 0.028100
5 0.626667 0.951750 0.043846 0.028700
5 0.311987 0.952750 0.045000 0.030300
5 0.941218 0.725700 0.043974 0.028200
5 0.265256 0.497200 0.043077 0.029200
4 0.530064 0.771850 0.225769 0.015100
3 0.835705 0.753300 0.266795 0.014400
4 0.885577 0.770250 0.164487 0.013700
3 0.184359 0.977700 0.291282 0.016400
4 0.205064 0.995300 0.246538 0.009400
3 0.491346 0.978000 0.300385 0.018400
4 0.161987 0.540300 0.237051 0.014200
0 0.489679 0.685950 0.317821 0.193300
1 0.715321 0.449700 0.061410 0.017600
1 0.603974 0.693350 0.061795 0.018900
1 0.292821 0.919150 0.060769 0.016900
1 0.607244 0.919250 0.061410 0.017900
1 0.868846 0.917750 0.062308 0.017300
5 0.735064 0.482500 0.045513 0.029200
5 0.942372 0.482700 0.047564 0.028400
1 0.921859 0.693200 0.060128 0.016600
1 0.485449 0.450450 0.038077 0.012900
4 0.406538 0.542850 0.222564 0.012700
3 0.676859 0.518550 0.169615 0.030500
4 0.669295 0.542400 0.187051 0.013600
0 0.154038 0.444550 0.267821 0.207900
4 0.535769 0.994250 0.217949 0.010900
0 0.800833 0.905050 0.241923 0.189900
4 0.824551 0.994250 0.189615 0.011500
3 0.799615 0.978400 0.233333 0.017000
5 0.502949 0.482750 0.046410 0.028100
