0 0.782403 0.645450 0.227143 0.202100
0 0.202208 0.646000 0.265455 0.204200
2 0.224091 0.693100 0.110779 0.037800
5 0.608961 0.476050 0.050649 0.033300
5 0.305779 0.698250 0.048701 0.033300
2 0.542403 0.692300 0.110260 0.037000
5 0.624545 0.697050 0.050909 0.031500
0 0.520649 0.649700 0.265714 0.199400
2 0.527208 0.470700 0.110519 0.037800
5 0.865260 0.474600 0.048961 0.032600
2 0.784935 0.470300 0.109610 0.037600
4 0.781818 0.961700 0.180260 0.013000
5 0.842597 0.256900 0.051169 0.032600
2 0.760779 0.251750 0.109610 0.036500
5 0.427558 0.918160 0.050909 0.031500
2 0.225455 0.469800 0.108052 0.037400
2 0.778312 0.692100 0.108831 0.037400
2 0.345325 0.913900 0.112208 0.037800
0 0.327338 0.871850 0.269481 0.202900
4 0.819286 0.739150 0.136494 0.011100
2 0.261623 0.252350 0.111039 0.036500
3 0.805325 0.723700 0.164156 0.014600
5 0.860390 0.696750 0.050909 0.032300
1 0.285519 0.441650 0.062987 0.018900
5 0.344675 0.256600 0.051688 0.032000
1 0.405714 0.884950 0.068571 0.018900
3 0.269675 0.283100 0.205065 0.017000
4 0.244221 0.299400 0.257532 0.014400
0 0.672922 0.206400 0.403247 0.201600
4 0.552792 0.740200 0.194675 0.012800
3 0.562792 0.723450 0.171558 0.015500
4 0.223312 0.740750 0.219610 0.011300
3 0.249610 0.725050 0.163117 0.015700
3 0.211169 0.501750 0.239481 0.015100
1 0.839351 0.663650 0.062338 0.018300
4 0.232922 0.517500 0.196494 0.013200
0 0.208766 0.421400 0.251299 0.208400
2 0.763766 0.913600 0.112208 0.036600
3 0.809026 0.945350 0.119870 0.014700
5 0.305260 0.475050 0.049481 0.032700
1 0.285584 0.664550 0.062078 0.018900
1 0.603701 0.663950 0.062208 0.018300
0 0.242922 0.206950 0.270260 0.203500
1 0.324416 0.224300 0.061299 0.019600
3 0.371753 0.944050 0.163506 0.015700
4 0.381688 0.960950 0.144156 0.013100
0 0.703117 0.881400 0.339740 0.178800
1 0.823571 0.884750 0.062208 0.018900
5 0.844416 0.918750 0.049091 0.032500
4 0.543182 0.517700 0.189740 0.014000
3 0.529026 0.502050 0.224026 0.015900
0 0.523831 0.424300 0.242208 0.209200
1 0.588896 0.441600 0.064286 0.019600
4 0.795130 0.518550 0.195974 0.012700
3 0.781364 0.502250 0.224805 0.016300
1 0.845974 0.441350 0.064675 0.019500
0 0.780130 0.424750 0.232987 0.207500
4 0.756039 0.299300 0.227143 0.011800
3 0.749156 0.285000 0.240649 0.017000
1 0.821039 0.223350 0.061299 0.018900
