1 0.926436 0.677400 0.061227 0.018000
5 0.947324 0.709650 0.047128 0.029100
1 0.423825 0.459000 0.062010 0.017400
1 0.597715 0.678050 0.059399 0.017700
1 0.290992 0.897000 0.059269 0.017600
0 0.755875 0.228400 0.321932 0.171200
0 0.636097 0.429400 0.214491 0.217000
3 0.820822 0.935400 0.205091 0.031400
4 0.563969 0.969400 0.166057 0.012000
3 0.597650 0.737800 0.073629 0.016400
1 0.885966 0.866150 0.061749 0.017700
1 0.696475 0.420800 0.060836 0.018400
3 0.225261 0.955200 0.201697 0.018200
5 0.441319 0.273000 0.041645 0.025600
0 0.194256 0.666800 0.257180 0.190600
0 0.502480 0.675700 0.285379 0.174400
0 0.288708 0.229350 0.363838 0.190500
0 0.197454 0.881900 0.279243 0.207400
0 0.279308 0.450650 0.382637 0.195100
0 0.522977 0.896500 0.286945 0.166400
0 0.826371 0.684150 0.294778 0.153700
5 0.312728 0.929050 0.046345 0.029100
3 0.361031 0.302200 0.192820 0.014000
1 0.915209 0.422150 0.041645 0.010700
3 0.891775 0.738900 0.148303 0.018200
0 0.854830 0.426400 0.217755 0.220600
4 0.883159 0.754000 0.158747 0.010600
1 0.276828 0.678050 0.061227 0.017900
3 0.219256 0.737150 0.180809 0.019100
5 0.618864 0.709700 0.046345 0.031000
5 0.297258 0.710350 0.045692 0.028100
4 0.581332 0.753750 0.106266 0.010900
3 0.385836 0.519400 0.142428 0.013600
4 0.643995 0.520950 0.178068 0.029100
3 0.664230 0.489650 0.137598 0.031900
2 0.538251 0.705300 0.108616 0.033800
2 0.824217 0.893400 0.109269 0.036800
2 0.551175 0.921500 0.110444 0.036600
4 0.234661 0.972900 0.182898 0.010800
2 0.634726 0.449200 0.110183 0.037600
0 0.818211 0.879350 0.222846 0.207300
2 0.215339 0.704850 0.108486 0.035300
2 0.231593 0.924200 0.111227 0.035600
2 0.361619 0.486450 0.110705 0.036900
4 0.855287 0.520300 0.191514 0.026000
5 0.715601 0.453200 0.047911 0.029200
5 0.443538 0.492100 0.048433 0.031400
5 0.887141 0.261450 0.047128 0.029100
3 0.806397 0.288350 0.190339 0.016700
4 0.201501 0.754000 0.220757 0.013600
4 0.372063 0.534350 0.175979 0.013300
3 0.852415 0.488300 0.191514 0.037200
1 0.423368 0.241900 0.061619 0.017400
5 0.933551 0.453300 0.047781 0.028400
5 0.633029 0.926100 0.045692 0.026800
5 0.904961 0.897700 0.047520 0.027800
2 0.852350 0.448700 0.110444 0.037200
2 0.866123 0.704950 0.110052 0.036900
4 0.782963 0.304650 0.235901 0.011300
1 0.613381 0.894150 0.060966 0.017100
1 0.868211 0.229100 0.061749 0.017200
3 0.579765 0.955000 0.135509 0.012600
4 0.818277 0.965600 0.213577 0.028800
2 0.361945 0.269400 0.111619 0.035000
4 0.361815 0.317800 0.191253 0.010200
2 0.806136 0.256600 0.110183 0.037200
