3 0.171497 0.949450 0.275687 0.010300
4 0.182418 0.970850 0.184341 0.020100
1 0.646085 0.901750 0.042720 0.011100
2 0.592376 0.924950 0.095742 0.029700
3 0.824245 0.946300 0.160852 0.025600
5 0.951648 0.912700 0.034615 0.030000
4 0.133379 0.618800 0.219505 0.018600
5 0.841071 0.755050 0.028846 0.023900
4 0.862569 0.793500 0.218544 0.011400
5 0.355495 0.381800 0.026648 0.021800
1 0.303434 0.901700 0.044231 0.011400
2 0.250412 0.923600 0.096429 0.029400
3 0.860165 0.779300 0.143132 0.011000
4 0.377885 0.623750 0.194780 0.029900
1 0.703777 0.548350 0.047390 0.012900
2 0.652060 0.570250 0.094505 0.030300
5 0.476030 0.562950 0.033654 0.028900
2 0.410302 0.562850 0.096703 0.029100
1 0.459959 0.541250 0.048764 0.014100
3 0.378846 0.594900 0.217857 0.023200
5 0.316140 0.923500 0.035302 0.028800
0 0.632692 0.542800 0.216209 0.173200
0 0.380288 0.550600 0.234753 0.181800
0 0.134478 0.543600 0.230769 0.172600
0 0.867651 0.353350 0.225137 0.170700
0 0.634203 0.353700 0.205495 0.169400
0 0.134409 0.364550 0.232830 0.152300
0 0.183104 0.899150 0.313187 0.169700
0 0.871566 0.179100 0.210165 0.159200
0 0.625000 0.183050 0.217582 0.154300
5 0.711470 0.206600 0.034203 0.027400
4 0.500069 0.970150 0.235027 0.020500
0 0.379190 0.176500 0.227060 0.169400
0 0.132280 0.180150 0.215659 0.178700
3 0.377610 0.411600 0.200000 0.027400
4 0.375549 0.799000 0.213736 0.019600
4 0.829739 0.971000 0.221016 0.020000
0 0.523420 0.902500 0.308104 0.167600
0 0.841621 0.898000 0.263187 0.172800
5 0.717102 0.386300 0.035027 0.029200
0 0.872527 0.541250 0.223352 0.158500
3 0.619780 0.775250 0.221154 0.024300
4 0.619437 0.799150 0.197115 0.020500
1 0.950412 0.738250 0.031319 0.008500
2 0.905975 0.756400 0.075412 0.023200
5 0.958516 0.756050 0.029396 0.023900
1 0.828022 0.737250 0.036813 0.010500
2 0.787088 0.755100 0.078297 0.023600
0 0.378434 0.726750 0.224176 0.166700
0 0.139560 0.722850 0.227198 0.179100
0 0.863599 0.718200 0.231868 0.171200
1 0.217102 0.721100 0.044368 0.012400
0 0.377953 0.369950 0.228434 0.178900
3 0.131799 0.600500 0.208654 0.011000
5 0.229739 0.569700 0.033929 0.027200
2 0.163874 0.569250 0.097802 0.028100
1 0.216964 0.546700 0.046016 0.011800
4 0.859272 0.431950 0.207555 0.012100
3 0.858654 0.419350 0.171703 0.012100
5 0.958242 0.386250 0.035165 0.027900
2 0.893544 0.386100 0.095055 0.029600
1 0.946016 0.364800 0.041758 0.011200
4 0.631319 0.431700 0.193681 0.011200
3 0.629327 0.418150 0.135302 0.011700
2 0.651648 0.387300 0.095879 0.031000
1 0.705495 0.364100 0.046154 0.012600
4 0.377473 0.440050 0.206044 0.033300
5 0.469505 0.381750 0.028297 0.023300
2 0.415934 0.382050 0.077747 0.023300
1 0.458036 0.364550 0.034203 0.008300
2 0.893544 0.569250 0.097253 0.029500
5 0.959135 0.569550 0.034753 0.028700
3 0.861813 0.600850 0.146154 0.009900
4 0.860371 0.613750 0.189698 0.009100
2 0.162225 0.744600 0.097253 0.029200
5 0.228091 0.744800 0.035852 0.030000
3 0.126099 0.777950 0.190934 0.023500
4 0.125618 0.799900 0.167445 0.020000
1 0.348626 0.732950 0.036813 0.009300
2 0.310440 0.749850 0.071154 0.022900
5 0.359890 0.749900 0.028571 0.020800
3 0.378709 0.776200 0.201374 0.024200
1 0.468338 0.733050 0.036126 0.009300
2 0.428365 0.749750 0.070742 0.021500
5 0.477198 0.749450 0.024725 0.021900
1 0.699451 0.721900 0.045604 0.014000
2 0.649863 0.743900 0.094780 0.029800
5 0.715247 0.743550 0.034615 0.028900
2 0.885920 0.913500 0.096291 0.029200
2 0.302473 0.382300 0.076648 0.024200
1 0.345055 0.364600 0.035989 0.009200
4 0.134135 0.431800 0.225412 0.009800
3 0.130288 0.419250 0.200412 0.012300
5 0.228228 0.388050 0.033379 0.028300
2 0.163324 0.388600 0.097527 0.028400
1 0.217376 0.366550 0.045742 0.012300
4 0.860508 0.250900 0.179808 0.011400
3 0.860646 0.237900 0.142995 0.011800
5 0.960440 0.206850 0.031868 0.028900
2 0.893887 0.207400 0.095742 0.029600
1 0.947115 0.184450 0.041209 0.012500
4 0.622115 0.251100 0.207692 0.012000
3 0.622665 0.239100 0.150275 0.011400
2 0.646635 0.206900 0.094093 0.029800
1 0.699382 0.186100 0.047940 0.010600
4 0.372940 0.245850 0.187363 0.022300
3 0.373764 0.223250 0.204121 0.022300
1 0.457212 0.172300 0.044643 0.012600
4 0.130288 0.256300 0.185027 0.020200
3 0.130701 0.233450 0.191896 0.023500
5 0.107486 0.204000 0.023489 0.022200
2 0.060234 0.204050 0.071016 0.021900
1 0.097527 0.187850 0.034066 0.009900
5 0.220673 0.203400 0.026786 0.021400
5 0.471909 0.192600 0.032555 0.026800
2 0.404602 0.193250 0.098214 0.027300
2 0.172390 0.203250 0.069780 0.022300
1 0.210852 0.187100 0.033516 0.008200
0 0.621566 0.723950 0.224451 0.172100
1 0.937637 0.891550 0.046154 0.011900
3 0.501580 0.952050 0.262225 0.013100
5 0.659409 0.924300 0.036401 0.029200
4 0.632212 0.618550 0.197940 0.020500
3 0.630014 0.601200 0.169093 0.011800
1 0.947047 0.547100 0.053159 0.011600
5 0.717239 0.569750 0.034203 0.028700
