3 0.369971 0.235250 0.089291 0.010500
3 0.369537 0.380500 0.140232 0.008600
2 0.418234 0.938900 0.080463 0.024400
2 0.662880 0.939300 0.081476 0.024200
0 0.146816 0.480050 0.214327 0.121900
0 0.848336 0.326100 0.204052 0.140200
0 0.615195 0.332650 0.220839 0.126100
0 0.381331 0.327950 0.217366 0.135700
0 0.145876 0.329350 0.194211 0.133700
2 0.887627 0.941950 0.080608 0.024100
0 0.848987 0.176750 0.218958 0.150100
3 0.149349 0.236000 0.054993 0.009200
3 0.611505 0.235900 0.121708 0.008400
3 0.846020 0.235350 0.119247 0.011500
3 0.846237 0.379450 0.070188 0.010700
3 0.611071 0.380500 0.143126 0.008200
3 0.149204 0.379650 0.173372 0.010500
3 0.150217 0.527050 0.076700 0.008900
3 0.387048 0.525600 0.101447 0.009600
3 0.607959 0.526250 0.111433 0.009500
3 0.849711 0.525450 0.204776 0.010500
3 0.846237 0.671400 0.142836 0.011000
3 0.611795 0.672550 0.109841 0.009100
3 0.369392 0.673350 0.073661 0.007900
3 0.142836 0.671750 0.105644 0.010500
3 0.149566 0.809500 0.218090 0.011800
3 0.369320 0.809950 0.132272 0.009300
3 0.611505 0.810350 0.175253 0.009700
3 0.852677 0.804950 0.181766 0.019700
3 0.149566 0.963600 0.134443 0.008000
3 0.374023 0.963900 0.113893 0.009000
2 0.166787 0.210550 0.083502 0.023700
1 0.215412 0.192400 0.049928 0.012200
2 0.418090 0.210150 0.082779 0.024700
2 0.638061 0.210350 0.082200 0.024500
1 0.463676 0.192050 0.051809 0.011900
1 0.685384 0.192550 0.048915 0.011700
1 0.923444 0.192200 0.049493 0.010800
1 0.924385 0.337200 0.049928 0.010600
1 0.703473 0.483100 0.049493 0.010800
1 0.923734 0.482950 0.051520 0.011500
2 0.877207 0.210350 0.082923 0.025100
2 0.877786 0.355100 0.082344 0.024200
2 0.656729 0.500750 0.081042 0.024100
2 0.876700 0.500900 0.081621 0.024400
1 0.684153 0.337700 0.045586 0.011200
1 0.464038 0.337400 0.045876 0.011000
3 0.620695 0.963050 0.174530 0.009300
4 0.848842 0.540050 0.165702 0.017100
4 0.847685 0.681450 0.163386 0.008300
4 0.612446 0.681250 0.182055 0.007500
4 0.369320 0.681600 0.118958 0.008200
4 0.142909 0.681250 0.165123 0.008300
4 0.148263 0.823150 0.169465 0.015700
4 0.369537 0.818700 0.179016 0.008200
4 0.612446 0.819150 0.202605 0.008300
1 0.215123 0.337800 0.042402 0.010000
4 0.149349 0.389900 0.164689 0.008400
4 0.148915 0.535550 0.121852 0.007700
4 0.387554 0.535000 0.135456 0.007800
4 0.606802 0.534900 0.168741 0.007600
0 0.385456 0.625400 0.218958 0.123800
2 0.168452 0.784550 0.080753 0.024300
2 0.418958 0.784200 0.081910 0.024400
2 0.638567 0.784600 0.080897 0.024000
2 0.878075 0.781600 0.080897 0.024200
0 0.145514 0.616300 0.219826 0.142200
0 0.850868 0.475750 0.224747 0.150700
4 0.850724 0.823150 0.233140 0.016700
4 0.618017 0.972150 0.234877 0.008700
4 0.851158 0.972000 0.170333 0.008000
4 0.375109 0.972900 0.176845 0.008000
4 0.149783 0.972700 0.210420 0.008000
2 0.181114 0.938650 0.081476 0.023700
1 0.462301 0.921150 0.044718 0.010900
1 0.934370 0.924850 0.046454 0.010700
0 0.382996 0.908350 0.212590 0.140100
0 0.150941 0.908350 0.215340 0.141900
0 0.851302 0.759600 0.238929 0.146400
0 0.614472 0.763450 0.210709 0.122300
0 0.380970 0.758050 0.219537 0.135700
0 0.618307 0.472650 0.220405 0.135100
0 0.375904 0.469000 0.209117 0.144200
0 0.610420 0.178700 0.206368 0.148000
0 0.141389 0.183200 0.206078 0.135000
5 0.223734 0.210550 0.033285 0.024100
5 0.942258 0.942100 0.030101 0.023800
5 0.717800 0.939100 0.027786 0.024200
5 0.472721 0.938900 0.028799 0.024400
5 0.234877 0.938750 0.027207 0.023900
2 0.878292 0.646950 0.080463 0.023900
1 0.923010 0.764400 0.046020 0.010800
1 0.223444 0.921200 0.042258 0.011200
1 0.706874 0.921900 0.040955 0.010200
0 0.149493 0.765750 0.222287 0.134100
1 0.214544 0.766650 0.048191 0.011900
1 0.463965 0.766900 0.045731 0.010200
1 0.685239 0.766750 0.047467 0.011100
4 0.369465 0.390000 0.143271 0.008600
4 0.612012 0.389800 0.182344 0.007600
4 0.846310 0.389850 0.142981 0.008500
4 0.845080 0.245400 0.143994 0.007600
4 0.612156 0.245450 0.157164 0.008500
4 0.369175 0.245150 0.103618 0.008100
4 0.149421 0.245400 0.069030 0.008200
3 0.851447 0.963050 0.105499 0.008300
1 0.214761 0.483000 0.047467 0.011800
1 0.452171 0.483400 0.047902 0.012200
1 0.220550 0.629400 0.048336 0.011600
1 0.684588 0.629300 0.046454 0.009600
1 0.463821 0.629600 0.046310 0.010400
1 0.923300 0.629350 0.046889 0.011500
2 0.168017 0.354900 0.080463 0.024000
2 0.419175 0.355050 0.081476 0.024100
0 0.617656 0.908900 0.239074 0.139000
0 0.611939 0.615750 0.196382 0.142700
0 0.842185 0.624850 0.214038 0.122300
5 0.693343 0.355100 0.030101 0.023400
5 0.473951 0.354900 0.028365 0.023800
5 0.222793 0.354900 0.030825 0.023800
5 0.461433 0.501300 0.028220 0.023200
5 0.223010 0.500850 0.031259 0.023900
5 0.229595 0.646650 0.030825 0.022900
5 0.473806 0.646600 0.030680 0.023600
5 0.693343 0.646600 0.030680 0.024600
5 0.693126 0.783850 0.030535 0.023500
5 0.474240 0.784300 0.029812 0.024400
5 0.223010 0.784700 0.029522 0.024200
0 0.384805 0.178850 0.218813 0.144900
2 0.407019 0.500900 0.081187 0.024200
2 0.168669 0.500800 0.080318 0.024000
2 0.174602 0.646950 0.080897 0.023900
2 0.418741 0.646600 0.079740 0.023400
2 0.638640 0.646750 0.080463 0.024300
5 0.933357 0.210200 0.030246 0.025400
5 0.934081 0.354950 0.031404 0.024900
5 0.712735 0.500850 0.030391 0.024300
5 0.932996 0.500950 0.032127 0.024300
2 0.638640 0.354950 0.080174 0.023900
5 0.694067 0.210550 0.031548 0.024100
5 0.474674 0.210300 0.030101 0.026000
5 0.932489 0.781700 0.031693 0.023600
5 0.932996 0.646950 0.029522 0.023500
0 0.852822 0.907800 0.226049 0.141200
