2 0.861328 0.266900 0.110417 0.037400
4 0.529883 0.314650 0.222266 0.013100
3 0.535221 0.298150 0.202474 0.016500
2 0.538542 0.266300 0.109635 0.037400
5 0.620247 0.271750 0.050391 0.032700
4 0.242904 0.315050 0.172005 0.013100
3 0.228646 0.299800 0.197656 0.016400
3 0.864388 0.737500 0.191016 0.015800
5 0.943685 0.709200 0.050911 0.032000
2 0.860807 0.704100 0.110938 0.037200
2 0.229492 0.266950 0.109766 0.037500
0 0.815690 0.446100 0.305599 0.192000
2 0.240169 0.921300 0.108984 0.037600
0 0.379622 0.653150 0.245964 0.212500
5 0.213281 0.708650 0.050260 0.030500
0 0.139258 0.663300 0.202474 0.193000
4 0.867643 0.753050 0.183464 0.011900
5 0.474479 0.678600 0.052083 0.033200
0 0.633008 0.654400 0.212891 0.215200
1 0.689974 0.677700 0.062500 0.019000
0 0.826367 0.879900 0.270964 0.204200
1 0.914714 0.896850 0.065885 0.018500
5 0.934766 0.930600 0.048958 0.031600
2 0.541862 0.923400 0.111849 0.036200
5 0.622917 0.928000 0.048437 0.030600
2 0.392383 0.673100 0.110026 0.037400
3 0.867122 0.957250 0.169922 0.014700
4 0.883008 0.973050 0.133724 0.014700
0 0.544466 0.885000 0.210547 0.187600
1 0.602148 0.895700 0.063672 0.019000
3 0.541211 0.955550 0.196484 0.016300
4 0.561719 0.970550 0.153906 0.012700
0 0.198633 0.878550 0.297266 0.199300
1 0.300521 0.893250 0.064323 0.019500
3 0.210482 0.953500 0.257161 0.016800
4 0.222526 0.970050 0.227083 0.012700
0 0.866341 0.655250 0.215234 0.215300
0 0.199479 0.433850 0.249219 0.213700
2 0.852148 0.924900 0.108724 0.037000
4 0.636393 0.753700 0.182943 0.010600
3 0.627604 0.739700 0.200000 0.015800
5 0.709180 0.711300 0.047005 0.032000
2 0.628971 0.706300 0.111589 0.037200
4 0.374935 0.743900 0.233464 0.026400
3 0.392122 0.714850 0.195182 0.031100
5 0.320312 0.926250 0.048177 0.031700
4 0.146745 0.751250 0.163542 0.011500
3 0.136068 0.737050 0.186198 0.016500
2 0.132227 0.703750 0.110286 0.038100
4 0.220638 0.533150 0.186849 0.013300
3 0.196940 0.517900 0.237109 0.015400
5 0.295638 0.490400 0.049870 0.031000
2 0.214388 0.485800 0.108984 0.037000
4 0.529622 0.532950 0.202995 0.012300
3 0.489193 0.518000 0.282552 0.017600
5 0.615234 0.489750 0.048698 0.031500
2 0.532747 0.485100 0.111328 0.036200
3 0.814518 0.517700 0.300911 0.016400
2 0.858984 0.485550 0.112500 0.035300
3 0.869206 0.299400 0.179557 0.018600
5 0.943164 0.271950 0.049609 0.030700
1 0.453451 0.645250 0.061849 0.018500
1 0.922917 0.677000 0.060156 0.018600
1 0.193294 0.675650 0.062370 0.018100
1 0.275911 0.457850 0.062240 0.018900
0 0.200065 0.221100 0.280339 0.208800
0 0.515169 0.222750 0.270443 0.205500
1 0.290690 0.238150 0.063672 0.017900
1 0.594206 0.456800 0.063151 0.018600
0 0.498633 0.446150 0.306120 0.190300
4 0.836068 0.533150 0.257812 0.012700
5 0.941016 0.489650 0.048958 0.031700
1 0.919466 0.457050 0.066016 0.018100
4 0.869466 0.316500 0.174089 0.012600
1 0.922591 0.238850 0.063932 0.018900
0 0.845117 0.223550 0.250651 0.207100
1 0.599674 0.238550 0.062891 0.018900
5 0.311589 0.271050 0.050260 0.031500
