2 0.879052 0.211250 0.097115 0.030700
3 0.868338 0.237400 0.171291 0.011200
1 0.461676 0.177800 0.051923 0.011600
0 0.373489 0.726150 0.231044 0.169500
2 0.872390 0.927900 0.097802 0.029400
1 0.927885 0.906550 0.053297 0.012900
5 0.938324 0.927350 0.035440 0.028700
4 0.614629 0.975400 0.150962 0.009800
2 0.888942 0.383600 0.096566 0.030000
5 0.955838 0.383200 0.036676 0.029200
1 0.943887 0.361450 0.049588 0.013700
4 0.621566 0.437550 0.160714 0.020500
3 0.621429 0.414750 0.161813 0.022900
4 0.866758 0.251100 0.219780 0.013600
1 0.219712 0.371050 0.048764 0.011300
5 0.230495 0.392750 0.034615 0.030700
2 0.164492 0.393500 0.096841 0.029000
3 0.133379 0.420150 0.191484 0.008300
4 0.134203 0.435350 0.214286 0.018900
1 0.455632 0.372250 0.048077 0.012500
2 0.402404 0.396050 0.096291 0.030300
0 0.864904 0.191950 0.234753 0.139300
0 0.375687 0.184250 0.237363 0.167100
0 0.626511 0.540400 0.228297 0.181600
0 0.381181 0.542350 0.254945 0.182700
0 0.139973 0.540350 0.228297 0.185700
0 0.133310 0.189050 0.229808 0.156700
4 0.374382 0.799500 0.181731 0.020600
2 0.407486 0.201250 0.097390 0.029900
0 0.866140 0.360800 0.228434 0.183800
0 0.138462 0.357900 0.223901 0.176800
5 0.474725 0.200550 0.036538 0.029900
3 0.377335 0.232150 0.193407 0.023700
4 0.378434 0.255750 0.216484 0.019700
1 0.705769 0.169150 0.044231 0.010300
5 0.721085 0.191050 0.035302 0.030900
2 0.653984 0.191250 0.097527 0.030500
3 0.623420 0.221600 0.196016 0.024800
1 0.933997 0.188050 0.047115 0.011900
5 0.948489 0.209900 0.039011 0.030600
5 0.468269 0.395250 0.034341 0.030900
3 0.377060 0.418600 0.200275 0.011800
4 0.378297 0.436050 0.226374 0.020900
1 0.707418 0.361900 0.043956 0.010600
5 0.718201 0.382700 0.033929 0.029800
2 0.652129 0.385150 0.096566 0.031100
2 0.164148 0.574750 0.096429 0.028900
4 0.621662 0.251395 0.203022 0.033190
0 0.617445 0.724800 0.251648 0.177400
0 0.139354 0.898550 0.242170 0.163500
0 0.864835 0.723300 0.236813 0.176400
0 0.381593 0.910600 0.227198 0.141200
0 0.858173 0.899000 0.200687 0.166600
4 0.129176 0.255765 0.203297 0.020130
3 0.128777 0.239000 0.183379 0.012600
0 0.140934 0.727150 0.219505 0.174900
0 0.621635 0.360850 0.246566 0.176700
1 0.217514 0.184800 0.050137 0.012600
0 0.617926 0.906450 0.219093 0.148900
3 0.864217 0.953150 0.181731 0.011100
4 0.864973 0.799050 0.230769 0.021300
3 0.863668 0.776700 0.229533 0.023000
5 0.958036 0.746100 0.036126 0.029800
2 0.889835 0.746050 0.099725 0.029900
1 0.945192 0.723900 0.050275 0.012200
4 0.621635 0.800450 0.223214 0.019700
3 0.619643 0.783300 0.219780 0.013600
5 0.708173 0.756200 0.034203 0.029400
2 0.642651 0.757050 0.096291 0.029300
1 0.696085 0.735450 0.047390 0.011500
3 0.373352 0.781200 0.228571 0.014200
2 0.400687 0.757800 0.095330 0.030000
5 0.466621 0.756600 0.035714 0.028200
1 0.453846 0.735600 0.046978 0.010800
4 0.131525 0.802200 0.188874 0.021000
3 0.130288 0.782250 0.182830 0.011500
2 0.163599 0.755700 0.095879 0.031600
5 0.229945 0.754000 0.035165 0.030000
1 0.217926 0.732850 0.041896 0.010100
4 0.863942 0.618300 0.226511 0.020800
3 0.863393 0.595150 0.236676 0.024500
2 0.887912 0.563500 0.095055 0.031200
5 0.953228 0.562850 0.035577 0.028500
1 0.940041 0.541200 0.052885 0.012600
4 0.621497 0.618650 0.178984 0.019700
3 0.616209 0.602100 0.196703 0.014000
2 0.651442 0.568650 0.097665 0.030500
5 0.718956 0.567650 0.035989 0.029700
1 0.705082 0.545700 0.049725 0.013200
4 0.381319 0.618900 0.249725 0.022400
3 0.380357 0.594650 0.185165 0.024700
2 0.400893 0.564750 0.096566 0.030100
5 0.466964 0.564200 0.035577 0.029400
1 0.457212 0.542600 0.047665 0.012000
4 0.130151 0.618300 0.198764 0.019400
3 0.130288 0.601800 0.206456 0.012000
5 0.231731 0.574900 0.039011 0.028400
1 0.221909 0.552500 0.050412 0.012600
4 0.860302 0.438300 0.209615 0.022000
4 0.374245 0.968300 0.196841 0.019600
0 0.863530 0.540950 0.241346 0.181500
0 0.377885 0.361400 0.228571 0.174200
2 0.164973 0.205850 0.094505 0.028700
5 0.229464 0.206700 0.037775 0.029400
0 0.625343 0.179200 0.229258 0.182000
3 0.864080 0.414650 0.146291 0.023900
4 0.862431 0.970000 0.144368 0.020200
3 0.614286 0.963900 0.102473 0.011000
2 0.636951 0.937950 0.096703 0.030900
5 0.703365 0.937050 0.037225 0.031300
1 0.689629 0.913700 0.044368 0.013200
3 0.375137 0.949550 0.207692 0.013700
2 0.407898 0.918500 0.095742 0.030600
5 0.474794 0.918350 0.036126 0.030900
1 0.462088 0.895900 0.040110 0.011400
4 0.141277 0.974900 0.234753 0.007800
3 0.139904 0.964400 0.142720 0.009000
5 0.222253 0.936750 0.035165 0.031300
2 0.156113 0.937350 0.097115 0.030100
1 0.210027 0.915000 0.036264 0.009400
