2 0.367060 0.270450 0.108924 0.036700
4 0.233661 0.533650 0.182546 0.014500
3 0.209646 0.517500 0.231890 0.018600
1 0.288648 0.459600 0.064173 0.018600
0 0.212861 0.436200 0.245407 0.211200
4 0.549409 0.536400 0.162336 0.011800
3 0.544948 0.519850 0.171260 0.017700
5 0.941142 0.492800 0.050000 0.032200
3 0.872375 0.519250 0.171785 0.016300
4 0.873556 0.535600 0.171785 0.013600
0 0.501115 0.441650 0.293832 0.205100
1 0.909252 0.677350 0.061811 0.018300
1 0.719226 0.896300 0.061811 0.017800
1 0.923556 0.242100 0.060761 0.017600
1 0.921982 0.460450 0.059186 0.018100
1 0.413451 0.676800 0.061286 0.019000
1 0.427690 0.242350 0.064829 0.019500
0 0.294816 0.223550 0.453675 0.200100
1 0.594751 0.460300 0.061942 0.018600
5 0.944488 0.273700 0.051969 0.032800
5 0.448163 0.274300 0.049869 0.032600
3 0.383071 0.301500 0.163517 0.019000
0 0.749016 0.224950 0.452887 0.202900
3 0.858793 0.301050 0.203675 0.018100
4 0.669160 0.971050 0.172966 0.011700
4 0.859974 0.317350 0.203150 0.012100
0 0.837336 0.445000 0.268110 0.201200
3 0.667126 0.955750 0.179921 0.015900
0 0.511286 0.876250 0.533858 0.202900
4 0.839698 0.751350 0.208268 0.012500
3 0.825459 0.735400 0.245407 0.017400
0 0.737861 0.656250 0.446850 0.207500
4 0.366339 0.752350 0.168373 0.012500
3 0.348885 0.736850 0.199081 0.016300
5 0.433727 0.709400 0.050656 0.033200
0 0.262992 0.655450 0.398163 0.210100
5 0.308333 0.491750 0.047638 0.033100
2 0.228543 0.487450 0.110367 0.038100
2 0.533858 0.488500 0.109974 0.037600
2 0.847966 0.704400 0.110367 0.036600
2 0.658005 0.924100 0.110236 0.037200
2 0.862402 0.269450 0.110892 0.036900
4 0.389042 0.316400 0.151575 0.011800
5 0.614829 0.493750 0.050656 0.031700
2 0.858793 0.488100 0.111286 0.037200
5 0.739370 0.928000 0.049869 0.030600
5 0.929331 0.708350 0.048163 0.029100
2 0.351509 0.705350 0.110105 0.038100
