0 0.522962 0.426550 0.498448 0.222300
4 0.645925 0.528250 0.202846 0.008700
3 0.198577 0.730600 0.320310 0.017400
4 0.213648 0.746050 0.290427 0.010900
5 0.733247 0.485150 0.048900 0.030700
1 0.920310 0.895400 0.062354 0.018000
3 0.608473 0.511400 0.275162 0.013600
5 0.941138 0.928600 0.047607 0.030200
5 0.634735 0.929050 0.048512 0.031700
1 0.305821 0.669400 0.062354 0.017600
1 0.712484 0.450800 0.062484 0.018200
0 0.824774 0.874050 0.300000 0.211100
4 0.546895 0.748300 0.208150 0.012600
4 0.857827 0.971600 0.217335 0.010400
0 0.511514 0.652950 0.301423 0.219500
5 0.326649 0.703900 0.048642 0.032200
1 0.615201 0.672450 0.061708 0.017100
5 0.636158 0.705550 0.047477 0.030900
1 0.614812 0.895200 0.063001 0.016600
0 0.197219 0.665050 0.325873 0.197300
2 0.245408 0.697600 0.111255 0.039000
4 0.473803 0.972800 0.372962 0.012800
3 0.498318 0.957350 0.322898 0.016100
3 0.529625 0.733150 0.239586 0.016700
0 0.475032 0.877440 0.380854 0.216200
2 0.859897 0.923150 0.109702 0.037100
3 0.829431 0.957650 0.272316 0.016700
2 0.553364 0.923400 0.109832 0.037600
2 0.651100 0.478850 0.110996 0.037500
2 0.554075 0.700050 0.109702 0.037700
