2 0.234735 0.709450 0.109056 0.035500
2 0.819728 0.269650 0.109314 0.035700
2 0.235123 0.488700 0.108538 0.036000
2 0.393079 0.931250 0.109314 0.036900
2 0.553493 0.710650 0.109056 0.035500
2 0.798060 0.931100 0.110479 0.036000
2 0.392561 0.267750 0.110349 0.035100
2 0.554981 0.489050 0.109444 0.035700
2 0.865201 0.456550 0.106598 0.035700
2 0.859379 0.709800 0.110220 0.035400
5 0.632859 0.715600 0.047607 0.031000
4 0.542820 0.538100 0.216818 0.011000
1 0.925679 0.429900 0.059897 0.018800
1 0.858215 0.904200 0.061320 0.019200
4 0.390686 0.979750 0.194825 0.012900
3 0.371798 0.963650 0.232342 0.013300
5 0.473415 0.936450 0.047736 0.029700
1 0.453040 0.903700 0.059250 0.019200
4 0.841074 0.758300 0.229107 0.011400
3 0.830207 0.742600 0.244631 0.015800
5 0.939845 0.715100 0.047348 0.031600
1 0.918952 0.682900 0.059638 0.019600
4 0.550388 0.758850 0.193661 0.010500
4 0.222510 0.537200 0.217076 0.011800
3 0.192626 0.521050 0.275291 0.017100
1 0.295602 0.461750 0.059508 0.017900
4 0.781759 0.317600 0.270375 0.012600
3 0.765912 0.302000 0.299741 0.016400
5 0.899871 0.274300 0.047348 0.031200
0 0.828978 0.447150 0.288745 0.195900
0 0.207956 0.660750 0.268435 0.215300
3 0.548965 0.743300 0.197025 0.015800
0 0.502523 0.444650 0.316818 0.202300
0 0.197025 0.446350 0.294179 0.199100
0 0.725356 0.216600 0.401552 0.220400
1 0.612549 0.684000 0.059508 0.018800
1 0.295343 0.682550 0.060285 0.018100
3 0.793208 0.963750 0.196507 0.014700
4 0.814748 0.980300 0.157050 0.011400
5 0.316494 0.494300 0.049806 0.032200
5 0.315912 0.715200 0.047607 0.031800
5 0.877878 0.936750 0.047607 0.031300
3 0.499288 0.522350 0.303364 0.016700
0 0.722057 0.878800 0.363389 0.217600
0 0.312549 0.893150 0.372574 0.190500
5 0.474191 0.273300 0.048254 0.031600
3 0.383118 0.300400 0.209961 0.016400
4 0.386287 0.317000 0.205433 0.011400
1 0.879884 0.242300 0.061190 0.019600
0 0.544567 0.664150 0.231436 0.202900
0 0.325032 0.215000 0.349935 0.219800
4 0.250841 0.758400 0.160931 0.012400
5 0.635705 0.493800 0.046831 0.029800
5 0.945278 0.462100 0.047607 0.030200
3 0.837322 0.497600 0.251358 0.031600
4 0.849159 0.528650 0.225356 0.027700
3 0.215136 0.740450 0.230013 0.017100
1 0.615330 0.462300 0.059897 0.019000
1 0.453493 0.241150 0.059638 0.018900
0 0.835640 0.661650 0.261449 0.206700
