4 0.232747 0.526800 0.176172 0.011400
3 0.854036 0.906050 0.209115 0.019100
4 0.871354 0.921850 0.173698 0.010900
3 0.223047 0.511050 0.193490 0.014500
4 0.573568 0.943850 0.121875 0.010300
4 0.238997 0.956000 0.152734 0.009800
4 0.241081 0.745000 0.167057 0.010200
4 0.910221 0.306500 0.095443 0.010600
0 0.832227 0.445800 0.288411 0.178600
0 0.232161 0.857350 0.191667 0.215700
2 0.218880 0.908200 0.110677 0.036600
3 0.897070 0.292550 0.122526 0.017500
0 0.223177 0.645815 0.222656 0.211370
1 0.600000 0.451700 0.060938 0.018800
0 0.519596 0.770400 0.255339 0.361000
0 0.814063 0.773350 0.323958 0.318900
1 0.285286 0.452000 0.058854 0.017800
0 0.217969 0.355350 0.224479 0.363700
3 0.585612 0.928200 0.099089 0.013000
2 0.562109 0.895150 0.156771 0.038100
3 0.228451 0.939050 0.176693 0.016300
3 0.231380 0.730600 0.184115 0.012800
2 0.251693 0.696800 0.157031 0.037200
4 0.919141 0.527400 0.083854 0.010800
3 0.915365 0.511800 0.089583 0.013200
1 0.281250 0.880050 0.061719 0.017700
5 0.300521 0.912750 0.045312 0.027300
1 0.923828 0.845950 0.061979 0.016900
2 0.884961 0.873550 0.154036 0.037500
1 0.927344 0.451100 0.061719 0.017400
0 0.731771 0.228500 0.468229 0.196800
0 0.514453 0.447700 0.260677 0.181000
1 0.922982 0.232150 0.064193 0.018500
1 0.288411 0.669150 0.059635 0.017500
2 0.888672 0.479500 0.155469 0.037000
2 0.249544 0.479950 0.154557 0.037300
2 0.561198 0.479700 0.154167 0.037400
3 0.592773 0.511800 0.086068 0.016400
4 0.598438 0.527150 0.071094 0.009500
2 0.885091 0.259050 0.156901 0.034500
1 0.599219 0.867750 0.064583 0.015700
