4 0.196480 0.541409 0.146023 0.008492
4 0.810952 0.542957 0.120209 0.008791
3 0.809974 0.533966 0.086180 0.009191
0 0.809778 0.480669 0.284746 0.144955
0 0.810430 0.899301 0.287093 0.135864
0 0.504042 0.471628 0.288918 0.162238
5 0.926728 0.921079 0.037027 0.024176
4 0.354172 0.955045 0.308083 0.008791
0 0.195241 0.623776 0.288266 0.139061
1 0.911082 0.626124 0.046936 0.014286
0 0.811213 0.630519 0.285267 0.124575
0 0.195176 0.762038 0.289439 0.135864
3 0.353325 0.946304 0.286310 0.008492
0 0.193611 0.466583 0.284746 0.170729
1 0.903325 0.485814 0.048370 0.014785
1 0.609974 0.485764 0.048110 0.014086
5 0.920274 0.511339 0.037679 0.024875
1 0.911538 0.895954 0.048110 0.015485
5 0.508279 0.921379 0.037158 0.024376
4 0.192503 0.819481 0.187875 0.007992
1 0.604694 0.759640 0.046936 0.015385
5 0.620926 0.784066 0.038201 0.024875
3 0.503390 0.811339 0.159322 0.007493
4 0.502542 0.819780 0.190482 0.009191
1 0.905932 0.759141 0.048110 0.015784
3 0.809713 0.946004 0.077836 0.007493
1 0.295828 0.759441 0.047979 0.015185
4 0.811278 0.953746 0.098435 0.007193
5 0.312973 0.784416 0.037419 0.023776
3 0.195046 0.812038 0.178618 0.007293
2 0.863429 0.647502 0.087223 0.028472
1 0.624316 0.625924 0.048892 0.014885
5 0.640156 0.651548 0.037810 0.024376
3 0.501956 0.675225 0.085007 0.008591
4 0.503520 0.683666 0.114733 0.008492
0 0.511799 0.626623 0.301825 0.134166
5 0.927314 0.651748 0.037158 0.024775
3 0.809909 0.675325 0.159583 0.008591
4 0.809061 0.683666 0.116428 0.008492
0 0.349348 0.898751 0.597262 0.130370
0 0.810365 0.761089 0.281747 0.133367
0 0.502738 0.762288 0.285267 0.133367
2 0.248044 0.647153 0.086962 0.027572
2 0.241199 0.507443 0.088918 0.028472
2 0.575815 0.647602 0.086180 0.028472
2 0.443807 0.917732 0.087614 0.028472
2 0.857953 0.780969 0.086701 0.027872
2 0.556975 0.781019 0.087353 0.027772
2 0.862712 0.917283 0.086310 0.028172
2 0.855541 0.507143 0.087093 0.028871
2 0.562256 0.506743 0.086701 0.028272
2 0.247979 0.780819 0.087614 0.027572
5 0.921773 0.784665 0.038070 0.026074
3 0.809061 0.810939 0.093481 0.008292
4 0.810821 0.819680 0.123338 0.008991
1 0.491460 0.895904 0.048370 0.015584
1 0.288787 0.485714 0.047197 0.014985
5 0.304433 0.511139 0.038853 0.024276
3 0.194850 0.533067 0.085658 0.009590
5 0.627184 0.511938 0.036897 0.024675
3 0.500847 0.533067 0.086701 0.009391
4 0.504107 0.541508 0.148761 0.008292
1 0.295893 0.625924 0.047849 0.015085
5 0.312581 0.651548 0.037940 0.024775
3 0.194589 0.675924 0.154759 0.007992
4 0.196023 0.684166 0.174316 0.009091
