3 0.737994 0.819800 0.289458 0.011600
3 0.623792 0.213950 0.110542 0.021100
3 0.138507 0.213000 0.157247 0.019600
3 0.137189 0.362950 0.133529 0.020700
3 0.377526 0.368500 0.201611 0.011000
3 0.620278 0.352850 0.176428 0.018700
3 0.862372 0.367200 0.212884 0.010400
3 0.858785 0.524100 0.176720 0.011200
3 0.629502 0.511750 0.187555 0.020900
3 0.379283 0.509150 0.127526 0.017300
3 0.130673 0.523850 0.121376 0.008500
3 0.128258 0.661000 0.119473 0.021400
3 0.381332 0.657200 0.149195 0.020000
3 0.426208 0.827000 0.149634 0.010400
0 0.734114 0.921500 0.390922 0.138200
0 0.132943 0.919450 0.209956 0.132700
2 0.406003 0.193950 0.084041 0.024700
2 0.171523 0.189600 0.085944 0.024800
1 0.471230 0.325500 0.047584 0.011000
1 0.713104 0.310250 0.048463 0.011900
1 0.945900 0.486900 0.044363 0.010000
1 0.692313 0.466400 0.052269 0.011000
1 0.469839 0.460550 0.047438 0.011500
1 0.228331 0.483050 0.051391 0.011700
1 0.228843 0.316750 0.050073 0.011100
0 0.864275 0.470250 0.236896 0.136500
2 0.422255 0.940550 0.084041 0.024900
2 0.165373 0.949500 0.082138 0.025000
2 0.184187 0.805750 0.084627 0.023500
2 0.414861 0.806300 0.083016 0.024600
1 0.900586 0.931150 0.046852 0.010100
1 0.468009 0.923050 0.049341 0.009700
3 0.143119 0.825800 0.175256 0.010200
5 0.723939 0.328100 0.030015 0.023400
5 0.481332 0.343350 0.030015 0.024500
2 0.644876 0.188350 0.083602 0.024900
1 0.431406 0.613800 0.050512 0.011800
1 0.214788 0.610500 0.048316 0.011600
1 0.211859 0.931550 0.048902 0.010900
1 0.230820 0.787650 0.049341 0.011500
1 0.461347 0.788450 0.048023 0.011300
3 0.868302 0.214550 0.169693 0.019500
3 0.116691 0.970450 0.141728 0.010100
3 0.379502 0.971950 0.202928 0.009300
5 0.479136 0.478750 0.032064 0.025100
5 0.703734 0.484400 0.030015 0.024800
5 0.954905 0.504100 0.029575 0.024200
5 0.224451 0.628900 0.031332 0.024800
5 0.440996 0.632050 0.031040 0.024300
5 0.911420 0.781750 0.045974 0.036900
5 0.949341 0.188600 0.031040 0.025000
5 0.701391 0.188450 0.030893 0.024300
5 0.462665 0.193800 0.030454 0.024400
5 0.228551 0.189500 0.029868 0.024800
5 0.966105 0.332400 0.031479 0.024800
0 0.624085 0.175900 0.195168 0.137200
0 0.381845 0.166600 0.214056 0.155400
0 0.147145 0.173500 0.196486 0.141400
4 0.128477 0.681200 0.178184 0.016800
5 0.237994 0.501300 0.032064 0.024600
5 0.911933 0.948600 0.028551 0.023800
5 0.239239 0.334700 0.032504 0.024600
5 0.478038 0.940400 0.030454 0.024800
5 0.220717 0.949350 0.030600 0.024700
5 0.469839 0.806300 0.031040 0.024600
5 0.240703 0.805650 0.031040 0.024100
0 0.378331 0.916200 0.269400 0.147600
0 0.133163 0.617100 0.219766 0.148600
2 0.909078 0.332450 0.084627 0.024700
2 0.666398 0.328350 0.084480 0.024900
2 0.892826 0.189050 0.084334 0.025900
1 0.955930 0.314400 0.047438 0.011400
1 0.939312 0.170800 0.050220 0.010600
1 0.692387 0.170400 0.048902 0.011200
1 0.452855 0.175650 0.047438 0.011700
1 0.218375 0.171400 0.046999 0.011200
2 0.384261 0.632000 0.083602 0.024400
2 0.167862 0.628750 0.084480 0.024900
2 0.828477 0.781800 0.121669 0.036600
2 0.898829 0.504200 0.084334 0.024600
2 0.647438 0.484350 0.084334 0.024900
2 0.181040 0.501350 0.083602 0.024700
2 0.421742 0.478900 0.084480 0.025200
2 0.424890 0.343250 0.084334 0.025100
2 0.181991 0.334900 0.084041 0.024600
1 0.897218 0.755550 0.071449 0.015900
2 0.855710 0.948300 0.084187 0.024200
3 0.730820 0.973900 0.168814 0.008800
4 0.139898 0.233550 0.144217 0.017900
4 0.378184 0.528000 0.139092 0.016400
4 0.626061 0.530550 0.161933 0.015900
4 0.858565 0.533600 0.139385 0.007800
4 0.737628 0.834800 0.253880 0.011400
4 0.426867 0.836350 0.173499 0.007900
4 0.380673 0.234850 0.188287 0.015900
4 0.624012 0.233600 0.189165 0.017800
4 0.869400 0.233450 0.180088 0.016900
4 0.861859 0.381250 0.218887 0.016700
4 0.619766 0.375600 0.189458 0.025400
4 0.382504 0.382400 0.161786 0.016000
4 0.133895 0.381500 0.193997 0.016600
4 0.135432 0.533050 0.229283 0.007900
4 0.143704 0.834900 0.144802 0.008200
4 0.116691 0.979800 0.136750 0.008000
4 0.377892 0.983050 0.262665 0.009300
4 0.729868 0.983050 0.255637 0.007900
4 0.382504 0.679200 0.184627 0.016600
0 0.743558 0.707000 0.466325 0.271600
0 0.152635 0.769000 0.205124 0.143600
0 0.422328 0.770100 0.184334 0.142400
3 0.381113 0.220900 0.187116 0.011200
0 0.375915 0.626450 0.206296 0.125900
0 0.628331 0.466150 0.196047 0.147900
0 0.379868 0.465950 0.227672 0.143500
0 0.136457 0.467200 0.236603 0.143000
0 0.865666 0.318900 0.234700 0.145400
0 0.621889 0.318050 0.240556 0.144500
0 0.379209 0.320000 0.239824 0.144800
0 0.137262 0.322050 0.241142 0.139700
0 0.874305 0.171150 0.187555 0.144900
