0 0.153129 0.710739 0.228031 0.183916
0 0.396219 0.712587 0.220339 0.179820
0 0.630900 0.710490 0.220339 0.179820
0 0.859583 0.710490 0.220339 0.179820
0 0.210300 0.896603 0.272490 0.179820
0 0.520535 0.893107 0.281486 0.180020
0 0.836767 0.895554 0.271708 0.178322
4 0.285984 0.977872 0.098175 0.012088
5 0.314472 0.275175 0.047197 0.030869
4 0.238592 0.317832 0.180443 0.010290
1 0.612712 0.242957 0.061147 0.019980
5 0.633442 0.274875 0.047066 0.031269
3 0.576597 0.303197 0.142764 0.015784
3 0.229661 0.300949 0.199609 0.017083
4 0.547588 0.524176 0.208083 0.010989
1 0.917536 0.449500 0.060104 0.017882
3 0.540613 0.509540 0.219948 0.016284
5 0.635463 0.481568 0.046936 0.029870
1 0.614798 0.449151 0.059844 0.018182
4 0.192503 0.524725 0.276793 0.012088
3 0.203064 0.509391 0.258018 0.017782
5 0.317405 0.481818 0.046023 0.029970
1 0.296675 0.449600 0.061147 0.017882
4 0.828553 0.319530 0.259974 0.011688
3 0.811669 0.304645 0.295828 0.015485
5 0.943677 0.277373 0.048240 0.031469
1 0.923533 0.244805 0.060626 0.018282
4 0.561343 0.318432 0.174055 0.010490
1 0.293937 0.242208 0.060887 0.018881
0 0.189635 0.430969 0.311473 0.206394
0 0.815319 0.228472 0.309648 0.199600
0 0.526923 0.233217 0.268188 0.190909
0 0.510626 0.440410 0.301565 0.183916
0 0.829596 0.439361 0.272229 0.188611
0 0.194394 0.220480 0.297262 0.208192
3 0.692438 0.779570 0.076923 0.018482
3 0.898566 0.779720 0.119687 0.017183
3 0.911017 0.961788 0.104433 0.018482
3 0.545306 0.961389 0.205085 0.018482
3 0.300652 0.962388 0.064407 0.016484
4 0.205671 0.795455 0.098175 0.012088
4 0.436701 0.794555 0.109387 0.012088
4 0.674511 0.794655 0.110952 0.010689
4 0.897523 0.793956 0.120209 0.012088
4 0.897914 0.977473 0.129074 0.012088
4 0.537940 0.976673 0.225815 0.012088
5 0.237288 0.751748 0.048501 0.029970
2 0.634681 0.747602 0.108735 0.036264
5 0.942373 0.752448 0.049544 0.029970
2 0.236506 0.930020 0.110300 0.036264
2 0.553585 0.930020 0.107692 0.036264
2 0.867862 0.929820 0.104694 0.036264
2 0.858083 0.476773 0.110691 0.036064
2 0.552477 0.270030 0.107562 0.035764
2 0.554433 0.476424 0.107301 0.036364
2 0.237549 0.476673 0.108996 0.036264
2 0.863820 0.271778 0.110952 0.036264
2 0.233638 0.269530 0.109778 0.036164
2 0.395567 0.747203 0.108735 0.036264
2 0.157692 0.747203 0.105997 0.036264
2 0.862842 0.748102 0.107171 0.036264
3 0.415645 0.778072 0.146545 0.016084
3 0.207757 0.779870 0.087744 0.016084
5 0.473468 0.751748 0.046023 0.029970
5 0.712842 0.751748 0.046023 0.029970
5 0.946871 0.933766 0.046023 0.029970
5 0.633312 0.933766 0.046023 0.029970
5 0.317927 0.934366 0.046023 0.029970
5 0.938918 0.481269 0.047066 0.030470
3 0.860626 0.508991 0.184094 0.013586
4 0.836701 0.524925 0.235854 0.012488
