0 0.276278 0.886863 0.435649 0.185914
1 0.440695 0.889610 0.062254 0.018581
3 0.534928 0.513437 0.234731 0.016284
0 0.532307 0.437762 0.266186 0.200200
1 0.606422 0.237263 0.063696 0.017183
1 0.931782 0.236464 0.060682 0.019381
0 0.513696 0.216434 0.281389 0.213686
3 0.186632 0.295854 0.303014 0.015684
0 0.196855 0.431718 0.287549 0.216683
5 0.635452 0.486963 0.051769 0.031269
0 0.194102 0.212937 0.329489 0.215285
1 0.298296 0.236164 0.067628 0.020180
1 0.924574 0.454246 0.063041 0.018581
5 0.626737 0.268631 0.051376 0.031369
3 0.547641 0.294406 0.193054 0.018781
4 0.570249 0.311239 0.152031 0.014885
0 0.837156 0.432967 0.274836 0.211389
5 0.945282 0.486613 0.049934 0.032567
4 0.873263 0.529970 0.175098 0.011788
4 0.558453 0.529520 0.193709 0.014086
1 0.292398 0.454196 0.061861 0.017682
1 0.614941 0.453846 0.064220 0.018581
4 0.247772 0.529171 0.161861 0.011988
0 0.182307 0.653546 0.296723 0.202797
1 0.283617 0.670130 0.061337 0.019580
3 0.180537 0.730669 0.283224 0.015784
4 0.218611 0.745854 0.206815 0.011389
0 0.499541 0.648701 0.298427 0.217882
1 0.602097 0.672278 0.064744 0.019081
5 0.622346 0.705095 0.048100 0.032168
3 0.494495 0.732118 0.284666 0.014486
4 0.541415 0.747952 0.195544 0.013586
0 0.828965 0.656194 0.293840 0.207093
1 0.924771 0.672777 0.066055 0.018881
5 0.945347 0.704895 0.050328 0.032767
3 0.882634 0.732567 0.156094 0.016983
4 0.912320 0.748801 0.100655 0.013487
5 0.461271 0.922977 0.050721 0.032368
3 0.330472 0.949550 0.298427 0.016384
4 0.361140 0.965534 0.241022 0.013786
0 0.719659 0.875724 0.303801 0.197403
1 0.823132 0.889910 0.064351 0.017782
3 0.723460 0.950300 0.273919 0.017682
4 0.719201 0.966334 0.285321 0.013586
4 0.201180 0.312438 0.273919 0.012488
5 0.320446 0.269231 0.050590 0.032368
2 0.237156 0.265185 0.113106 0.037862
2 0.554653 0.482218 0.108781 0.037163
5 0.312975 0.487063 0.048755 0.032068
5 0.843971 0.922478 0.050459 0.031768
2 0.762451 0.918082 0.110223 0.037762
2 0.379292 0.918082 0.111402 0.037762
2 0.863696 0.700799 0.109830 0.036563
2 0.541547 0.700100 0.108781 0.037562
5 0.304456 0.703497 0.049541 0.030969
2 0.222346 0.698352 0.111533 0.038062
3 0.213958 0.512737 0.235256 0.015485
2 0.232241 0.481868 0.111402 0.037463
3 0.863106 0.514376 0.198427 0.014086
2 0.863041 0.481419 0.111140 0.037562
4 0.836763 0.312388 0.262254 0.011988
3 0.822674 0.295205 0.293054 0.017982
5 0.952425 0.268581 0.049017 0.031269
2 0.871166 0.264386 0.110616 0.037063
2 0.546003 0.264685 0.107733 0.036064
0 0.827457 0.219530 0.304980 0.201299
