3 0.829531 0.635265 0.120600 0.029570
2 0.422360 0.573576 0.110430 0.036863
4 0.827901 0.666583 0.114993 0.027273
2 0.409257 0.829820 0.110821 0.038262
3 0.433246 0.874176 0.156714 0.030669
4 0.845111 0.900100 0.067797 0.044356
0 0.777053 0.865784 0.351239 0.268432
4 0.460952 0.910939 0.098435 0.042857
5 0.489113 0.833966 0.040026 0.028372
5 0.503585 0.578272 0.043677 0.026873
0 0.344589 0.853297 0.345241 0.293407
3 0.464928 0.615485 0.119166 0.030969
4 0.461669 0.647203 0.111864 0.026274
1 0.483312 0.545854 0.060235 0.017782
5 0.885332 0.602298 0.043677 0.027373
2 0.804433 0.597552 0.111082 0.036863
0 0.755150 0.560789 0.311343 0.285215
0 0.371838 0.615634 0.317340 0.256643
2 0.841134 0.833317 0.113559 0.036663
1 0.901695 0.805744 0.061017 0.017083
5 0.921121 0.838112 0.044589 0.026873
3 0.878683 0.867782 0.141199 0.014885
1 0.864276 0.569830 0.057627 0.017383
1 0.471317 0.801948 0.059452 0.016284
