5 0.626153 0.268332 0.046245 0.028372
1 0.909420 0.234715 0.061265 0.015884
5 0.930369 0.267732 0.047299 0.029171
1 0.919038 0.452847 0.060738 0.017383
4 0.219104 0.515784 0.201845 0.011988
1 0.285112 0.441159 0.061397 0.016783
4 0.632148 0.745455 0.193676 0.009790
1 0.904941 0.670430 0.062319 0.017782
5 0.938406 0.484715 0.047299 0.029770
5 0.925560 0.702747 0.047694 0.029071
5 0.306061 0.474226 0.047958 0.029570
5 0.715679 0.703347 0.047694 0.029471
1 0.605072 0.235365 0.061528 0.016384
3 0.618379 0.730270 0.219895 0.012388
3 0.535178 0.506843 0.202372 0.014086
1 0.694005 0.670629 0.059947 0.017982
3 0.190580 0.501748 0.256522 0.014885
4 0.545125 0.523576 0.181686 0.011588
4 0.555929 0.310490 0.169302 0.010190
4 0.835639 0.526773 0.233860 0.011588
3 0.867523 0.511538 0.170356 0.015285
4 0.852569 0.745754 0.174704 0.009790
4 0.231950 0.308392 0.181159 0.010789
3 0.232411 0.293257 0.177866 0.012887
2 0.228986 0.261189 0.108300 0.035065
2 0.539987 0.475475 0.110540 0.036064
2 0.840909 0.698152 0.116864 0.035465
2 0.856785 0.479720 0.111989 0.035964
2 0.632609 0.698052 0.109750 0.035664
2 0.224177 0.469281 0.108432 0.035265
3 0.678195 0.949650 0.095784 0.012388
0 0.842358 0.434166 0.250988 0.203596
3 0.882872 0.946454 0.116733 0.012188
4 0.871542 0.960739 0.132806 0.010190
0 0.628063 0.869880 0.215283 0.206494
0 0.848024 0.870629 0.200659 0.203596
2 0.846640 0.261738 0.109091 0.036164
2 0.544993 0.262537 0.110804 0.034965
3 0.553162 0.294705 0.171673 0.013187
4 0.864888 0.309491 0.155863 0.009191
3 0.859947 0.293307 0.164163 0.013187
3 0.866601 0.729021 0.142951 0.014286
0 0.866798 0.648202 0.223715 0.214885
0 0.197826 0.427672 0.274704 0.201798
0 0.841568 0.210839 0.247563 0.219281
0 0.533597 0.427672 0.237154 0.215984
5 0.307642 0.266434 0.045850 0.030170
5 0.692833 0.793457 0.076574 0.047073
5 0.909124 0.798891 0.075692 0.050769
1 0.601383 0.448302 0.061001 0.018082
0 0.523979 0.212138 0.261133 0.212088
0 0.211726 0.203247 0.257444 0.232667
1 0.287484 0.233766 0.061660 0.017383
5 0.620092 0.481169 0.047299 0.029271
4 0.634848 0.964086 0.180896 0.009491
0 0.624638 0.651399 0.240053 0.208891
