0 0.318857 0.653950 0.310250 0.192700
0 0.309855 0.868750 0.442313 0.204900
0 0.771353 0.231200 0.422076 0.179800
0 0.289488 0.230800 0.365309 0.179000
0 0.776544 0.867200 0.248226 0.210400
4 0.849671 0.310000 0.221551 0.011800
1 0.898292 0.670550 0.060972 0.017700
3 0.369251 0.295350 0.193167 0.013300
1 0.854074 0.887500 0.060841 0.019000
5 0.446583 0.486350 0.047963 0.029300
5 0.444547 0.269350 0.045204 0.027100
5 0.446518 0.700750 0.046781 0.028300
5 0.920237 0.702750 0.046781 0.028900
5 0.945795 0.268550 0.045861 0.028100
1 0.924639 0.235400 0.062418 0.017400
1 0.422602 0.236350 0.060710 0.018900
3 0.830407 0.730550 0.223548 0.015100
5 0.874573 0.919900 0.047700 0.029200
4 0.834297 0.745700 0.218660 0.012300
5 0.502760 0.919800 0.047306 0.029600
1 0.425756 0.667200 0.062812 0.018800
1 0.888502 0.454500 0.062155 0.018400
1 0.425164 0.452550 0.063206 0.017500
3 0.792510 0.946400 0.190013 0.012600
4 0.860972 0.529600 0.122733 0.010400
3 0.393298 0.511600 0.130618 0.012000
3 0.865112 0.513850 0.114455 0.013700
4 0.425164 0.960500 0.184625 0.011800
1 0.482260 0.886100 0.061498 0.016600
5 0.909396 0.487800 0.047963 0.029200
0 0.248292 0.436950 0.443758 0.220100
0 0.763009 0.454500 0.356767 0.184600
3 0.375296 0.729050 0.167937 0.014900
4 0.367214 0.742750 0.184625 0.010700
4 0.797175 0.961550 0.183574 0.012300
2 0.362418 0.695400 0.115112 0.034800
2 0.864652 0.262850 0.110118 0.035700
2 0.828055 0.482700 0.109987 0.036000
2 0.837451 0.698850 0.111958 0.037300
4 0.360512 0.311500 0.212484 0.011400
4 0.388568 0.528200 0.144809 0.011800
2 0.364980 0.480450 0.111564 0.036300
3 0.857622 0.295800 0.207227 0.013200
0 0.761498 0.654950 0.377661 0.198900
2 0.794021 0.914400 0.108936 0.034000
2 0.363601 0.264150 0.111695 0.035100
2 0.420894 0.913600 0.108804 0.036600
3 0.420434 0.946350 0.190407 0.012500
