5 0.117873 0.774700 0.022431 0.019400
2 0.168234 0.338250 0.080897 0.024700
2 0.177641 0.478800 0.080608 0.024600
1 0.437337 0.183900 0.046599 0.012200
1 0.684588 0.184550 0.042981 0.010100
1 0.923951 0.184050 0.047612 0.010700
1 0.925615 0.320500 0.049204 0.011000
1 0.684081 0.320750 0.045441 0.010500
1 0.437048 0.320150 0.046889 0.011100
1 0.215702 0.320750 0.042402 0.010500
1 0.223517 0.461400 0.048480 0.010600
1 0.427858 0.461250 0.046454 0.010300
1 0.214182 0.184100 0.047467 0.011800
1 0.462012 0.750650 0.036614 0.008900
1 0.684805 0.690750 0.033285 0.007700
1 0.820043 0.739850 0.031114 0.008300
1 0.931910 0.741150 0.035456 0.008500
1 0.713097 0.863500 0.033430 0.008800
1 0.912808 0.909400 0.041534 0.010400
2 0.087554 0.618550 0.064834 0.019100
2 0.075253 0.775200 0.064544 0.019800
2 0.198698 0.773350 0.065123 0.019500
2 0.309045 0.765250 0.066136 0.018900
2 0.426628 0.764250 0.063965 0.018700
2 0.646310 0.704100 0.064544 0.019000
2 0.781187 0.753900 0.063676 0.019400
2 0.382200 0.478600 0.081042 0.024400
2 0.878365 0.474900 0.081187 0.024600
2 0.435094 0.619900 0.063242 0.019400
2 0.636397 0.610900 0.081187 0.024200
2 0.878003 0.612600 0.082489 0.024600
1 0.472648 0.605800 0.035601 0.008600
1 0.236252 0.604400 0.035745 0.009200
1 0.124747 0.604800 0.036179 0.008600
1 0.676628 0.461400 0.047323 0.010000
1 0.923661 0.457550 0.045297 0.010700
1 0.924602 0.595000 0.045152 0.009800
1 0.682634 0.594150 0.043126 0.009700
2 0.200145 0.618450 0.064544 0.019100
2 0.638929 0.338300 0.081331 0.024600
2 0.881331 0.338550 0.081042 0.024300
2 0.877931 0.201800 0.080897 0.024400
2 0.638929 0.201700 0.081910 0.024200
2 0.392692 0.201850 0.081187 0.023900
2 0.661577 0.935100 0.064689 0.020000
2 0.675977 0.877350 0.064255 0.019300
2 0.408394 0.929250 0.080463 0.024900
2 0.201592 0.931200 0.069175 0.020400
2 0.093705 0.932000 0.064978 0.019400
1 0.130174 0.917950 0.032851 0.009300
1 0.240593 0.915900 0.039219 0.009400
1 0.456151 0.912000 0.043415 0.009200
1 0.700434 0.921050 0.034153 0.008100
0 0.368234 0.320150 0.207959 0.117500
0 0.159624 0.909300 0.205210 0.132600
0 0.377569 0.910700 0.205789 0.130400
0 0.857164 0.896850 0.204052 0.161900
0 0.625615 0.899250 0.215340 0.159100
0 0.850941 0.738250 0.221418 0.136100
5 0.932417 0.201750 0.030101 0.024500
5 0.936541 0.338350 0.028799 0.024500
5 0.693632 0.338350 0.028365 0.024500
5 0.446599 0.338200 0.029522 0.025000
5 0.223010 0.338350 0.030391 0.024300
5 0.233068 0.478950 0.031404 0.024700
5 0.223300 0.201850 0.030680 0.023700
2 0.392764 0.338000 0.081331 0.025400
5 0.242619 0.773200 0.025615 0.019400
5 0.352822 0.765350 0.024602 0.018700
5 0.469392 0.764350 0.022431 0.018500
5 0.824602 0.753600 0.024891 0.019200
5 0.938784 0.755200 0.023155 0.019600
5 0.689291 0.704250 0.024023 0.019300
5 0.719247 0.877500 0.023444 0.019000
5 0.920116 0.926600 0.028654 0.023600
5 0.437265 0.478750 0.029957 0.024500
5 0.685384 0.478850 0.030680 0.024500
5 0.933068 0.474900 0.029957 0.023800
5 0.933285 0.612400 0.028075 0.025000
5 0.690521 0.610900 0.029667 0.023600
5 0.478292 0.619900 0.025760 0.019600
5 0.243415 0.618400 0.022865 0.018800
5 0.131042 0.618500 0.023589 0.019000
3 0.846020 0.362500 0.108538 0.010400
3 0.611795 0.364050 0.093922 0.009500
3 0.369899 0.362900 0.149059 0.010200
3 0.149638 0.362800 0.048625 0.009000
1 0.596527 0.759950 0.023155 0.005700
2 0.629884 0.478850 0.081476 0.024700
3 0.373517 0.952700 0.193343 0.008200
5 0.693488 0.201600 0.029233 0.023800
5 0.446961 0.201850 0.029378 0.023700
5 0.704414 0.935050 0.025615 0.019700
5 0.462735 0.928600 0.030246 0.024200
5 0.247829 0.931000 0.026483 0.020800
5 0.136324 0.932100 0.023155 0.018600
1 0.345658 0.750800 0.038640 0.010200
1 0.239870 0.759500 0.031114 0.008400
1 0.112084 0.761100 0.031693 0.007800
2 0.865123 0.926650 0.081331 0.024100
2 0.894718 0.755200 0.064110 0.019200
1 0.340666 0.606500 0.025181 0.007200
2 0.168524 0.202250 0.081476 0.024500
3 0.843488 0.950750 0.170043 0.019900
3 0.618162 0.955350 0.187988 0.011100
3 0.158177 0.952700 0.197395 0.008400
3 0.154342 0.791250 0.229088 0.009900
3 0.385962 0.785800 0.135456 0.018400
3 0.849493 0.779000 0.139219 0.016600
3 0.618452 0.790300 0.096237 0.010200
3 0.846527 0.638550 0.144573 0.019300
3 0.619682 0.636550 0.183502 0.011700
3 0.384009 0.644200 0.209986 0.010000
3 0.151375 0.644250 0.227207 0.010900
3 0.846310 0.227800 0.091462 0.009400
3 0.612373 0.227400 0.081187 0.008400
3 0.369320 0.227750 0.073806 0.008900
3 0.151230 0.226400 0.134588 0.010800
3 0.149566 0.499850 0.088712 0.009100
3 0.369392 0.500300 0.099132 0.009600
3 0.612446 0.500450 0.085384 0.008300
3 0.846454 0.499200 0.099276 0.010200
4 0.846310 0.796250 0.178582 0.017100
0 0.624674 0.737250 0.215195 0.138300
0 0.378654 0.741100 0.209696 0.144000
0 0.153690 0.742600 0.235601 0.142600
0 0.852098 0.593250 0.224602 0.149100
0 0.618307 0.591350 0.189725 0.137300
0 0.382706 0.592650 0.225615 0.150700
0 0.152171 0.593900 0.230246 0.146800
0 0.845803 0.448000 0.203039 0.134600
0 0.601085 0.449400 0.203039 0.129600
0 0.366136 0.459100 0.173372 0.112800
0 0.145224 0.448950 0.206802 0.133100
0 0.852822 0.313900 0.199711 0.128600
0 0.605933 0.314150 0.208683 0.128300
0 0.146237 0.317150 0.218379 0.122300
0 0.863893 0.182850 0.191462 0.119100
0 0.613097 0.178500 0.194935 0.125400
0 0.370043 0.178650 0.197106 0.125700
0 0.136686 0.180150 0.209696 0.125700
4 0.846961 0.236800 0.103184 0.008000
4 0.611216 0.236200 0.117945 0.008600
4 0.368596 0.236800 0.110275 0.008000
4 0.149855 0.236400 0.170043 0.007600
4 0.846020 0.372800 0.152533 0.007800
4 0.612301 0.373200 0.120695 0.007400
4 0.368886 0.373000 0.202026 0.008200
4 0.149204 0.372850 0.097829 0.008100
4 0.149349 0.509500 0.140087 0.008800
4 0.369899 0.509650 0.147612 0.008500
4 0.612084 0.508850 0.147178 0.008900
4 0.846020 0.509300 0.098408 0.007800
4 0.846310 0.658150 0.162373 0.016500
4 0.620478 0.650800 0.141389 0.016400
4 0.384009 0.658450 0.144863 0.016900
4 0.150941 0.658300 0.189291 0.016200
4 0.154052 0.804650 0.188857 0.016100
4 0.383936 0.803300 0.187844 0.016200
4 0.618958 0.800350 0.125326 0.008500
4 0.841027 0.969150 0.167438 0.015500
4 0.616281 0.969250 0.170912 0.015900
4 0.371925 0.966000 0.165847 0.016600
4 0.157453 0.966150 0.166715 0.016100
1 0.710203 0.759550 0.028220 0.007900
2 0.305572 0.619850 0.060926 0.018700
2 0.560420 0.774000 0.064110 0.019200
2 0.674240 0.773450 0.063097 0.018100
5 0.348770 0.620450 0.024023 0.018300
5 0.604197 0.773900 0.022865 0.019000
5 0.716281 0.773500 0.023010 0.018400
