5 0.882357 0.931350 0.049089 0.028100
5 0.483008 0.927900 0.043359 0.027800
4 0.378320 0.745050 0.196745 0.011100
5 0.884049 0.701150 0.044661 0.026500
0 0.305143 0.655600 0.368620 0.194600
1 0.416732 0.232350 0.061849 0.017700
1 0.861393 0.898450 0.061589 0.016500
5 0.906315 0.264350 0.047266 0.027100
3 0.385156 0.955650 0.229167 0.013700
3 0.804036 0.729000 0.201042 0.018000
2 0.593034 0.484250 0.111589 0.037900
4 0.393294 0.970900 0.208203 0.011000
2 0.825781 0.259550 0.110677 0.036900
0 0.280990 0.220450 0.364583 0.190300
3 0.345573 0.729250 0.260677 0.014500
4 0.541146 0.531950 0.320312 0.011100
3 0.534701 0.517350 0.330599 0.015700
4 0.809440 0.307250 0.221224 0.012100
3 0.790951 0.292550 0.261589 0.016700
5 0.463737 0.700700 0.041276 0.024800
0 0.776628 0.653800 0.262109 0.201000
0 0.284505 0.879600 0.444531 0.200200
0 0.745443 0.877400 0.362500 0.215800
0 0.490430 0.450200 0.423568 0.180600
4 0.347005 0.307300 0.208073 0.012000
3 0.321940 0.291200 0.258984 0.017000
3 0.795703 0.957550 0.199219 0.016100
4 0.797266 0.974300 0.196875 0.010200
2 0.356510 0.259750 0.110937 0.036500
2 0.803190 0.696600 0.111068 0.035800
2 0.382357 0.696800 0.109505 0.036600
1 0.443685 0.669400 0.057943 0.016400
0 0.738411 0.226250 0.386198 0.188300
2 0.401628 0.922100 0.110547 0.034400
2 0.800911 0.926400 0.110677 0.038400
1 0.653711 0.455750 0.057422 0.016900
5 0.438346 0.264200 0.046745 0.027200
5 0.674740 0.488700 0.045052 0.028400
4 0.794857 0.744400 0.207161 0.010800
1 0.863542 0.668900 0.060156 0.017600
1 0.883398 0.232100 0.058464 0.016400
1 0.461849 0.894500 0.061198 0.017400
