0 0.491917 0.867832 0.297001 0.211988
0 0.177705 0.427323 0.300913 0.217882
0 0.252412 0.204695 0.462060 0.220579
4 0.249218 0.747303 0.143286 0.010290
4 0.544198 0.529770 0.179661 0.010989
2 0.253585 0.917982 0.154889 0.035764
1 0.285789 0.671079 0.061017 0.016484
1 0.926728 0.454246 0.062581 0.018182
0 0.496219 0.433666 0.294654 0.212388
0 0.814537 0.432717 0.311473 0.210290
0 0.177184 0.650450 0.303781 0.213986
1 0.433377 0.229221 0.061017 0.018282
2 0.853651 0.918132 0.155020 0.036663
3 0.590808 0.950949 0.083051 0.013187
2 0.560821 0.918182 0.154237 0.036164
3 0.565580 0.731768 0.128031 0.013187
3 0.350196 0.289710 0.233116 0.014985
3 0.840743 0.290659 0.222555 0.017882
4 0.542373 0.966434 0.184094 0.010589
3 0.851825 0.730719 0.199870 0.016484
2 0.888266 0.481119 0.153325 0.033367
1 0.596349 0.670579 0.061538 0.016683
0 0.494589 0.649750 0.301825 0.213586
0 0.793677 0.869830 0.278096 0.211588
2 0.247784 0.698851 0.155280 0.036663
2 0.856845 0.700000 0.110821 0.037163
0 0.186245 0.869780 0.302347 0.209091
2 0.535202 0.699201 0.112386 0.037163
4 0.841265 0.306044 0.223338 0.011489
4 0.207432 0.965884 0.244329 0.010889
5 0.453585 0.263137 0.045111 0.031169
4 0.360235 0.306344 0.214081 0.011688
3 0.571317 0.514935 0.123598 0.014885
2 0.560821 0.481968 0.154498 0.037263
3 0.889374 0.514635 0.144329 0.013287
1 0.599283 0.453297 0.061930 0.016484
1 0.284289 0.449800 0.061147 0.015884
4 0.229922 0.526124 0.181617 0.011688
5 0.618449 0.704645 0.046545 0.029071
3 0.863755 0.951648 0.126467 0.015584
4 0.544915 0.747502 0.171447 0.011089
3 0.252151 0.951399 0.150717 0.014086
3 0.270860 0.730569 0.105737 0.015984
4 0.833638 0.965934 0.187484 0.011988
4 0.874185 0.530070 0.171578 0.012188
4 0.869752 0.746204 0.161930 0.012088
1 0.917210 0.229670 0.062842 0.017383
0 0.739505 0.208292 0.440417 0.213786
3 0.216884 0.511189 0.202216 0.014186
2 0.245502 0.478921 0.154107 0.037163
2 0.878814 0.257942 0.154237 0.036364
5 0.938266 0.704096 0.047849 0.029171
0 0.814798 0.651349 0.306519 0.215185
1 0.892894 0.890060 0.060365 0.017083
1 0.291917 0.890410 0.059452 0.017582
1 0.916688 0.671528 0.062060 0.018382
1 0.598892 0.890010 0.061408 0.018182
2 0.373012 0.257343 0.109778 0.034765
