1 0.423766 0.226300 0.060779 0.017000
2 0.255130 0.917550 0.152338 0.036300
5 0.923312 0.254950 0.048182 0.029100
0 0.495000 0.424450 0.303506 0.214900
1 0.902597 0.221800 0.063636 0.019000
5 0.619545 0.481500 0.045584 0.029600
5 0.445649 0.259800 0.044026 0.027600
1 0.600519 0.888900 0.061039 0.017200
0 0.249935 0.648400 0.436234 0.209200
0 0.494740 0.869700 0.299610 0.207800
2 0.389286 0.697550 0.152078 0.036900
4 0.861104 0.522300 0.193896 0.010800
2 0.884935 0.475000 0.152987 0.036000
3 0.580130 0.507550 0.109091 0.015500
4 0.252857 0.521400 0.118442 0.008800
4 0.868312 0.297450 0.133247 0.011100
3 0.570000 0.948650 0.141039 0.013900
4 0.246299 0.965050 0.167662 0.012300
1 0.921364 0.666350 0.062727 0.019100
1 0.294416 0.889200 0.061039 0.018400
0 0.809935 0.859850 0.310000 0.190700
1 0.916753 0.871800 0.062338 0.016800
1 0.924870 0.447200 0.062727 0.019000
3 0.899740 0.933200 0.107013 0.012600
2 0.538571 0.476100 0.108831 0.037200
2 0.217208 0.474800 0.110260 0.036000
2 0.364870 0.254250 0.110260 0.035500
3 0.914156 0.507750 0.087273 0.014700
4 0.518896 0.522600 0.229740 0.011400
3 0.883636 0.726450 0.148052 0.012100
4 0.567662 0.965600 0.131169 0.010400
1 0.426364 0.669150 0.060779 0.018100
5 0.298175 0.478160 0.042844 0.029100
0 0.183896 0.421700 0.294805 0.213800
0 0.254156 0.205250 0.448052 0.211900
0 0.729610 0.201450 0.443896 0.222900
0 0.185974 0.870300 0.293766 0.206000
4 0.873182 0.741400 0.165325 0.011000
3 0.287662 0.950500 0.082597 0.011400
2 0.884610 0.695150 0.153896 0.036700
0 0.816234 0.426400 0.293766 0.209000
1 0.277597 0.446100 0.063247 0.018800
2 0.560974 0.916500 0.154156 0.036000
4 0.379091 0.745300 0.167273 0.009800
3 0.359286 0.729250 0.205844 0.014500
1 0.600130 0.448050 0.059481 0.016700
5 0.936818 0.904200 0.047143 0.030000
4 0.855974 0.947750 0.191429 0.010100
3 0.364545 0.286250 0.190909 0.014100
4 0.366753 0.302950 0.184416 0.012300
2 0.842208 0.249450 0.110909 0.035100
3 0.888766 0.280600 0.094675 0.015600
0 0.754351 0.646150 0.418312 0.207500
3 0.253896 0.506550 0.117403 0.013700
2 0.857597 0.899600 0.105844 0.036800
