3 0.520157 0.516850 0.239791 0.016700
1 0.292736 0.456400 0.059555 0.018800
5 0.313678 0.488650 0.047775 0.031100
3 0.178010 0.516250 0.300262 0.016900
4 0.218979 0.531800 0.217801 0.010400
1 0.605759 0.456550 0.059948 0.019100
1 0.490510 0.229650 0.061911 0.018700
5 0.626047 0.488350 0.047382 0.030500
0 0.341754 0.235100 0.387958 0.153600
4 0.831741 0.305400 0.166885 0.011400
3 0.819372 0.516400 0.292670 0.013400
5 0.939791 0.488650 0.047644 0.030500
4 0.448233 0.304700 0.152225 0.010800
5 0.510406 0.261400 0.047513 0.030200
3 0.415707 0.289850 0.217539 0.014500
1 0.878665 0.230050 0.059948 0.018900
4 0.561387 0.531450 0.161518 0.010500
1 0.918783 0.456400 0.059555 0.017400
2 0.232723 0.483600 0.109686 0.035400
2 0.817801 0.257300 0.108639 0.035400
2 0.859097 0.483300 0.109031 0.036000
0 0.765510 0.233500 0.326571 0.158600
2 0.430170 0.256750 0.110079 0.035500
2 0.545484 0.483750 0.109031 0.035300
0 0.182461 0.431050 0.314660 0.217300
0 0.818652 0.430200 0.296990 0.220400
0 0.511715 0.429900 0.280759 0.218600
3 0.802094 0.290200 0.225131 0.014800
5 0.899280 0.262950 0.047513 0.030900
4 0.860275 0.531800 0.208246 0.011800
