5 0.942258 0.487263 0.046581 0.031269
1 0.296903 0.900150 0.061161 0.018681
5 0.940387 0.709940 0.046968 0.030270
1 0.919355 0.677223 0.060129 0.018981
4 0.570000 0.753347 0.158323 0.010789
3 0.574323 0.737313 0.143742 0.014685
5 0.633355 0.709990 0.048645 0.032567
1 0.612387 0.677423 0.060129 0.018781
4 0.244387 0.752448 0.177032 0.009990
3 0.237032 0.737263 0.193032 0.016583
5 0.318258 0.709640 0.047871 0.031868
4 0.234581 0.975475 0.196903 0.012288
1 0.613677 0.899800 0.058581 0.018382
4 0.402968 0.309790 0.177548 0.010789
3 0.404194 0.293307 0.173548 0.015784
5 0.475871 0.265784 0.046710 0.030070
1 0.455097 0.233816 0.060645 0.019081
0 0.539032 0.662088 0.248903 0.199500
0 0.821484 0.655994 0.289161 0.212088
5 0.634387 0.932517 0.048129 0.030869
0 0.825290 0.449101 0.288774 0.180519
0 0.202839 0.653397 0.287484 0.214885
5 0.927484 0.930420 0.048258 0.031269
3 0.845097 0.957592 0.192645 0.016284
1 0.906903 0.897403 0.060774 0.018981
4 0.558903 0.976224 0.180258 0.011389
0 0.218129 0.878272 0.253290 0.213287
0 0.530839 0.881668 0.261419 0.203497
1 0.920774 0.455045 0.060129 0.018382
4 0.566387 0.532168 0.168387 0.011389
3 0.559161 0.516384 0.177419 0.017383
5 0.633548 0.488412 0.047226 0.030569
5 0.315355 0.486663 0.047226 0.030270
1 0.295484 0.454246 0.060903 0.018781
2 0.395484 0.260589 0.108129 0.035465
2 0.237097 0.704496 0.109032 0.035764
2 0.553806 0.927073 0.108645 0.036563
2 0.845355 0.924875 0.109548 0.036563
3 0.195935 0.513986 0.268258 0.014186
0 0.200000 0.430519 0.281806 0.216484
3 0.883613 0.736813 0.140903 0.016683
4 0.885161 0.753147 0.140903 0.010589
4 0.805355 0.310140 0.175355 0.011289
1 0.298000 0.677173 0.060774 0.019481
4 0.870645 0.531069 0.173290 0.011588
3 0.843290 0.514535 0.225935 0.013886
1 0.613742 0.455994 0.060774 0.018282
4 0.221935 0.530869 0.217290 0.011988
2 0.858968 0.704595 0.107871 0.036164
2 0.236452 0.927323 0.109290 0.036464
2 0.552258 0.704346 0.107871 0.036064
3 0.217226 0.960390 0.233161 0.017083
0 0.349419 0.213287 0.307097 0.208392
0 0.511097 0.430919 0.298839 0.217283
3 0.802968 0.293906 0.179355 0.014985
1 0.857613 0.233916 0.060258 0.019281
5 0.317290 0.932118 0.047742 0.031269
3 0.529032 0.961039 0.238452 0.016384
0 0.782258 0.208342 0.250194 0.221279
0 0.834258 0.878921 0.237548 0.206194
4 0.864516 0.973277 0.155871 0.012887
2 0.797484 0.260689 0.108774 0.035864
2 0.861484 0.482068 0.109290 0.036264
2 0.553226 0.483367 0.108516 0.036264
2 0.235548 0.481768 0.108774 0.036264
5 0.878645 0.266034 0.048645 0.031568
