4 0.531593 0.967650 0.210444 0.011300
2 0.770692 0.267400 0.110574 0.036800
4 0.225326 0.967150 0.169974 0.012700
2 0.207441 0.919500 0.110444 0.036200
5 0.852350 0.271900 0.050914 0.029400
4 0.611619 0.315650 0.536554 0.014300
5 0.289413 0.924880 0.049373 0.033200
2 0.850653 0.919500 0.111488 0.036800
5 0.613577 0.923900 0.049086 0.033200
3 0.499347 0.951750 0.273107 0.017500
2 0.533355 0.919150 0.110313 0.035900
0 0.259073 0.441800 0.318668 0.208200
4 0.760574 0.536150 0.357702 0.013100
3 0.725457 0.519000 0.427937 0.015800
1 0.885901 0.459750 0.063185 0.017900
0 0.721149 0.443700 0.450653 0.202200
3 0.541710 0.299950 0.676632 0.015700
0 0.268603 0.656750 0.386815 0.208700
0 0.722063 0.660700 0.460574 0.208000
2 0.824282 0.487450 0.111749 0.037500
5 0.906005 0.491850 0.051175 0.032100
2 0.309073 0.488000 0.110574 0.038600
5 0.390601 0.491900 0.050131 0.030800
3 0.302089 0.519200 0.208616 0.017400
2 0.352611 0.704400 0.111227 0.037800
2 0.838381 0.706800 0.109922 0.037800
3 0.764621 0.739100 0.352742 0.015600
4 0.803590 0.754950 0.278721 0.012500
0 0.802415 0.887300 0.312402 0.175200
0 0.501371 0.878550 0.283420 0.193300
4 0.822846 0.967000 0.259530 0.011600
3 0.800849 0.952150 0.302742 0.016500
5 0.931658 0.923050 0.048433 0.028500
0 0.537990 0.237900 0.689817 0.172200
1 0.269452 0.891200 0.062141 0.018600
0 0.209269 0.880600 0.236292 0.195200
1 0.912337 0.890450 0.064099 0.018900
5 0.919517 0.711300 0.050261 0.031000
1 0.898368 0.678400 0.064099 0.019600
4 0.364752 0.752000 0.174935 0.012800
3 0.328786 0.736700 0.239034 0.017000
5 0.434726 0.709700 0.048825 0.033200
1 0.414491 0.676650 0.062663 0.018500
4 0.324935 0.536700 0.164752 0.013800
1 0.593473 0.891450 0.062141 0.018900
3 0.219125 0.950800 0.181593 0.017600
1 0.831984 0.239450 0.062924 0.018900
1 0.369125 0.459000 0.062533 0.019400
