5 0.945992 0.491950 0.052037 0.032100
1 0.241393 0.892250 0.063075 0.019500
1 0.714849 0.459050 0.063601 0.019500
4 0.886925 0.534250 0.150460 0.012300
1 0.819251 0.242700 0.062418 0.018600
0 0.722339 0.227000 0.287254 0.201200
4 0.341459 0.317750 0.163075 0.014500
3 0.329041 0.302500 0.188173 0.015800
1 0.387385 0.242100 0.063075 0.019000
1 0.924770 0.459100 0.062418 0.018600
0 0.876281 0.445750 0.194612 0.195700
4 0.784297 0.318150 0.144678 0.013500
3 0.755388 0.301650 0.200920 0.015700
5 0.839290 0.275550 0.049671 0.032100
0 0.401051 0.660800 0.208410 0.203400
4 0.628252 0.963050 0.150854 0.010700
1 0.446255 0.892400 0.065440 0.020400
3 0.397109 0.951800 0.175558 0.017000
4 0.411235 0.969000 0.147306 0.010600
0 0.281472 0.219450 0.309593 0.215300
4 0.853614 0.957750 0.159264 0.025300
0 0.437516 0.442950 0.225099 0.198900
0 0.664389 0.444750 0.211564 0.192700
0 0.394087 0.877250 0.203942 0.196500
4 0.188699 0.967700 0.179238 0.013600
3 0.163601 0.952200 0.226807 0.015400
4 0.857556 0.751500 0.188699 0.011800
3 0.164652 0.714300 0.192904 0.030400
4 0.158739 0.746400 0.204731 0.029400
1 0.455388 0.661300 0.062943 0.017800
3 0.398357 0.728150 0.186991 0.032100
4 0.396189 0.753450 0.190539 0.012500
0 0.618988 0.659850 0.210907 0.213300
1 0.667871 0.677450 0.062943 0.018100
3 0.610315 0.737100 0.188042 0.013600
4 0.624704 0.753250 0.159264 0.014300
0 0.847109 0.658600 0.229829 0.203000
1 0.913732 0.677000 0.061892 0.018600
3 0.842116 0.737250 0.218528 0.014100
0 0.844612 0.870200 0.202234 0.202200
1 0.897306 0.859650 0.065046 0.018500
5 0.918068 0.892250 0.051117 0.034700
3 0.852891 0.927000 0.166754 0.030200
0 0.615112 0.895050 0.202365 0.149500
1 0.664323 0.888500 0.061629 0.017600
5 0.686005 0.921250 0.052957 0.032100
5 0.241130 0.679900 0.050723 0.033000
2 0.159133 0.674850 0.110381 0.036700
4 0.189093 0.534380 0.230223 0.011960
3 0.171485 0.518600 0.265440 0.016600
2 0.206899 0.487700 0.111038 0.037000
4 0.478187 0.534450 0.125624 0.011300
3 0.473587 0.518750 0.132457 0.014100
5 0.525296 0.492450 0.048752 0.030500
2 0.444744 0.486900 0.111564 0.037000
3 0.676216 0.519850 0.147963 0.014500
5 0.737385 0.492000 0.050591 0.031800
2 0.654008 0.487900 0.111958 0.036800
3 0.880092 0.519400 0.163338 0.015000
2 0.864126 0.487400 0.109067 0.037400
5 0.407950 0.275150 0.049277 0.030700
2 0.326741 0.270100 0.109724 0.036200
2 0.757884 0.270750 0.111564 0.037100
5 0.261038 0.926000 0.047700 0.031800
2 0.181012 0.921000 0.111564 0.037200
0 0.168003 0.877350 0.239028 0.197300
5 0.466754 0.925650 0.049409 0.030700
2 0.385611 0.921000 0.110775 0.036200
2 0.603942 0.916000 0.109593 0.037400
2 0.836137 0.887400 0.111432 0.036200
5 0.935348 0.709900 0.052300 0.030400
2 0.852825 0.705500 0.111432 0.037600
5 0.689093 0.710050 0.050460 0.031300
2 0.606439 0.705500 0.113798 0.036600
5 0.475624 0.694500 0.049277 0.033000
2 0.394415 0.689600 0.111564 0.037400
3 0.622930 0.947700 0.159133 0.016400
4 0.677004 0.533950 0.145335 0.011700
1 0.505322 0.459550 0.063995 0.018500
0 0.173784 0.443100 0.281603 0.198000
1 0.267214 0.459400 0.063995 0.019600
5 0.288239 0.492050 0.050591 0.032100
0 0.157030 0.661150 0.240736 0.203900
1 0.220368 0.647250 0.064915 0.017700
