1 0.817712 0.895300 0.058954 0.019600
4 0.256275 0.970450 0.161438 0.011100
0 0.506078 0.214900 0.286928 0.216800
0 0.828301 0.218100 0.272026 0.210800
0 0.212418 0.218250 0.256471 0.212100
5 0.622810 0.272200 0.047451 0.030200
3 0.561569 0.298600 0.148497 0.016600
4 0.768431 0.970850 0.190458 0.011100
4 0.553856 0.315550 0.167059 0.010500
2 0.854379 0.487500 0.108497 0.035200
1 0.602157 0.239650 0.060523 0.017100
0 0.343333 0.663550 0.418954 0.204100
0 0.750523 0.655800 0.304183 0.215000
0 0.234314 0.874000 0.231765 0.206800
0 0.677320 0.881400 0.398301 0.192400
0 0.223856 0.444700 0.352810 0.198600
0 0.811307 0.444350 0.301569 0.197700
1 0.291307 0.240000 0.060523 0.018400
5 0.312353 0.272000 0.048497 0.030000
3 0.259673 0.298800 0.157778 0.015800
4 0.247712 0.315500 0.179869 0.011800
0 0.530523 0.436450 0.244575 0.214500
5 0.874706 0.714450 0.046144 0.030700
3 0.236405 0.954650 0.203268 0.013900
3 0.719085 0.954300 0.291765 0.017000
1 0.918693 0.242250 0.058824 0.018100
5 0.939150 0.272500 0.045359 0.030200
3 0.874183 0.298200 0.157516 0.015200
4 0.863529 0.314950 0.177778 0.010300
1 0.350131 0.461000 0.060784 0.018400
5 0.371373 0.492450 0.047843 0.029700
3 0.247843 0.519600 0.302484 0.015800
4 0.223791 0.536250 0.347451 0.011100
1 0.603856 0.460500 0.060523 0.018600
5 0.624641 0.492400 0.046667 0.030200
3 0.530131 0.519850 0.238562 0.013900
4 0.554052 0.535950 0.191503 0.012900
1 0.915033 0.460950 0.061176 0.018900
5 0.935033 0.493000 0.048889 0.030000
3 0.840261 0.520050 0.220392 0.014500
4 0.888562 0.536550 0.124837 0.011100
1 0.503399 0.680800 0.059869 0.018600
5 0.524118 0.713100 0.046667 0.030200
3 0.373137 0.741750 0.330850 0.014500
4 0.371111 0.756550 0.337516 0.011700
1 0.854837 0.683000 0.060784 0.018400
3 0.862157 0.741550 0.076471 0.010700
4 0.854902 0.756050 0.088889 0.012100
1 0.302614 0.896000 0.060392 0.019400
2 0.757386 0.922600 0.108497 0.035400
2 0.231046 0.267050 0.108366 0.035500
2 0.542353 0.267400 0.108497 0.035800
2 0.858693 0.268200 0.100392 0.034200
2 0.290261 0.487450 0.108627 0.035300
2 0.544510 0.487450 0.108627 0.035300
2 0.443333 0.707600 0.108105 0.036000
2 0.794837 0.709650 0.107582 0.035100
2 0.242418 0.922300 0.108105 0.035200
5 0.322680 0.927650 0.047712 0.031500
5 0.838431 0.927250 0.047843 0.030900
