5 0.707624 0.552350 0.037500 0.029100
1 0.697047 0.529850 0.054258 0.014100
3 0.127885 0.781800 0.168407 0.011600
1 0.453091 0.731100 0.049588 0.012400
2 0.399245 0.753800 0.097390 0.029600
3 0.374038 0.780650 0.181044 0.011900
4 0.371085 0.794950 0.204808 0.012300
1 0.698626 0.732200 0.043681 0.011800
5 0.712294 0.754100 0.039148 0.029800
3 0.617170 0.782500 0.035440 0.011800
1 0.218613 0.184400 0.040247 0.010000
1 0.949245 0.185600 0.054258 0.013400
4 0.622321 0.250900 0.212775 0.010000
2 0.159409 0.755650 0.096566 0.030900
5 0.225343 0.755750 0.035852 0.028900
1 0.216277 0.733800 0.055632 0.014400
4 0.856868 0.618050 0.171703 0.020900
3 0.857830 0.601200 0.175275 0.011400
0 0.146841 0.364600 0.226648 0.149400
4 0.860989 0.974550 0.082967 0.010500
3 0.862088 0.963550 0.059066 0.009500
2 0.887294 0.936350 0.096291 0.030300
5 0.953503 0.936400 0.036401 0.029800
4 0.617308 0.975050 0.178846 0.009100
3 0.619918 0.964700 0.217582 0.010000
2 0.649451 0.929150 0.095330 0.030300
5 0.716346 0.928700 0.036538 0.030000
1 0.703159 0.906450 0.049176 0.011100
4 0.378846 0.975200 0.180220 0.009200
3 0.380495 0.963600 0.210989 0.013200
2 0.406868 0.929400 0.096703 0.030000
5 0.473420 0.927850 0.035852 0.028900
1 0.460371 0.906300 0.048764 0.011000
3 0.126923 0.951000 0.144505 0.014000
2 0.153228 0.926150 0.095742 0.030900
5 0.219574 0.925300 0.036401 0.028000
1 0.208036 0.903250 0.047940 0.011900
4 0.862637 0.795050 0.212088 0.010900
3 0.863874 0.781250 0.156868 0.012100
2 0.892308 0.757150 0.098626 0.031300
5 0.958104 0.755450 0.035165 0.030300
0 0.866277 0.363350 0.227335 0.168300
1 0.946909 0.733600 0.048489 0.012200
4 0.617033 0.794150 0.076648 0.011100
2 0.399931 0.206750 0.096841 0.032100
3 0.859890 0.239050 0.182692 0.012100
4 0.377198 0.437500 0.219231 0.021000
4 0.377404 0.618950 0.197665 0.020500
3 0.379327 0.417500 0.187225 0.014400
2 0.401168 0.387500 0.097115 0.030000
5 0.467995 0.387050 0.035165 0.030300
1 0.456181 0.364650 0.050000 0.012700
4 0.134409 0.433100 0.124863 0.011400
3 0.136401 0.420800 0.137912 0.011400
3 0.867720 0.403400 0.221429 0.024000
5 0.230701 0.395000 0.035027 0.029200
1 0.221223 0.373250 0.053434 0.012100
4 0.857761 0.256850 0.155082 0.020900
2 0.164973 0.395700 0.097253 0.030200
5 0.949382 0.371450 0.033654 0.028900
2 0.883929 0.371800 0.095330 0.029000
1 0.937706 0.350100 0.053159 0.012400
4 0.623901 0.431300 0.185165 0.011000
3 0.624245 0.418600 0.167995 0.013200
2 0.650824 0.388300 0.096703 0.030200
5 0.718269 0.387250 0.035714 0.030900
1 0.706181 0.364350 0.049725 0.012300
1 0.452885 0.184900 0.051648 0.012400
1 0.703709 0.184700 0.047253 0.012400
2 0.651580 0.206800 0.095192 0.029800
5 0.717170 0.206800 0.034890 0.029200
3 0.623695 0.238350 0.200412 0.013700
5 0.466003 0.206600 0.036951 0.029600
5 0.960165 0.208200 0.034890 0.030600
3 0.378434 0.601600 0.204945 0.013600
0 0.622665 0.905900 0.224176 0.151200
4 0.617788 0.623700 0.228434 0.030800
0 0.376236 0.728200 0.217582 0.151000
1 0.940453 0.913950 0.048214 0.012500
0 0.383516 0.910250 0.219231 0.140100
0 0.135371 0.724000 0.222115 0.152600
0 0.862843 0.551050 0.217170 0.161100
2 0.645000 0.755200 0.095742 0.031400
0 0.132005 0.898700 0.213736 0.163400
0 0.624107 0.173500 0.221016 0.166200
0 0.376030 0.547700 0.238049 0.172600
3 0.623146 0.588550 0.142995 0.036900
1 0.938187 0.551550 0.052747 0.013300
2 0.894368 0.208300 0.096429 0.030000
2 0.162775 0.563950 0.095330 0.032100
5 0.227679 0.563100 0.035577 0.031600
1 0.217720 0.541050 0.049176 0.010900
4 0.869918 0.432100 0.200275 0.030600
0 0.628434 0.730050 0.226374 0.154100
0 0.135234 0.177800 0.230082 0.177000
0 0.869918 0.178600 0.215659 0.177800
0 0.625000 0.357300 0.223352 0.159600
5 0.465522 0.752900 0.035989 0.029400
0 0.617788 0.550250 0.230632 0.180300
0 0.377541 0.173600 0.222390 0.165600
0 0.138599 0.551950 0.224725 0.183300
0 0.864080 0.744300 0.227060 0.115000
4 0.127473 0.794200 0.196154 0.009000
0 0.377129 0.362750 0.220192 0.173300
0 0.862706 0.908900 0.223214 0.148200
3 0.378915 0.238050 0.184753 0.012900
5 0.950206 0.573850 0.034203 0.029300
2 0.884135 0.573900 0.097390 0.029800
4 0.132967 0.256100 0.176099 0.020200
3 0.132486 0.239050 0.223489 0.011100
2 0.166003 0.206200 0.094918 0.030400
5 0.232005 0.206850 0.036264 0.028900
4 0.124245 0.967750 0.186401 0.019500
3 0.137431 0.594450 0.188874 0.023500
4 0.137431 0.625100 0.196016 0.034800
2 0.641827 0.552400 0.095467 0.029200
1 0.452060 0.542650 0.053022 0.012300
5 0.463462 0.564150 0.035714 0.028300
2 0.397596 0.565100 0.096841 0.031200
4 0.379396 0.250100 0.218132 0.009800
