1 0.385019 0.865700 0.064202 0.019000
1 0.882555 0.896100 0.063424 0.017400
0 0.695006 0.889900 0.471206 0.181600
3 0.235214 0.933900 0.379377 0.032600
0 0.239624 0.877500 0.398054 0.212200
4 0.871206 0.749550 0.165759 0.014500
5 0.937549 0.706000 0.048119 0.029000
0 0.840402 0.665950 0.267315 0.185300
4 0.524773 0.749500 0.213230 0.014200
3 0.521271 0.734400 0.219974 0.014400
0 0.511349 0.662350 0.263684 0.192500
4 0.197601 0.751650 0.246822 0.012700
0 0.189105 0.660600 0.284306 0.199600
0 0.302010 0.440350 0.315824 0.197300
4 0.778923 0.531150 0.255901 0.012500
3 0.755318 0.515350 0.301816 0.017900
0 0.752853 0.442300 0.332166 0.196800
4 0.873800 0.310150 0.164981 0.013100
3 0.868547 0.293250 0.181193 0.016300
1 0.917445 0.233200 0.063424 0.019000
0 0.766602 0.218900 0.397017 0.200400
4 0.365694 0.312200 0.266537 0.015800
3 0.347665 0.294800 0.296887 0.015800
5 0.475616 0.268700 0.052140 0.033200
1 0.454864 0.234400 0.062776 0.019000
0 0.333463 0.233900 0.354345 0.184000
1 0.596433 0.674250 0.061868 0.018900
1 0.284695 0.676100 0.062257 0.018800
1 0.870233 0.455800 0.062127 0.019000
1 0.409014 0.455050 0.061868 0.019100
1 0.916796 0.673950 0.063684 0.017500
4 0.760571 0.971650 0.320104 0.013100
3 0.691505 0.955650 0.454086 0.016900
2 0.535798 0.702800 0.110246 0.037800
3 0.200000 0.735950 0.243320 0.016900
4 0.243645 0.966450 0.356809 0.028100
5 0.407004 0.898850 0.049287 0.031100
2 0.322698 0.893700 0.115694 0.037000
5 0.902140 0.928350 0.049676 0.031900
2 0.855642 0.701700 0.112322 0.037600
5 0.617445 0.707050 0.049676 0.031500
2 0.821725 0.923800 0.108301 0.037000
5 0.305512 0.709350 0.048379 0.032300
4 0.356680 0.531300 0.171984 0.012600
3 0.335927 0.515900 0.208042 0.016200
5 0.428988 0.488150 0.048638 0.029300
5 0.889948 0.488200 0.046563 0.033200
2 0.808755 0.483900 0.109598 0.038600
5 0.938327 0.266250 0.048638 0.031300
2 0.858690 0.262050 0.109339 0.039700
2 0.347341 0.483700 0.112062 0.036400
2 0.393839 0.263750 0.111414 0.037500
2 0.224449 0.704350 0.110895 0.037700
3 0.843580 0.733900 0.221012 0.015800
