3 0.185751 0.942650 0.296114 0.016300
1 0.610363 0.456100 0.059326 0.019200
4 0.836788 0.973450 0.239896 0.010500
3 0.526813 0.271850 0.243264 0.030500
3 0.561788 0.516350 0.167358 0.017100
3 0.538083 0.715800 0.213990 0.030200
3 0.815220 0.294950 0.295207 0.016100
1 0.292228 0.456500 0.059326 0.018600
5 0.315868 0.268000 0.047021 0.030800
3 0.852461 0.491750 0.212953 0.031300
5 0.633225 0.236800 0.045984 0.030200
5 0.943264 0.456500 0.047409 0.030800
3 0.205699 0.713700 0.253109 0.032400
4 0.220207 0.744600 0.223834 0.026800
0 0.827461 0.433550 0.282642 0.211300
0 0.513472 0.210050 0.289637 0.216500
4 0.818912 0.312450 0.289119 0.012300
4 0.272604 0.532250 0.111010 0.012100
3 0.239896 0.516300 0.177461 0.016200
5 0.312694 0.488650 0.046891 0.030700
0 0.820142 0.211500 0.309456 0.220400
0 0.213342 0.215100 0.259067 0.210000
0 0.201231 0.432400 0.273705 0.215400
5 0.629793 0.679000 0.046891 0.030000
1 0.608873 0.646800 0.060492 0.018400
2 0.862694 0.451000 0.106218 0.036000
2 0.555376 0.892750 0.107642 0.035700
2 0.861658 0.925450 0.105440 0.037100
2 0.551231 0.483200 0.109974 0.036000
2 0.867358 0.262750 0.108549 0.036900
2 0.862889 0.704500 0.107642 0.036600
2 0.238925 0.910300 0.106865 0.035800
2 0.236010 0.262200 0.108031 0.036000
2 0.553756 0.231450 0.105959 0.034700
1 0.614767 0.866000 0.059845 0.018600
0 0.190285 0.867200 0.310881 0.203200
2 0.549093 0.673900 0.107513 0.036200
4 0.541386 0.965200 0.222150 0.027600
1 0.922798 0.897950 0.059326 0.018900
5 0.319041 0.915300 0.046632 0.030000
5 0.634974 0.898550 0.046632 0.030700
4 0.594041 0.531700 0.103886 0.011800
1 0.922992 0.424100 0.060233 0.018600
4 0.858938 0.523300 0.198964 0.027600
1 0.296244 0.645600 0.059585 0.019200
0 0.206865 0.653000 0.274093 0.214400
2 0.231671 0.483400 0.108161 0.036800
2 0.236528 0.672600 0.108290 0.035800
0 0.532124 0.432550 0.248705 0.215100
3 0.862111 0.736700 0.196244 0.017400
5 0.944430 0.709750 0.045337 0.031300
1 0.923446 0.677350 0.060622 0.018700
1 0.299158 0.883050 0.058938 0.018300
4 0.533873 0.746000 0.225518 0.027600
3 0.549806 0.932950 0.200389 0.028700
0 0.531541 0.874700 0.257902 0.213800
0 0.837759 0.871900 0.259456 0.218600
4 0.216904 0.960000 0.236399 0.012400
1 0.295596 0.235150 0.060363 0.018700
3 0.210363 0.295300 0.242228 0.015800
4 0.233225 0.310850 0.197280 0.012100
1 0.611982 0.204900 0.061010 0.020000
3 0.836140 0.958000 0.243264 0.015000
4 0.875518 0.752950 0.167358 0.012900
5 0.631282 0.488700 0.045984 0.030200
4 0.536723 0.303100 0.225259 0.027600
1 0.926554 0.235500 0.059585 0.018400
5 0.317228 0.677000 0.047668 0.030000
0 0.514378 0.662800 0.283679 0.198400
0 0.827137 0.653250 0.284067 0.214900
5 0.941451 0.929700 0.047668 0.031000
5 0.948251 0.268100 0.047798 0.030600
