3 0.341293 0.707200 0.163588 0.016400
2 0.323021 0.677100 0.114380 0.038000
4 0.340501 0.723300 0.164908 0.011400
0 0.292546 0.609750 0.334697 0.240300
5 0.625000 0.928050 0.050264 0.031300
3 0.499802 0.955900 0.301979 0.015800
4 0.544261 0.970850 0.210158 0.013100
2 0.215567 0.923200 0.112665 0.037000
5 0.298549 0.927700 0.049077 0.032200
2 0.543602 0.922700 0.110686 0.036400
2 0.848351 0.923350 0.112005 0.038100
0 0.768404 0.614850 0.330475 0.233500
2 0.825330 0.674650 0.112929 0.038100
5 0.906530 0.679100 0.048681 0.031000
4 0.827018 0.722085 0.190185 0.012630
4 0.854156 0.970500 0.192744 0.013000
3 0.841689 0.706400 0.160158 0.015400
0 0.499802 0.860300 0.304881 0.239600
5 0.405805 0.680350 0.048813 0.032100
0 0.195580 0.857300 0.269525 0.246600
3 0.199340 0.954450 0.236675 0.016900
4 0.195053 0.969900 0.245251 0.013000
1 0.605277 0.894950 0.060950 0.017900
1 0.278298 0.894950 0.063193 0.018500
1 0.910554 0.895200 0.063325 0.018600
3 0.861873 0.954500 0.177309 0.016600
5 0.929947 0.927300 0.048285 0.031000
0 0.829947 0.859150 0.256464 0.243300
1 0.385422 0.648250 0.062401 0.018500
1 0.886016 0.646300 0.063588 0.018600
