1 0.915269 0.454595 0.062516 0.017682
1 0.603539 0.236763 0.063172 0.018781
1 0.290498 0.237812 0.060944 0.018482
5 0.702425 0.705495 0.050721 0.032368
4 0.416972 0.749800 0.145872 0.011489
0 0.487221 0.878322 0.292661 0.197003
4 0.876147 0.740659 0.188991 0.027972
1 0.923788 0.641708 0.060682 0.018282
4 0.655242 0.747403 0.146134 0.012288
3 0.641678 0.732567 0.171691 0.014186
0 0.165269 0.888611 0.211009 0.170629
3 0.185649 0.950549 0.120446 0.015984
4 0.176016 0.965135 0.142595 0.011389
1 0.907012 0.236813 0.062779 0.018482
1 0.908388 0.891209 0.062647 0.019181
1 0.681324 0.672777 0.062779 0.018082
0 0.618021 0.690060 0.233159 0.131568
1 0.210026 0.672527 0.061468 0.017782
1 0.282896 0.453646 0.061468 0.017582
1 0.443381 0.673826 0.063696 0.018581
4 0.140957 0.748102 0.232372 0.012488
0 0.142267 0.648452 0.242857 0.215185
3 0.255177 0.513986 0.148624 0.013986
3 0.523722 0.513586 0.251638 0.013986
1 0.603277 0.453696 0.062910 0.018082
3 0.853932 0.513836 0.212189 0.016683
4 0.843054 0.312088 0.197510 0.011389
0 0.840498 0.211439 0.228309 0.215884
0 0.524246 0.210939 0.254260 0.225075
0 0.208126 0.210090 0.265007 0.223576
4 0.856946 0.967183 0.184404 0.012288
0 0.818873 0.889560 0.291219 0.180719
4 0.492333 0.965035 0.267497 0.011389
3 0.492333 0.948551 0.261730 0.018581
1 0.574181 0.888861 0.063958 0.018881
4 0.865138 0.530929 0.192398 0.013886
5 0.936107 0.488012 0.049672 0.032368
0 0.833748 0.434266 0.263565 0.210390
3 0.863237 0.296603 0.155832 0.015984
5 0.927326 0.269131 0.049148 0.030569
2 0.845937 0.265035 0.110485 0.036963
4 0.570118 0.312637 0.157274 0.013686
3 0.566186 0.295355 0.165924 0.016284
5 0.624771 0.270080 0.047969 0.030070
4 0.257012 0.312687 0.158585 0.011588
3 0.250852 0.296204 0.169856 0.016583
5 0.311140 0.269980 0.050328 0.029870
2 0.227851 0.265584 0.112058 0.036264
3 0.855570 0.950250 0.179554 0.018182
5 0.929292 0.923876 0.048624 0.030769
5 0.597117 0.921528 0.052163 0.032667
2 0.514417 0.917183 0.113499 0.037762
3 0.866055 0.710739 0.211009 0.029870
5 0.944692 0.674376 0.050328 0.030869
2 0.863827 0.669530 0.110616 0.036763
0 0.866776 0.652597 0.217693 0.206094
2 0.847051 0.918681 0.112975 0.036963
2 0.852425 0.483167 0.113237 0.038861
2 0.541809 0.265135 0.109830 0.037163
2 0.620970 0.700549 0.109830 0.037463
3 0.411927 0.733816 0.154391 0.016084
2 0.382569 0.701798 0.112189 0.036164
5 0.464286 0.706294 0.048886 0.031369
0 0.385321 0.690959 0.214417 0.137762
3 0.146986 0.731618 0.222412 0.015085
5 0.230275 0.705395 0.051376 0.033566
2 0.148689 0.701249 0.109174 0.038861
4 0.242529 0.529171 0.176802 0.011189
5 0.305033 0.486843 0.048650 0.030509
2 0.223460 0.481918 0.109830 0.037363
0 0.198558 0.432418 0.267104 0.209091
4 0.541232 0.529361 0.219397 0.011688
5 0.623853 0.487413 0.050590 0.031768
2 0.543119 0.482118 0.107995 0.037762
0 0.523526 0.433666 0.259371 0.209990
