5 0.497539 0.701100 0.045596 0.027000
5 0.472863 0.481700 0.042358 0.029000
1 0.887435 0.448000 0.060881 0.016400
1 0.377915 0.227150 0.059715 0.016700
1 0.466969 0.889000 0.061399 0.016200
1 0.477267 0.668750 0.061269 0.017700
4 0.378433 0.525200 0.223705 0.010200
5 0.396632 0.259150 0.049741 0.028900
5 0.485946 0.921600 0.044171 0.028400
5 0.881412 0.920550 0.043653 0.028900
4 0.404922 0.965600 0.193264 0.011400
3 0.345596 0.728350 0.340933 0.015500
4 0.831218 0.963700 0.130311 0.009000
0 0.744560 0.873600 0.324093 0.193200
0 0.292746 0.876050 0.438342 0.202500
4 0.334650 0.302250 0.155829 0.010700
3 0.839637 0.950150 0.111917 0.015500
3 0.791516 0.509200 0.257902 0.012600
0 0.805959 0.650550 0.279275 0.207700
0 0.314767 0.443300 0.369948 0.181000
0 0.272215 0.210000 0.304793 0.203800
1 0.901619 0.668350 0.060492 0.018100
5 0.906736 0.258400 0.044560 0.027400
5 0.906736 0.480300 0.045078 0.027600
3 0.829728 0.728650 0.214637 0.012100
4 0.840155 0.743300 0.191710 0.009800
5 0.922021 0.700700 0.044560 0.026600
3 0.363342 0.508850 0.256736 0.013700
4 0.809974 0.525750 0.222280 0.011900
4 0.846373 0.302850 0.150000 0.010100
2 0.826749 0.476750 0.109974 0.034100
3 0.319948 0.287200 0.184715 0.013000
2 0.840738 0.696200 0.109456 0.036000
2 0.314443 0.253750 0.105311 0.036500
2 0.801684 0.916000 0.108549 0.035600
2 0.416969 0.697250 0.109585 0.034500
2 0.826101 0.254400 0.109456 0.035800
4 0.360557 0.745250 0.309715 0.010500
3 0.382513 0.948500 0.238860 0.015800
0 0.763433 0.211170 0.337306 0.197900
0 0.749547 0.452900 0.362565 0.165200
0 0.305894 0.657100 0.430699 0.195000
2 0.394495 0.477200 0.111269 0.038600
3 0.818523 0.287350 0.203109 0.014500
2 0.407966 0.916850 0.107902 0.035500
1 0.862047 0.887800 0.061140 0.017600
1 0.886269 0.226850 0.060104 0.016900
1 0.455117 0.448200 0.058938 0.017000
