5 0.920263 0.273800 0.052895 0.030600
2 0.838816 0.270000 0.110789 0.036600
0 0.743289 0.222350 0.408947 0.203700
2 0.340132 0.922450 0.107895 0.035900
5 0.420395 0.926700 0.050263 0.030000
0 0.783882 0.445700 0.332237 0.193600
2 0.841316 0.486850 0.109737 0.036100
3 0.361513 0.953150 0.145395 0.016300
2 0.840197 0.922050 0.110658 0.038100
4 0.855987 0.968700 0.168816 0.013000
2 0.339664 0.269980 0.113013 0.036700
3 0.857632 0.953700 0.161316 0.017000
4 0.548947 0.765700 0.193684 0.012600
3 0.543553 0.750250 0.203947 0.017500
5 0.629539 0.722600 0.049342 0.031400
2 0.548947 0.718350 0.108421 0.037500
5 0.420461 0.492450 0.050395 0.030500
4 0.347829 0.534850 0.175921 0.012100
2 0.338092 0.487600 0.112763 0.037800
0 0.255395 0.453900 0.391053 0.178000
5 0.921974 0.490850 0.049737 0.029900
0 0.281711 0.216750 0.330789 0.218700
1 0.901513 0.459400 0.062237 0.018600
1 0.609934 0.690050 0.062237 0.017900
1 0.902500 0.893650 0.062895 0.018700
4 0.362632 0.970050 0.147632 0.011100
1 0.399276 0.894400 0.061447 0.019000
0 0.290197 0.877450 0.321974 0.200300
3 0.806513 0.517600 0.259342 0.017200
4 0.867632 0.315700 0.134474 0.011000
3 0.866382 0.300700 0.140132 0.015800
1 0.899211 0.241850 0.062632 0.018100
0 0.790461 0.876200 0.316711 0.199600
3 0.317303 0.519250 0.252500 0.017900
1 0.399342 0.458850 0.062895 0.017300
5 0.921776 0.926350 0.050132 0.028300
4 0.329079 0.318000 0.220000 0.014000
3 0.301250 0.300400 0.277763 0.016800
5 0.420789 0.273200 0.047105 0.032200
4 0.826776 0.534350 0.223553 0.012700
0 0.511513 0.659950 0.291184 0.225900
1 0.402566 0.241850 0.063026 0.018700
