2 0.558592 0.695650 0.155168 0.038100
0 0.492506 0.417500 0.300258 0.215200
2 0.560207 0.467850 0.161499 0.038500
5 0.615310 0.471350 0.050258 0.031300
3 0.583140 0.497650 0.097028 0.018900
4 0.565245 0.515600 0.139535 0.013200
0 0.178359 0.639750 0.298579 0.216900
2 0.245478 0.691700 0.156331 0.037200
5 0.301873 0.696900 0.045607 0.032200
3 0.276809 0.723200 0.089018 0.018600
4 0.247222 0.738750 0.146899 0.012700
0 0.497804 0.641300 0.308527 0.216600
1 0.597093 0.667100 0.062403 0.019600
0 0.181977 0.194850 0.291344 0.212900
5 0.299871 0.251400 0.049871 0.031000
3 0.201292 0.278850 0.231783 0.018500
4 0.202649 0.294350 0.233204 0.010300
0 0.495801 0.194350 0.305556 0.212700
2 0.567571 0.246100 0.156331 0.037200
3 0.587791 0.278300 0.108915 0.019000
4 0.564922 0.294600 0.158010 0.010000
1 0.282171 0.218000 0.062532 0.019600
2 0.244057 0.246450 0.157364 0.037700
1 0.607623 0.217450 0.061499 0.019300
1 0.294638 0.443450 0.062661 0.018500
1 0.596641 0.438400 0.061757 0.018400
1 0.283463 0.663750 0.061499 0.018100
1 0.904587 0.884150 0.062403 0.019300
4 0.283204 0.519250 0.099483 0.011700
3 0.268605 0.502900 0.122997 0.017200
5 0.313372 0.475800 0.047416 0.029000
2 0.257429 0.471700 0.158010 0.036200
0 0.184561 0.417550 0.299354 0.215300
4 0.538372 0.743350 0.190698 0.011300
0 0.179716 0.863900 0.308527 0.216600
1 0.292636 0.885400 0.064599 0.019600
2 0.253941 0.913700 0.155943 0.037000
3 0.218152 0.944950 0.217700 0.020100
4 0.201938 0.962850 0.251421 0.012500
0 0.496641 0.866650 0.297158 0.213700
1 0.597222 0.891500 0.062145 0.019200
2 0.560013 0.919800 0.152842 0.036800
5 0.617636 0.924050 0.050000 0.031500
1 0.915568 0.666450 0.061628 0.018300
2 0.876809 0.695450 0.156718 0.039100
5 0.617119 0.699950 0.050775 0.031700
3 0.551098 0.727600 0.162403 0.017400
4 0.864276 0.518450 0.192636 0.012700
3 0.911628 0.504550 0.093023 0.014900
2 0.882364 0.471100 0.162145 0.039400
1 0.921641 0.441400 0.064987 0.019000
5 0.811628 0.306200 0.304651 0.440600
4 0.864987 0.742800 0.173643 0.012400
3 0.898320 0.727450 0.112145 0.014300
0 0.808592 0.640400 0.298579 0.217000
4 0.820349 0.961550 0.240698 0.013300
3 0.870478 0.944300 0.148708 0.018000
2 0.866344 0.913400 0.158786 0.037600
0 0.806718 0.864500 0.282171 0.212200
4 0.558850 0.966200 0.142248 0.012600
3 0.590116 0.951500 0.085401 0.016000
