0 0.172287 0.911350 0.264110 0.130300
0 0.853329 0.607300 0.212301 0.174600
0 0.496599 0.767200 0.259479 0.127000
3 0.850145 0.671450 0.153546 0.010100
3 0.617438 0.672000 0.127786 0.011600
3 0.789797 0.818150 0.136758 0.009500
4 0.789146 0.828000 0.206946 0.008000
3 0.491679 0.815750 0.176700 0.010900
4 0.500217 0.825750 0.249349 0.008500
4 0.123517 0.477050 0.167728 0.006700
0 0.414399 0.409700 0.401013 0.158200
4 0.413097 0.476800 0.290159 0.017400
4 0.149783 0.687850 0.228654 0.016500
3 0.150507 0.668050 0.175687 0.019500
0 0.150072 0.602050 0.238784 0.194100
3 0.122793 0.300400 0.127207 0.009200
3 0.316064 0.301300 0.089436 0.008400
4 0.124530 0.312400 0.085239 0.014800
4 0.883647 0.476850 0.095514 0.015500
3 0.501954 0.301500 0.075977 0.007400
0 0.883864 0.416450 0.156151 0.142100
0 0.880608 0.262200 0.176845 0.121800
3 0.882417 0.300550 0.075977 0.008100
2 0.866425 0.646950 0.082200 0.024900
1 0.866860 0.766150 0.046889 0.010300
1 0.595658 0.772750 0.045441 0.010100
2 0.821708 0.783800 0.082200 0.025000
2 0.550289 0.789900 0.080897 0.024600
2 0.716425 0.439300 0.081476 0.023800
5 0.943198 0.441550 0.028799 0.024100
5 0.950289 0.277850 0.027352 0.024500
5 0.110058 0.279100 0.023010 0.019400
5 0.386107 0.275800 0.030391 0.024800
5 0.207164 0.278800 0.023878 0.020200
5 0.482417 0.646000 0.029957 0.023400
5 0.575904 0.274950 0.027931 0.024500
5 0.750289 0.275800 0.028220 0.024800
5 0.640810 0.941650 0.030391 0.025100
5 0.248408 0.783800 0.030825 0.023600
5 0.285673 0.930450 0.031259 0.024700
0 0.152967 0.770650 0.224891 0.145100
1 0.632923 0.923750 0.045297 0.010500
5 0.771708 0.439300 0.029957 0.023800
2 0.889219 0.441600 0.081187 0.024200
5 0.249204 0.639300 0.029812 0.025000
5 0.174819 0.437700 0.029522 0.023600
5 0.593054 0.436450 0.028365 0.023700
5 0.876266 0.783400 0.028944 0.024200
5 0.921201 0.647050 0.028799 0.025100
5 0.911939 0.936650 0.027931 0.024900
5 0.604414 0.790050 0.029378 0.024300
5 0.716860 0.643550 0.027352 0.024300
1 0.903184 0.918400 0.046889 0.011400
1 0.473372 0.628350 0.045441 0.011300
2 0.520333 0.274800 0.082634 0.024800
2 0.695876 0.276050 0.081187 0.024500
2 0.896165 0.277800 0.082344 0.024400
1 0.741027 0.258000 0.047612 0.010600
2 0.330897 0.274700 0.081766 0.025400
4 0.500724 0.310800 0.108828 0.007200
0 0.690521 0.244750 0.178437 0.160700
3 0.690666 0.300650 0.161071 0.009700
4 0.883068 0.310600 0.117221 0.007600
4 0.688857 0.314450 0.107959 0.015900
0 0.710203 0.408400 0.187410 0.158200
0 0.504631 0.249300 0.179161 0.148400
0 0.126122 0.253600 0.186252 0.140400
0 0.314038 0.257200 0.178292 0.132400
3 0.709334 0.464250 0.113893 0.015100
0 0.388567 0.602700 0.225470 0.187400
3 0.382779 0.671300 0.204052 0.009800
4 0.851013 0.685800 0.141389 0.016800
4 0.383068 0.685750 0.158900 0.017100
0 0.789870 0.765100 0.217366 0.139400
0 0.625687 0.605250 0.213748 0.165900
4 0.817511 0.971250 0.173372 0.008500
3 0.818017 0.960500 0.097974 0.009800
0 0.503835 0.905800 0.306657 0.141400
0 0.811577 0.911350 0.234732 0.131900
3 0.149421 0.817600 0.169465 0.010800
2 0.194863 0.784000 0.080318 0.024000
1 0.277858 0.911750 0.046599 0.012300
1 0.240304 0.765950 0.044428 0.011700
2 0.232706 0.930300 0.079884 0.024800
1 0.912229 0.629050 0.047902 0.010700
2 0.586903 0.941650 0.081476 0.025300
2 0.857887 0.936550 0.081910 0.024900
2 0.162518 0.278850 0.065991 0.020100
4 0.172069 0.970200 0.256151 0.008000
4 0.149928 0.832000 0.209841 0.016000
4 0.501013 0.971350 0.279884 0.008500
3 0.503473 0.960400 0.188423 0.010800
3 0.167873 0.959250 0.158032 0.011100
1 0.376773 0.257500 0.048770 0.011400
3 0.411288 0.462850 0.356295 0.011100
4 0.708032 0.479200 0.127207 0.013600
3 0.118596 0.465150 0.097685 0.016300
0 0.123951 0.409650 0.179595 0.156500
4 0.311360 0.311300 0.130970 0.007800
4 0.617366 0.681400 0.190738 0.007600
3 0.886831 0.463350 0.076411 0.007500
2 0.427786 0.646050 0.081621 0.024300
2 0.662373 0.643500 0.081331 0.024400
1 0.705716 0.625250 0.047033 0.010900
2 0.121274 0.437800 0.080753 0.024200
2 0.538857 0.436500 0.081766 0.024000
1 0.200289 0.264550 0.035890 0.008500
2 0.066715 0.279100 0.066281 0.019600
1 0.102750 0.265200 0.037627 0.007800
1 0.565630 0.256400 0.047612 0.011600
1 0.165630 0.420050 0.045007 0.011500
1 0.940955 0.259900 0.046020 0.011400
1 0.934515 0.423850 0.046165 0.010900
1 0.762012 0.421700 0.045297 0.011400
1 0.240232 0.621300 0.046599 0.011200
2 0.194645 0.639250 0.081331 0.024700
1 0.584443 0.418900 0.046744 0.011200
