4 0.844428 0.246550 0.165847 0.015300
1 0.912373 0.479350 0.048480 0.011300
5 0.213965 0.926900 0.029378 0.024200
1 0.703763 0.480600 0.044573 0.010400
1 0.472576 0.492000 0.036035 0.008200
1 0.345948 0.490600 0.036903 0.008800
2 0.866281 0.496800 0.079884 0.023600
2 0.309913 0.504700 0.064399 0.019400
2 0.657453 0.497900 0.081621 0.024200
4 0.849059 0.393650 0.209551 0.016300
0 0.143560 0.471200 0.218524 0.135800
0 0.846310 0.178800 0.226628 0.152600
5 0.910781 0.917000 0.043271 0.036800
5 0.920912 0.496650 0.029957 0.023300
5 0.712012 0.497950 0.028365 0.024100
5 0.352894 0.504600 0.022431 0.019400
5 0.709841 0.199950 0.028944 0.023500
5 0.943560 0.354300 0.029233 0.023600
5 0.943849 0.206900 0.029522 0.024000
5 0.440376 0.338200 0.044573 0.037000
0 0.615919 0.332400 0.210999 0.143400
0 0.853184 0.479200 0.231114 0.140800
0 0.614255 0.182650 0.223878 0.150700
5 0.703763 0.348850 0.027496 0.023500
5 0.464978 0.931750 0.031259 0.023500
0 0.735528 0.620950 0.431404 0.133900
2 0.182127 0.495300 0.078003 0.024200
1 0.935456 0.189450 0.044573 0.010500
3 0.380101 0.806800 0.206512 0.017400
3 0.147902 0.812200 0.201158 0.019600
4 0.613169 0.540250 0.162084 0.016300
0 0.387192 0.490200 0.236614 0.096400
4 0.382417 0.533200 0.222431 0.007600
3 0.382127 0.524250 0.169754 0.009500
4 0.148698 0.831450 0.202750 0.015700
4 0.728509 0.682750 0.282779 0.008100
4 0.852677 0.539500 0.227786 0.015600
0 0.733430 0.841700 0.424023 0.261200
0 0.146165 0.909150 0.220260 0.138700
3 0.379595 0.955500 0.193054 0.008800
3 0.741968 0.950850 0.260781 0.012500
3 0.145152 0.949950 0.167294 0.019100
4 0.740593 0.965350 0.348336 0.009700
4 0.379450 0.968500 0.188133 0.016400
4 0.145224 0.969550 0.205065 0.016500
0 0.851520 0.329350 0.222287 0.147300
3 0.848842 0.379100 0.214038 0.010600
3 0.617438 0.374700 0.161071 0.019800
4 0.616787 0.393450 0.208394 0.015900
2 0.879233 0.654050 0.079450 0.023500
1 0.240449 0.772900 0.047033 0.010400
4 0.135962 0.533250 0.199855 0.007500
3 0.610347 0.234900 0.210275 0.010600
0 0.619392 0.478800 0.219103 0.140800
3 0.851737 0.520000 0.213459 0.020400
3 0.613025 0.526500 0.202605 0.011000
3 0.735601 0.673050 0.197974 0.008900
5 0.933430 0.654000 0.030970 0.023600
5 0.706802 0.652050 0.030680 0.023100
5 0.448408 0.650700 0.029378 0.024200
5 0.248191 0.790000 0.031548 0.024000
5 0.481838 0.773700 0.030825 0.023600
0 0.384588 0.764800 0.230535 0.140000
0 0.151230 0.771750 0.228654 0.137100
5 0.235166 0.495100 0.030101 0.023600
5 0.478799 0.505500 0.023010 0.019200
2 0.653329 0.652000 0.080608 0.023600
0 0.265195 0.617150 0.402750 0.140300
1 0.700724 0.635300 0.041389 0.010400
1 0.473878 0.756600 0.047612 0.010400
4 0.269247 0.380600 0.291606 0.009800
3 0.266425 0.366550 0.242836 0.013300
0 0.264399 0.250000 0.419971 0.272000
4 0.612012 0.248700 0.210420 0.016400
3 0.136252 0.524100 0.147467 0.009200
2 0.159841 0.926900 0.082055 0.023600
2 0.410637 0.931800 0.079161 0.023800
2 0.827062 0.916750 0.124747 0.036500
1 0.204848 0.909600 0.045297 0.010600
1 0.227135 0.478000 0.043849 0.010200
1 0.457525 0.915250 0.045007 0.009900
1 0.895658 0.889150 0.073806 0.017700
3 0.845152 0.233700 0.195658 0.011400
3 0.265412 0.671800 0.308828 0.011400
4 0.382127 0.823650 0.221563 0.016300
4 0.266643 0.682750 0.367728 0.008100
0 0.376194 0.909100 0.221852 0.138200
1 0.924891 0.636700 0.047178 0.010800
1 0.440521 0.632950 0.046020 0.010900
2 0.426990 0.774100 0.079740 0.023200
2 0.655572 0.200000 0.080753 0.023200
1 0.425977 0.310550 0.071346 0.017900
2 0.355933 0.338050 0.125470 0.036900
1 0.701881 0.182850 0.042836 0.010700
1 0.934732 0.337200 0.046889 0.010400
1 0.694501 0.331550 0.046020 0.010900
2 0.888784 0.354150 0.081187 0.023700
2 0.889291 0.206700 0.080463 0.024200
2 0.649276 0.348750 0.082055 0.023700
2 0.435456 0.505750 0.064834 0.018900
2 0.393777 0.650950 0.081331 0.023900
2 0.193560 0.789950 0.080608 0.024500
