0 0.146454 0.911600 0.220550 0.139600
5 0.215123 0.926750 0.030535 0.024500
1 0.206368 0.909200 0.047467 0.011800
2 0.159913 0.926900 0.081910 0.024200
3 0.144573 0.950300 0.167583 0.020200
4 0.144645 0.969600 0.204197 0.017200
0 0.384370 0.764300 0.229522 0.141200
5 0.481983 0.774100 0.029957 0.024000
1 0.472793 0.756400 0.047467 0.011200
2 0.427207 0.774150 0.081042 0.024100
3 0.380970 0.805850 0.207959 0.020100
4 0.382344 0.824150 0.221997 0.016100
0 0.387337 0.489850 0.237482 0.098700
5 0.478871 0.505900 0.023444 0.020800
5 0.352388 0.504850 0.023155 0.018500
1 0.472142 0.490900 0.035745 0.008800
1 0.345297 0.490850 0.036179 0.009300
2 0.309768 0.504650 0.064399 0.020100
3 0.382489 0.524100 0.170188 0.009000
2 0.435384 0.505800 0.065268 0.020800
4 0.382055 0.533600 0.222576 0.008600
0 0.734298 0.625200 0.431259 0.142800
3 0.735601 0.673050 0.199132 0.009900
5 0.933864 0.654400 0.029522 0.024800
5 0.708466 0.652200 0.028220 0.024600
2 0.879450 0.654400 0.082489 0.024800
2 0.654052 0.652350 0.082634 0.025300
1 0.924602 0.636350 0.046310 0.011300
1 0.698698 0.634400 0.046889 0.011000
4 0.728871 0.683050 0.285239 0.007900
0 0.263965 0.617200 0.402605 0.142800
3 0.266425 0.671550 0.311143 0.011700
5 0.448842 0.650750 0.029378 0.024900
2 0.393922 0.650850 0.082779 0.024900
1 0.439797 0.632950 0.044863 0.010700
4 0.267656 0.683000 0.368886 0.008200
0 0.851375 0.478550 0.229233 0.141100
3 0.851881 0.520300 0.213169 0.020400
5 0.921201 0.497450 0.029378 0.023900
2 0.867077 0.497250 0.081476 0.024100
1 0.911939 0.479300 0.047902 0.011600
4 0.851664 0.539550 0.226628 0.016500
0 0.619030 0.478000 0.218090 0.142200
3 0.613242 0.526700 0.199566 0.011400
5 0.712590 0.498250 0.030680 0.025100
1 0.705355 0.479550 0.044284 0.011900
2 0.658321 0.498250 0.081910 0.025100
4 0.613025 0.540050 0.161795 0.015700
0 0.143271 0.471250 0.215919 0.137300
2 0.181766 0.495350 0.081331 0.024700
5 0.236179 0.495450 0.030101 0.025100
1 0.227641 0.477500 0.044863 0.011000
3 0.135673 0.523700 0.146889 0.009400
4 0.136179 0.533700 0.198842 0.009200
0 0.150000 0.772100 0.227931 0.140200
3 0.148915 0.813150 0.202315 0.019300
5 0.247395 0.790450 0.029667 0.025900
1 0.238350 0.772400 0.042547 0.010800
2 0.193777 0.790600 0.082489 0.025600
4 0.148336 0.831350 0.203473 0.016100
0 0.734009 0.843650 0.427207 0.265900
5 0.909262 0.916500 0.043126 0.036200
1 0.894645 0.889750 0.069465 0.017300
2 0.826411 0.916850 0.125470 0.037500
3 0.742041 0.949950 0.262084 0.013500
4 0.740810 0.965300 0.348480 0.011400
0 0.372576 0.908600 0.220405 0.139400
5 0.465557 0.932400 0.029522 0.025000
4 0.380029 0.968600 0.189001 0.015800
1 0.454993 0.914800 0.043126 0.010800
2 0.410420 0.932550 0.082200 0.025900
3 0.379378 0.955200 0.192330 0.011400
0 0.849638 0.329600 0.220839 0.148600
2 0.889219 0.353650 0.082055 0.024700
5 0.944067 0.354150 0.029378 0.024900
1 0.936903 0.335300 0.042258 0.013000
3 0.848842 0.379300 0.215774 0.010800
4 0.849132 0.393750 0.210275 0.016100
0 0.846237 0.178700 0.228509 0.152800
2 0.888495 0.206950 0.082634 0.025100
1 0.936252 0.189500 0.045586 0.010400
5 0.942185 0.206800 0.033430 0.024000
3 0.843849 0.232200 0.195658 0.011200
4 0.843849 0.246300 0.167583 0.016200
0 0.613676 0.182850 0.225615 0.152100
5 0.709841 0.199850 0.030970 0.024900
1 0.702677 0.182300 0.043271 0.010000
3 0.610999 0.234300 0.212156 0.011200
4 0.611795 0.248150 0.208828 0.015900
2 0.655572 0.200650 0.081910 0.025300
0 0.613965 0.333750 0.225615 0.152100
1 0.694935 0.331450 0.047467 0.010700
5 0.704269 0.348350 0.029957 0.024300
3 0.617583 0.374600 0.162808 0.020200
2 0.649421 0.349000 0.082055 0.025000
4 0.617873 0.393600 0.210854 0.017000
0 0.263748 0.251700 0.424457 0.273600
5 0.440593 0.337450 0.043849 0.040300
3 0.266932 0.366900 0.242402 0.014000
2 0.355572 0.337950 0.126483 0.039100
4 0.269754 0.381000 0.294935 0.011200
1 0.426628 0.310300 0.072648 0.017800
