0 0.624963 0.473150 0.213909 0.142900
1 0.704539 0.470100 0.046852 0.010600
5 0.714422 0.488400 0.029136 0.025800
2 0.658053 0.488500 0.083602 0.025400
4 0.621523 0.533000 0.203514 0.016400
3 0.623060 0.514850 0.205124 0.019100
0 0.871742 0.618200 0.214056 0.146200
5 0.961640 0.630250 0.029575 0.025700
1 0.952269 0.612250 0.040410 0.009100
2 0.904466 0.630350 0.085066 0.025500
3 0.860908 0.660950 0.181845 0.019500
4 0.862152 0.681100 0.192240 0.016200
0 0.871376 0.928350 0.173792 0.123700
1 0.929429 0.929550 0.042753 0.010300
5 0.942313 0.948000 0.029868 0.026400
2 0.885725 0.948000 0.085652 0.026000
3 0.869473 0.972950 0.161201 0.008900
4 0.870205 0.983350 0.168521 0.007900
0 0.630088 0.923450 0.233821 0.133500
2 0.673646 0.943750 0.084627 0.024700
1 0.718448 0.925650 0.042753 0.010300
5 0.730454 0.944150 0.031332 0.025500
3 0.627892 0.966750 0.207174 0.009700
4 0.627526 0.980750 0.226940 0.015300
0 0.622548 0.619050 0.242753 0.148900
1 0.720864 0.634350 0.039092 0.009100
1 0.719253 0.603150 0.039092 0.009100
1 0.575549 0.636150 0.040410 0.008700
1 0.573206 0.605350 0.040410 0.009100
2 0.683309 0.648950 0.066471 0.020300
5 0.728331 0.649200 0.024158 0.020400
5 0.583236 0.650600 0.025329 0.020400
5 0.581406 0.619600 0.024597 0.019800
5 0.727233 0.617700 0.023719 0.020000
2 0.536310 0.619450 0.067936 0.019900
2 0.538946 0.650800 0.067350 0.020600
2 0.680966 0.617900 0.070278 0.020200
3 0.622840 0.667200 0.235139 0.010600
4 0.623426 0.682950 0.210542 0.015100
0 0.141435 0.619600 0.230747 0.144600
1 0.230454 0.622850 0.042753 0.010300
5 0.239312 0.641150 0.028843 0.026100
2 0.183089 0.641100 0.083895 0.025400
3 0.135944 0.676200 0.128404 0.010800
4 0.135944 0.686300 0.216252 0.006800
0 0.140190 0.770000 0.234700 0.144600
1 0.228843 0.767850 0.042753 0.010300
5 0.241581 0.785800 0.032211 0.025600
2 0.185139 0.785950 0.083309 0.025300
3 0.138507 0.812250 0.228111 0.020300
4 0.137921 0.831150 0.196486 0.016900
0 0.628697 0.780450 0.229283 0.125700
2 0.668082 0.800500 0.085212 0.025800
1 0.716984 0.782350 0.042753 0.010300
5 0.724963 0.800700 0.031479 0.026000
3 0.621449 0.827600 0.164422 0.008000
4 0.620717 0.837000 0.212152 0.007000
0 0.377086 0.917450 0.242606 0.145500
2 0.416837 0.939500 0.084627 0.026400
1 0.460615 0.920850 0.042753 0.010300
5 0.472987 0.939600 0.030307 0.026200
4 0.377013 0.984950 0.240117 0.007900
3 0.369619 0.975350 0.102635 0.008900
0 0.141362 0.922600 0.223280 0.137000
2 0.179649 0.950500 0.084919 0.026000
1 0.223572 0.932050 0.042753 0.010300
5 0.235286 0.950450 0.031332 0.025700
3 0.138067 0.972350 0.139385 0.008500
4 0.133895 0.984750 0.178184 0.007500
0 0.378184 0.772350 0.236603 0.137300
1 0.466325 0.772050 0.045388 0.011300
5 0.478038 0.790850 0.031040 0.026100
2 0.421449 0.790500 0.083602 0.025800
3 0.373499 0.816500 0.224890 0.009800
4 0.374305 0.830950 0.227672 0.015500
0 0.866764 0.782000 0.234846 0.118000
1 0.952855 0.766550 0.042753 0.011300
5 0.966105 0.784700 0.030600 0.025600
2 0.909224 0.784750 0.085212 0.025500
3 0.862152 0.810800 0.223280 0.019600
4 0.862225 0.830400 0.197072 0.015800
0 0.380234 0.618800 0.237189 0.150600
1 0.468155 0.613400 0.047291 0.011200
5 0.477452 0.631500 0.031332 0.025000
2 0.420571 0.631850 0.083602 0.024500
3 0.380307 0.662450 0.233529 0.019700
4 0.380307 0.682350 0.228551 0.016900
0 0.862592 0.327750 0.230893 0.132500
5 0.962372 0.333850 0.028697 0.024900
2 0.905710 0.333800 0.085505 0.025200
1 0.952416 0.316100 0.046852 0.010600
3 0.857174 0.368300 0.216837 0.010800
4 0.857321 0.382650 0.205417 0.015700
0 0.133529 0.169600 0.209663 0.150000
5 0.217057 0.199550 0.031479 0.024900
2 0.160761 0.199650 0.083163 0.025100
1 0.207760 0.181450 0.049195 0.010900
3 0.140117 0.218900 0.185359 0.010600
4 0.138067 0.232950 0.164275 0.015500
0 0.388360 0.168900 0.218887 0.146800
5 0.479283 0.195650 0.030307 0.024900
2 0.422328 0.195350 0.085066 0.024700
1 0.467570 0.176650 0.049927 0.012700
3 0.375476 0.218750 0.182284 0.008900
4 0.377892 0.232700 0.193851 0.015400
0 0.621376 0.177050 0.233968 0.135300
5 0.716105 0.195050 0.029575 0.024900
2 0.660102 0.194750 0.084187 0.024700
1 0.705930 0.176550 0.049341 0.011900
3 0.621010 0.220000 0.168521 0.008600
4 0.621449 0.233950 0.231186 0.014900
0 0.861713 0.176150 0.229136 0.134700
5 0.838214 0.189900 0.022840 0.021000
5 0.946559 0.197000 0.024597 0.021000
1 0.938726 0.181700 0.039092 0.009600
2 0.901245 0.196400 0.067496 0.019800
1 0.830381 0.175150 0.037921 0.009100
2 0.792826 0.189900 0.067350 0.020400
3 0.861201 0.219150 0.224012 0.008500
4 0.861347 0.232950 0.223133 0.015100
0 0.624597 0.322100 0.240410 0.146200
5 0.726208 0.340300 0.029868 0.025400
2 0.669180 0.340300 0.086237 0.025000
1 0.715666 0.322200 0.046852 0.010600
3 0.622694 0.363850 0.231918 0.019300
4 0.623060 0.383800 0.226794 0.016200
0 0.381772 0.321800 0.242020 0.147800
5 0.485944 0.345350 0.029575 0.025500
2 0.429429 0.345250 0.083748 0.024900
1 0.477745 0.327200 0.046852 0.010600
3 0.380454 0.370850 0.174963 0.008300
4 0.379502 0.384450 0.233968 0.014900
0 0.141069 0.321800 0.226794 0.146800
5 0.239019 0.334150 0.030015 0.025500
2 0.182870 0.334250 0.084041 0.024900
1 0.227526 0.315500 0.046852 0.010600
3 0.137335 0.363650 0.201757 0.019500
4 0.137701 0.383650 0.202196 0.015500
0 0.145461 0.478600 0.221230 0.128800
5 0.239385 0.496050 0.030747 0.024900
1 0.229136 0.477900 0.046852 0.010600
2 0.183309 0.495950 0.083748 0.024700
3 0.135871 0.518500 0.198536 0.010200
4 0.133236 0.532700 0.182723 0.015600
0 0.395388 0.471250 0.197218 0.141300
5 0.477160 0.493250 0.029868 0.024900
2 0.420717 0.493200 0.083895 0.024200
1 0.468375 0.475600 0.046852 0.010600
3 0.381991 0.516850 0.167204 0.009500
4 0.384407 0.531650 0.171449 0.015700
0 0.862152 0.469600 0.239678 0.147800
1 0.960176 0.476250 0.039531 0.009300
1 0.815447 0.476350 0.039092 0.009100
2 0.777379 0.491100 0.068082 0.020600
5 0.969034 0.491050 0.021523 0.020500
5 0.822474 0.491300 0.024158 0.020600
2 0.924378 0.491100 0.067204 0.020200
3 0.858199 0.513750 0.205124 0.019300
4 0.859590 0.532600 0.223719 0.016400
