0 0.503441 0.617200 0.286530 0.151200
3 0.495900 0.661400 0.110981 0.020800
5 0.624744 0.627650 0.037189 0.025500
1 0.616691 0.609800 0.045388 0.010400
2 0.570864 0.627750 0.086091 0.025300
4 0.497877 0.680650 0.174085 0.015500
0 0.195315 0.626650 0.237775 0.133500
3 0.201171 0.675900 0.213763 0.008600
5 0.294143 0.649500 0.036896 0.025400
1 0.285212 0.631100 0.045388 0.011200
2 0.239751 0.649450 0.084773 0.025500
4 0.194583 0.685900 0.173646 0.007600
0 0.855124 0.362900 0.261640 0.146600
5 0.967350 0.381050 0.030747 0.025300
3 0.853514 0.408400 0.254612 0.010200
4 0.854246 0.424300 0.168228 0.015200
1 0.959151 0.362700 0.045388 0.011400
2 0.910688 0.381200 0.084627 0.025200
0 0.623206 0.353750 0.171449 0.140100
3 0.632504 0.407350 0.118302 0.008700
4 0.632650 0.416650 0.135578 0.007900
1 0.681698 0.363650 0.047438 0.011100
2 0.635944 0.382050 0.083309 0.024900
5 0.691362 0.381850 0.029283 0.025100
0 0.415739 0.352450 0.226208 0.143900
3 0.412592 0.401050 0.188580 0.020300
4 0.415959 0.416800 0.223719 0.008200
1 0.501171 0.356950 0.045388 0.012100
2 0.455710 0.375750 0.084773 0.025100
5 0.512445 0.375800 0.030161 0.025600
0 0.120644 0.202400 0.178331 0.130600
3 0.106149 0.252500 0.146413 0.008400
1 0.182577 0.209950 0.045388 0.012100
2 0.137701 0.228750 0.083895 0.025300
4 0.105930 0.261850 0.116691 0.007100
5 0.193485 0.228900 0.028843 0.025600
0 0.855124 0.628000 0.215666 0.132200
4 0.845681 0.681600 0.150220 0.015800
3 0.849195 0.668000 0.200586 0.010200
5 0.923499 0.646900 0.039678 0.025400
2 0.869034 0.647200 0.086823 0.025800
1 0.914934 0.629000 0.045388 0.010400
0 0.368009 0.198300 0.221230 0.133200
3 0.360322 0.250450 0.156369 0.009500
1 0.439824 0.207950 0.045388 0.012100
2 0.393411 0.227050 0.084334 0.025900
4 0.360761 0.259350 0.160176 0.007900
5 0.449195 0.227250 0.029283 0.026300
0 0.605490 0.199200 0.287408 0.132800
3 0.591435 0.247550 0.203367 0.011100
1 0.713690 0.206750 0.047877 0.012100
2 0.667350 0.225250 0.084334 0.024900
4 0.602050 0.257150 0.276135 0.008100
5 0.723133 0.225600 0.029575 0.024600
0 0.868814 0.206000 0.217570 0.148600
3 0.855783 0.248850 0.188287 0.020500
4 0.856589 0.267400 0.177599 0.016600
2 0.903001 0.219200 0.085066 0.025000
1 0.950952 0.200650 0.045388 0.011100
5 0.959151 0.219150 0.029575 0.025900
0 0.844363 0.770400 0.218448 0.144000
3 0.836018 0.811750 0.157833 0.021100
2 0.879575 0.783350 0.085359 0.025700
1 0.926061 0.765300 0.045388 0.010400
5 0.932577 0.783400 0.036164 0.026000
4 0.838067 0.831000 0.200586 0.015800
0 0.495974 0.767750 0.223280 0.145300
3 0.486310 0.808450 0.187848 0.019700
5 0.586676 0.777650 0.036603 0.025900
2 0.533602 0.777650 0.084773 0.025900
1 0.579502 0.759300 0.045388 0.010400
4 0.487042 0.828850 0.186384 0.016300
0 0.175988 0.769400 0.232796 0.143400
3 0.166252 0.820800 0.172621 0.009200
5 0.269546 0.799800 0.036310 0.025400
1 0.262958 0.781900 0.045388 0.010400
2 0.215959 0.799800 0.085505 0.025200
4 0.169546 0.833300 0.215227 0.007400
0 0.239751 0.919000 0.356515 0.144000
3 0.244949 0.969200 0.317716 0.010800
5 0.399048 0.944800 0.037335 0.025200
1 0.390776 0.926300 0.045388 0.011800
2 0.345681 0.944850 0.084627 0.025300
4 0.243119 0.982700 0.275695 0.007600
0 0.707760 0.918350 0.359297 0.142700
3 0.694143 0.970500 0.297218 0.010800
5 0.866691 0.946400 0.037921 0.025800
1 0.859151 0.927700 0.045388 0.010400
2 0.813397 0.946450 0.084773 0.025100
4 0.694290 0.982400 0.328843 0.006800
0 0.150878 0.352100 0.258712 0.145400
3 0.151977 0.406800 0.244217 0.010800
1 0.252416 0.362800 0.045388 0.010400
2 0.207028 0.380850 0.083748 0.025300
4 0.153221 0.416700 0.242606 0.007400
5 0.263690 0.380900 0.030454 0.025600
