0 0.621708 0.764800 0.209262 0.138200
2 0.653763 0.784200 0.081187 0.024600
5 0.708683 0.784050 0.029233 0.024700
4 0.610347 0.828250 0.183647 0.007500
3 0.607670 0.818800 0.156006 0.009200
1 0.697902 0.766300 0.041245 0.010800
0 0.158538 0.622150 0.189146 0.131900
1 0.225398 0.625850 0.038640 0.010300
2 0.183140 0.643400 0.081187 0.024200
4 0.153980 0.681950 0.174530 0.007300
3 0.154052 0.672350 0.121129 0.007500
5 0.236324 0.643450 0.029233 0.024500
0 0.159407 0.764800 0.212880 0.137600
1 0.241462 0.765950 0.038640 0.010300
2 0.194645 0.783850 0.081042 0.024700
4 0.149349 0.828100 0.169899 0.006600
3 0.149204 0.818650 0.088567 0.008100
5 0.248842 0.783800 0.029667 0.024800
0 0.381476 0.763700 0.226628 0.141800
1 0.440449 0.775850 0.038640 0.010300
2 0.397902 0.793550 0.080318 0.024900
5 0.451881 0.793550 0.029667 0.025100
4 0.381404 0.828450 0.224747 0.007300
3 0.381838 0.818700 0.173227 0.010800
0 0.842836 0.760750 0.216498 0.142700
2 0.879740 0.782550 0.081042 0.024300
5 0.934732 0.782650 0.029233 0.024300
4 0.848046 0.822450 0.201447 0.015500
3 0.847178 0.808250 0.184660 0.009700
1 0.924168 0.764700 0.045441 0.011400
0 0.860203 0.906550 0.220260 0.147100
5 0.954486 0.926750 0.030246 0.025300
2 0.899493 0.926750 0.080608 0.025500
4 0.854631 0.969200 0.161650 0.014800
3 0.854197 0.955150 0.200434 0.010100
1 0.944067 0.908950 0.038640 0.010300
0 0.628582 0.906550 0.225615 0.144500
2 0.669682 0.927200 0.080897 0.024200
5 0.723806 0.926950 0.030246 0.024300
4 0.624457 0.969050 0.214761 0.014500
3 0.624602 0.950000 0.164978 0.018800
1 0.712808 0.909400 0.042692 0.011200
0 0.158394 0.906700 0.222431 0.143600
4 0.153329 0.969400 0.197829 0.015200
3 0.152822 0.954650 0.207525 0.010100
5 0.252750 0.921500 0.031114 0.025200
2 0.198191 0.920950 0.080897 0.024500
1 0.241679 0.902950 0.042547 0.011300
0 0.377279 0.178100 0.190449 0.141400
1 0.443849 0.189550 0.044863 0.011500
2 0.398915 0.207650 0.081766 0.023700
5 0.453763 0.207700 0.029088 0.024200
4 0.383792 0.242550 0.175687 0.007500
3 0.383357 0.233350 0.121563 0.007500
0 0.387554 0.907500 0.229522 0.140800
5 0.487482 0.928250 0.029667 0.024300
4 0.387192 0.967000 0.227062 0.014800
3 0.386758 0.952900 0.209117 0.009600
2 0.433864 0.928000 0.080174 0.024000
1 0.476483 0.910300 0.042692 0.011200
0 0.854631 0.181450 0.216064 0.151900
1 0.935745 0.190950 0.044863 0.011100
2 0.891389 0.208850 0.082923 0.024500
3 0.846237 0.234400 0.167438 0.010200
5 0.946020 0.208950 0.029522 0.024500
4 0.846599 0.248400 0.175687 0.015200
0 0.626700 0.175600 0.204197 0.144600
1 0.702750 0.183050 0.044863 0.011500
2 0.657815 0.201900 0.082634 0.024400
5 0.713169 0.201950 0.028654 0.024900
4 0.617004 0.242200 0.134153 0.006800
3 0.617077 0.233850 0.084805 0.008100
0 0.389725 0.470200 0.187265 0.144200
1 0.459696 0.474650 0.038640 0.010300
2 0.412373 0.491850 0.080318 0.024500
4 0.382634 0.536150 0.148480 0.007300
3 0.382489 0.527050 0.144718 0.007900
5 0.466932 0.491950 0.031114 0.024500
0 0.156440 0.177700 0.215630 0.146800
1 0.238929 0.182050 0.044863 0.011500
2 0.195080 0.200150 0.081910 0.024500
5 0.248625 0.200300 0.029522 0.024200
4 0.150000 0.244150 0.199855 0.007300
3 0.149493 0.235400 0.167873 0.007200
0 0.155933 0.332650 0.223010 0.145500
2 0.186035 0.350000 0.065557 0.019800
2 0.078654 0.350200 0.064110 0.019800
1 0.114038 0.335750 0.035601 0.008500
1 0.222214 0.335550 0.038640 0.009500
5 0.229233 0.350650 0.024313 0.019900
4 0.148842 0.395600 0.200145 0.018200
3 0.146454 0.374100 0.148480 0.018200
5 0.121346 0.350350 0.023300 0.019900
0 0.388495 0.325050 0.212012 0.140500
1 0.469392 0.336150 0.038640 0.010300
2 0.423806 0.354050 0.080897 0.024700
4 0.378437 0.389250 0.185818 0.007100
5 0.477931 0.354150 0.029088 0.025300
3 0.377931 0.380400 0.111288 0.007400
0 0.616787 0.332700 0.217366 0.127200
1 0.678365 0.337650 0.038640 0.010300
2 0.632779 0.355550 0.081766 0.025100
4 0.617004 0.390200 0.215485 0.007400
5 0.687048 0.355650 0.027641 0.025300
3 0.616281 0.380600 0.135022 0.008400
0 0.851158 0.331200 0.214616 0.145800
2 0.867294 0.355950 0.080753 0.024300
1 0.912084 0.339150 0.038640 0.010300
5 0.921274 0.356150 0.030101 0.024500
3 0.851302 0.381000 0.213169 0.008600
4 0.851302 0.394400 0.157887 0.015400
0 0.160564 0.474250 0.210564 0.137900
2 0.194501 0.491400 0.081621 0.024400
1 0.239580 0.474050 0.038640 0.010300
4 0.148987 0.535800 0.179016 0.006600
3 0.149493 0.525600 0.131693 0.009400
5 0.249132 0.491650 0.028799 0.024500
0 0.620839 0.474100 0.213893 0.150200
1 0.703980 0.482750 0.038640 0.010300
2 0.658683 0.500000 0.081187 0.024000
4 0.613169 0.539300 0.185528 0.014800
3 0.612952 0.522050 0.167149 0.016900
5 0.712012 0.499950 0.029233 0.024500
0 0.851520 0.473650 0.210999 0.138500
2 0.883864 0.497900 0.081766 0.024400
1 0.930174 0.480550 0.038640 0.010300
4 0.850796 0.536150 0.206946 0.007300
3 0.851230 0.522750 0.128509 0.017300
5 0.938278 0.498250 0.030246 0.024500
0 0.850145 0.619800 0.219247 0.135400
1 0.934226 0.628650 0.038640 0.010300
2 0.889797 0.645900 0.080608 0.024000
4 0.844501 0.681450 0.205065 0.006900
3 0.844284 0.672600 0.178003 0.007000
5 0.944356 0.646100 0.029667 0.024400
0 0.610347 0.618850 0.189146 0.137900
1 0.679522 0.628550 0.038640 0.010300
2 0.633864 0.646650 0.081331 0.025500
4 0.618017 0.681450 0.155282 0.006900
3 0.617728 0.672150 0.124023 0.007900
5 0.688495 0.646650 0.029667 0.025500
0 0.385528 0.618350 0.176266 0.138300
1 0.448987 0.629650 0.038640 0.010300
2 0.403184 0.647400 0.082200 0.024000
4 0.387410 0.682250 0.169899 0.007300
3 0.387627 0.672950 0.130101 0.007700
5 0.457453 0.647350 0.029233 0.024300
