0 0.866032 0.470650 0.193558 0.144700
5 0.949707 0.490450 0.024744 0.019100
4 0.862299 0.532800 0.167057 0.017000
3 0.864056 0.513800 0.183455 0.018600
2 0.907613 0.490450 0.063836 0.019100
1 0.941874 0.475800 0.038946 0.010400
0 0.872694 0.321600 0.216837 0.142000
5 0.963031 0.352600 0.030015 0.026200
2 0.907613 0.352150 0.082577 0.024900
4 0.861567 0.386300 0.191947 0.008000
3 0.867496 0.375450 0.176574 0.009500
1 0.952196 0.334050 0.043777 0.011100
0 0.130747 0.772750 0.192972 0.139700
5 0.210908 0.782100 0.030893 0.025200
4 0.127818 0.831950 0.182723 0.016100
2 0.154246 0.782050 0.084773 0.024900
1 0.198170 0.763650 0.043777 0.011100
3 0.129868 0.810500 0.189458 0.019200
0 0.364495 0.773700 0.210688 0.136800
5 0.444583 0.797700 0.030893 0.025200
4 0.363909 0.831650 0.164422 0.015500
2 0.388141 0.797550 0.083455 0.025300
1 0.432577 0.779450 0.043777 0.011100
3 0.364788 0.817650 0.207467 0.010700
0 0.737775 0.771600 0.392972 0.141800
3 0.734846 0.824100 0.318887 0.009800
5 0.903880 0.799900 0.030893 0.024800
4 0.738141 0.835000 0.388141 0.007800
2 0.848536 0.800050 0.081845 0.024500
1 0.893924 0.781950 0.043777 0.011100
0 0.636530 0.327500 0.164714 0.134000
5 0.701611 0.344650 0.030161 0.026100
4 0.617570 0.387850 0.123280 0.007500
3 0.620205 0.376200 0.119180 0.009800
2 0.646633 0.344650 0.082138 0.025700
1 0.692020 0.326250 0.043777 0.011100
0 0.375842 0.325800 0.197950 0.138200
5 0.457613 0.348100 0.030600 0.025600
4 0.377599 0.384150 0.140849 0.016900
3 0.372694 0.368300 0.189019 0.009800
2 0.402416 0.347850 0.084187 0.025100
1 0.447804 0.329750 0.043777 0.011100
0 0.138214 0.332400 0.194143 0.124200
5 0.215666 0.335200 0.031625 0.025200
4 0.136091 0.383050 0.165593 0.016300
3 0.132138 0.362300 0.175549 0.019200
2 0.161054 0.335300 0.083455 0.025000
1 0.206369 0.316950 0.043777 0.011100
0 0.138214 0.178500 0.189751 0.136000
5 0.215007 0.189750 0.031772 0.025300
1 0.205783 0.171650 0.043777 0.011100
2 0.159444 0.189700 0.082870 0.024600
3 0.133675 0.214300 0.151684 0.019800
4 0.128843 0.234550 0.168082 0.015500
0 0.373133 0.173350 0.218009 0.140900
5 0.465154 0.182700 0.030454 0.026200
1 0.456881 0.163750 0.043777 0.011100
2 0.409224 0.182700 0.086676 0.025800
4 0.376281 0.233600 0.155198 0.015800
3 0.379575 0.211600 0.202782 0.018800
0 0.621303 0.186800 0.232943 0.118600
5 0.717496 0.197800 0.029429 0.025800
3 0.611640 0.218450 0.180527 0.010700
2 0.661786 0.197650 0.083748 0.025300
1 0.708272 0.179150 0.047877 0.011100
4 0.610835 0.234150 0.121230 0.016100
0 0.865007 0.174150 0.223426 0.141700
4 0.862738 0.234350 0.162079 0.015300
5 0.942460 0.185900 0.031040 0.026200
3 0.864568 0.214700 0.214056 0.018800
2 0.885505 0.185400 0.084627 0.025200
1 0.932577 0.167250 0.043777 0.011100
0 0.152050 0.482000 0.189605 0.122000
5 0.230747 0.502400 0.029575 0.024800
3 0.133602 0.526550 0.149780 0.007500
4 0.128184 0.536450 0.136018 0.007900
2 0.173426 0.502500 0.084187 0.025000
1 0.219546 0.483950 0.043777 0.011100
0 0.874158 0.625150 0.196925 0.133300
5 0.955490 0.634000 0.030454 0.024400
2 0.898902 0.634050 0.082723 0.024300
4 0.872548 0.680800 0.184627 0.015800
3 0.870278 0.659900 0.177452 0.019200
1 0.943851 0.616150 0.043777 0.011700
0 0.484334 0.917000 0.359297 0.144800
5 0.398902 0.944800 0.027965 0.024000
5 0.649488 0.944550 0.029283 0.023300
1 0.390556 0.927550 0.043777 0.009700
4 0.505124 0.982500 0.255344 0.006600
2 0.346413 0.944850 0.078770 0.023300
2 0.596706 0.944500 0.078624 0.023200
1 0.639312 0.927000 0.040264 0.011400
3 0.505783 0.970100 0.312884 0.010800
0 0.152855 0.924100 0.200293 0.139400
5 0.235578 0.934000 0.032211 0.025200
1 0.226574 0.916650 0.043777 0.009700
4 0.143851 0.983250 0.134261 0.014700
2 0.180673 0.933900 0.082870 0.024600
3 0.145754 0.963900 0.124305 0.018000
0 0.622328 0.622550 0.191362 0.141700
5 0.697072 0.640150 0.030454 0.025700
2 0.640337 0.640050 0.083309 0.025500
4 0.618960 0.682200 0.172035 0.016200
3 0.622914 0.664400 0.186676 0.009800
1 0.685798 0.621850 0.042167 0.010700
0 0.857321 0.925250 0.226208 0.132500
5 0.947584 0.949200 0.030454 0.025200
2 0.890776 0.948600 0.084627 0.024800
1 0.935359 0.930550 0.043777 0.011100
4 0.857467 0.985200 0.223865 0.007800
3 0.860029 0.973100 0.188580 0.009200
0 0.372182 0.621050 0.221376 0.143900
5 0.465959 0.652550 0.031186 0.025700
4 0.366764 0.686700 0.208785 0.007200
2 0.410469 0.652550 0.083309 0.025100
3 0.366179 0.676800 0.139092 0.008200
1 0.455857 0.634250 0.043777 0.011100
0 0.140849 0.621400 0.197072 0.146800
5 0.218375 0.638200 0.032064 0.025400
2 0.163690 0.638100 0.084041 0.024800
3 0.141801 0.663450 0.162665 0.019300
1 0.211201 0.619850 0.044363 0.011100
4 0.138580 0.682800 0.186969 0.016800
0 0.387189 0.471800 0.190776 0.144000
5 0.465813 0.503250 0.030893 0.025100
2 0.409663 0.503000 0.083748 0.025200
4 0.364568 0.537850 0.132650 0.007500
3 0.369912 0.527500 0.153001 0.008200
1 0.455271 0.484850 0.043777 0.011100
0 0.626794 0.478650 0.202928 0.130300
5 0.704466 0.485750 0.030600 0.025300
2 0.648170 0.485600 0.084627 0.025400
4 0.626208 0.533150 0.199707 0.016500
3 0.629209 0.512750 0.178770 0.019500
1 0.694070 0.467350 0.043777 0.011100
