0 0.431406 0.241250 0.148316 0.126900
2 0.431991 0.264050 0.082723 0.024100
3 0.463324 0.299550 0.070425 0.007900
1 0.478990 0.245950 0.048755 0.011700
5 0.487994 0.264100 0.031040 0.024400
4 0.448829 0.290850 0.099122 0.006500
0 0.844510 0.129850 0.240410 0.111500
3 0.894583 0.177100 0.129722 0.009800
4 0.877599 0.168600 0.163104 0.007200
5 0.945168 0.141700 0.030893 0.025000
1 0.936237 0.123250 0.047877 0.011700
2 0.891142 0.141750 0.081259 0.025100
0 0.176354 0.249300 0.314348 0.122400
3 0.273280 0.299700 0.109370 0.008200
5 0.313836 0.227500 0.028258 0.024600
2 0.256589 0.227600 0.085066 0.025000
1 0.303953 0.209200 0.049195 0.011600
4 0.257321 0.290850 0.138946 0.007300
0 0.176867 0.102200 0.313031 0.167200
4 0.244876 0.169750 0.151245 0.008300
3 0.261786 0.179700 0.117423 0.007600
5 0.314275 0.104400 0.029429 0.025800
2 0.257833 0.104700 0.085212 0.025000
1 0.304685 0.085950 0.048609 0.010900
0 0.861127 0.765750 0.220937 0.147300
4 0.862958 0.827850 0.192972 0.016300
3 0.863397 0.807750 0.150220 0.019500
5 0.954466 0.780500 0.030454 0.024800
1 0.943924 0.762350 0.051830 0.011700
2 0.896779 0.780050 0.084627 0.024700
0 0.603660 0.626400 0.194143 0.133600
3 0.597584 0.662150 0.159444 0.019500
5 0.679795 0.637750 0.031625 0.025300
1 0.670351 0.619500 0.047877 0.011200
2 0.623426 0.637700 0.085505 0.025200
4 0.602489 0.681500 0.175695 0.015800
0 0.251977 0.580650 0.430161 0.223900
3 0.257321 0.674350 0.198975 0.010500
5 0.447877 0.648200 0.031040 0.025600
1 0.439092 0.629750 0.048902 0.011700
4 0.256003 0.686200 0.307906 0.008000
2 0.391874 0.648200 0.084480 0.025600
0 0.149268 0.931750 0.211567 0.121100
4 0.127892 0.985100 0.164422 0.008200
1 0.227965 0.934650 0.051830 0.011700
3 0.125256 0.975100 0.155930 0.008200
5 0.237994 0.953500 0.032064 0.026000
2 0.180088 0.953450 0.084627 0.025700
0 0.884334 0.918950 0.202050 0.150900
4 0.874524 0.985150 0.165739 0.007300
3 0.871816 0.975100 0.151245 0.009200
1 0.957980 0.933650 0.050366 0.011700
5 0.967789 0.952700 0.031040 0.026400
2 0.910542 0.952800 0.086384 0.026000
0 0.627160 0.777850 0.212152 0.134100
4 0.619766 0.831700 0.148463 0.016800
3 0.619619 0.811750 0.147291 0.019900
1 0.706076 0.768050 0.051098 0.011700
5 0.715300 0.786300 0.032943 0.025000
2 0.658638 0.786450 0.085359 0.024700
0 0.400878 0.771250 0.209370 0.143500
4 0.378477 0.835950 0.161054 0.008100
3 0.378331 0.826300 0.148755 0.008400
5 0.488799 0.803850 0.032064 0.024900
1 0.478990 0.785250 0.051098 0.011700
2 0.431040 0.804000 0.084627 0.025200
0 0.549414 0.128550 0.332504 0.111300
4 0.573060 0.168150 0.237775 0.006900
3 0.578843 0.177800 0.220644 0.010000
5 0.695974 0.141900 0.029722 0.024000
2 0.640044 0.141750 0.082723 0.024100
1 0.686750 0.123950 0.047877 0.011700
0 0.637555 0.246200 0.216252 0.115800
3 0.673499 0.298500 0.100439 0.008400
2 0.661420 0.261450 0.082723 0.024300
5 0.716911 0.261550 0.031772 0.024900
1 0.708638 0.243450 0.048902 0.011700
4 0.643997 0.290000 0.156223 0.007800
0 0.869107 0.250600 0.207028 0.107600
3 0.894802 0.299050 0.132504 0.008900
2 0.900659 0.265350 0.082723 0.024900
5 0.956076 0.265600 0.030454 0.024400
1 0.947365 0.247250 0.047877 0.011700
4 0.876647 0.290250 0.168814 0.008500
0 0.501464 0.388650 0.320937 0.137500
4 0.516252 0.440300 0.278770 0.008400
3 0.553807 0.449350 0.203075 0.009300
5 0.602196 0.415500 0.030747 0.026000
1 0.593192 0.396700 0.047877 0.011200
2 0.547072 0.415500 0.082723 0.025800
0 0.821523 0.389500 0.313324 0.138800
4 0.739605 0.433950 0.111713 0.007300
3 0.748243 0.444600 0.127526 0.007600
2 0.728770 0.403150 0.082723 0.024100
5 0.783309 0.403450 0.032211 0.024300
1 0.774451 0.385250 0.047877 0.011700
0 0.640483 0.921700 0.201318 0.138800
4 0.631332 0.983500 0.139678 0.008600
3 0.630015 0.973300 0.141142 0.008200
1 0.713836 0.931150 0.050512 0.011700
5 0.723353 0.949750 0.031772 0.025700
2 0.666032 0.949850 0.085798 0.025300
0 0.398463 0.925950 0.186969 0.135500
4 0.380088 0.985100 0.133821 0.008200
1 0.464422 0.928450 0.050659 0.011700
3 0.378624 0.974300 0.142899 0.008200
5 0.474158 0.947150 0.031772 0.025700
2 0.417716 0.947300 0.084627 0.025400
0 0.136750 0.772400 0.195022 0.143200
4 0.136530 0.833100 0.167057 0.017800
3 0.137042 0.813350 0.180966 0.019100
1 0.206589 0.772150 0.054173 0.011700
5 0.218741 0.790350 0.029868 0.024900
2 0.162372 0.790550 0.084627 0.024700
0 0.860469 0.624100 0.231625 0.136600
4 0.865593 0.682200 0.192972 0.016800
3 0.860249 0.664450 0.225622 0.010100
5 0.936676 0.638250 0.028551 0.024900
1 0.926867 0.620250 0.047877 0.011700
2 0.880966 0.638150 0.084627 0.024700
0 0.176867 0.386100 0.313031 0.140200
4 0.257394 0.436650 0.129429 0.007100
3 0.271523 0.447250 0.099707 0.008100
5 0.176281 0.410550 0.030454 0.024300
1 0.167423 0.392250 0.047877 0.011700
2 0.121596 0.409950 0.082723 0.024100
