0 0.627013 0.474200 0.179063 0.140000
5 0.698243 0.502150 0.030454 0.025700
1 0.686969 0.484500 0.040996 0.009200
3 0.616911 0.527900 0.102050 0.008200
4 0.616252 0.536700 0.122401 0.006800
2 0.641947 0.502300 0.084480 0.025800
0 0.389165 0.329450 0.218448 0.132300
5 0.481918 0.350800 0.030600 0.024600
3 0.373426 0.377650 0.137482 0.008100
4 0.379868 0.387450 0.184919 0.007100
1 0.471376 0.332550 0.045534 0.011300
2 0.425622 0.350450 0.084334 0.025900
0 0.138141 0.475750 0.226208 0.138700
5 0.231698 0.502300 0.031772 0.026200
4 0.137189 0.536700 0.123280 0.007800
3 0.137042 0.526700 0.113616 0.008400
1 0.221010 0.484250 0.036750 0.010300
2 0.175403 0.502250 0.083455 0.026300
0 0.138799 0.168000 0.195608 0.152400
1 0.206955 0.185500 0.040849 0.010600
2 0.161054 0.203300 0.083163 0.025400
5 0.217277 0.203750 0.032211 0.025900
3 0.137408 0.229150 0.148316 0.008900
4 0.137408 0.238300 0.189898 0.006600
0 0.625037 0.173750 0.197657 0.141900
1 0.694802 0.184350 0.039385 0.010500
2 0.648902 0.203100 0.084627 0.026000
5 0.704539 0.203150 0.031625 0.026100
3 0.625110 0.229200 0.132504 0.008400
4 0.625695 0.238450 0.192240 0.007900
0 0.865227 0.170300 0.201611 0.153200
1 0.936823 0.184850 0.042899 0.010300
2 0.892679 0.203200 0.084041 0.026800
5 0.949634 0.203350 0.029283 0.026500
3 0.868887 0.229500 0.113177 0.008400
4 0.868521 0.238200 0.157833 0.007400
0 0.866252 0.323500 0.232943 0.146800
1 0.955930 0.319650 0.036603 0.009300
2 0.909736 0.337400 0.085359 0.026000
5 0.966179 0.337350 0.031040 0.025700
4 0.866252 0.383900 0.224158 0.016800
3 0.860249 0.361350 0.204539 0.019700
0 0.620644 0.321050 0.243631 0.150900
2 0.670278 0.337400 0.084919 0.025200
1 0.714422 0.319600 0.042899 0.011400
5 0.726061 0.337750 0.029283 0.024900
3 0.621449 0.362800 0.191362 0.020000
4 0.622255 0.383500 0.202928 0.016600
0 0.134553 0.322800 0.192387 0.145400
5 0.213690 0.353700 0.028258 0.025600
3 0.132943 0.378450 0.116252 0.008700
4 0.121596 0.387600 0.162958 0.007400
1 0.201537 0.334450 0.043777 0.012300
2 0.157760 0.353700 0.084480 0.025200
0 0.384773 0.474900 0.197657 0.140400
5 0.465300 0.502350 0.030454 0.025500
1 0.455857 0.484700 0.040849 0.009800
3 0.384041 0.527050 0.156369 0.009700
4 0.384480 0.537050 0.185652 0.008100
2 0.409297 0.502550 0.084773 0.025300
0 0.382064 0.174150 0.186969 0.143700
1 0.449414 0.171950 0.038507 0.008900
2 0.402928 0.189300 0.085505 0.025600
5 0.459956 0.189550 0.030600 0.025900
3 0.383236 0.213850 0.150952 0.019700
4 0.381772 0.233550 0.182577 0.017100
0 0.869546 0.472750 0.236310 0.139500
5 0.963397 0.494800 0.030747 0.027000
1 0.950659 0.476250 0.041874 0.009300
3 0.868887 0.515950 0.233529 0.008300
4 0.868668 0.532050 0.206735 0.015500
2 0.905930 0.494750 0.086530 0.027100
