0 0.144802 0.426500 0.214641 0.138400
2 0.180966 0.441650 0.083163 0.025100
1 0.227233 0.422800 0.048316 0.012000
5 0.236164 0.441550 0.029868 0.025100
4 0.133236 0.488150 0.168960 0.016100
3 0.127526 0.466350 0.139385 0.020300
0 0.132138 0.226250 0.220644 0.128700
4 0.134041 0.285700 0.193119 0.008200
2 0.172108 0.252100 0.084480 0.024600
1 0.218960 0.233950 0.049927 0.012700
5 0.228551 0.252300 0.029283 0.024400
3 0.133748 0.275400 0.172914 0.010600
0 0.374817 0.222000 0.226940 0.140400
2 0.416252 0.251250 0.082577 0.024700
1 0.462884 0.233500 0.049927 0.011400
5 0.472108 0.251500 0.030307 0.024000
4 0.367716 0.287050 0.193119 0.007500
3 0.369839 0.277200 0.168668 0.009800
0 0.380893 0.421650 0.238507 0.151500
2 0.386164 0.456200 0.083895 0.025400
1 0.433602 0.437600 0.049341 0.010800
5 0.442753 0.455950 0.030747 0.024900
3 0.375037 0.483750 0.163543 0.009100
4 0.377599 0.492450 0.183602 0.007900
0 0.866105 0.426200 0.193119 0.141000
2 0.885212 0.432300 0.083455 0.025000
1 0.932796 0.414050 0.050366 0.011700
5 0.942387 0.432350 0.030600 0.024700
3 0.866691 0.468550 0.181406 0.020100
4 0.865593 0.487600 0.190630 0.015400
0 0.272474 0.618900 0.445974 0.147000
2 0.423426 0.645650 0.085505 0.024500
5 0.480307 0.645550 0.030015 0.024300
1 0.470205 0.627250 0.050220 0.011100
3 0.250878 0.673650 0.298829 0.011700
4 0.254905 0.686450 0.400293 0.007900
0 0.629063 0.427050 0.192826 0.142700
1 0.700878 0.432750 0.048316 0.011900
2 0.654100 0.450900 0.085066 0.024400
5 0.710395 0.450550 0.029575 0.024300
4 0.622621 0.488200 0.165007 0.016600
3 0.622767 0.472700 0.179063 0.009800
0 0.386018 0.918750 0.213616 0.144500
2 0.420791 0.949050 0.084334 0.024500
1 0.468594 0.931450 0.044949 0.010300
3 0.373719 0.976200 0.138360 0.009800
5 0.476720 0.948900 0.028697 0.024200
4 0.374085 0.985300 0.187408 0.008000
0 0.636750 0.917800 0.207321 0.144200
2 0.666764 0.947100 0.082870 0.025000
1 0.714641 0.928200 0.044802 0.012800
5 0.722621 0.946700 0.030600 0.024400
3 0.620132 0.973400 0.126061 0.011800
4 0.620498 0.983300 0.169253 0.007600
0 0.865593 0.220900 0.232211 0.149800
1 0.939092 0.228050 0.048902 0.011300
5 0.948097 0.246850 0.029136 0.023700
4 0.862299 0.283400 0.159444 0.017000
3 0.865227 0.266900 0.228258 0.010800
2 0.892094 0.246350 0.083748 0.025100
0 0.379136 0.768300 0.209810 0.147600
1 0.457247 0.781950 0.046852 0.010700
2 0.408272 0.799200 0.084187 0.024600
5 0.464861 0.799400 0.030161 0.024000
4 0.361786 0.836150 0.168375 0.008300
3 0.360542 0.825950 0.126354 0.011500
0 0.148682 0.844450 0.217716 0.293300
1 0.229649 0.927950 0.046120 0.010300
5 0.238360 0.946450 0.028111 0.025900
4 0.145022 0.984250 0.204539 0.007900
2 0.182796 0.946950 0.083602 0.024900
3 0.145827 0.973350 0.161933 0.011500
0 0.741215 0.700800 0.417423 0.284200
2 0.597365 0.781100 0.122694 0.036200
1 0.666984 0.754200 0.072182 0.017200
5 0.680161 0.781400 0.044949 0.036600
2 0.842020 0.777550 0.119766 0.035900
5 0.924085 0.777050 0.043192 0.035300
1 0.909004 0.751200 0.045242 0.010200
3 0.742606 0.819450 0.254173 0.012100
4 0.741728 0.834850 0.268228 0.010500
0 0.865959 0.917400 0.188141 0.143800
2 0.885432 0.947450 0.083016 0.024700
1 0.933968 0.928250 0.045681 0.012900
3 0.854173 0.974900 0.131186 0.012000
4 0.855490 0.984600 0.163690 0.007200
5 0.941728 0.947200 0.030747 0.025000
0 0.622914 0.218100 0.228258 0.148200
1 0.702343 0.230950 0.047731 0.011300
3 0.625183 0.277200 0.202635 0.009800
2 0.655564 0.248750 0.083602 0.024700
5 0.711859 0.248900 0.029283 0.025000
4 0.624378 0.287700 0.223572 0.008000
