0 0.128843 0.771400 0.197072 0.138800
3 0.129941 0.810150 0.189898 0.020300
4 0.128111 0.831700 0.181259 0.016400
1 0.202050 0.764650 0.045974 0.008900
2 0.154173 0.781550 0.083455 0.025300
5 0.210249 0.781500 0.030161 0.026000
0 0.857028 0.924300 0.227379 0.132600
3 0.860249 0.972600 0.187262 0.009800
4 0.857101 0.984900 0.223426 0.008000
5 0.947511 0.947950 0.028843 0.024900
2 0.890922 0.948350 0.084334 0.024900
1 0.937628 0.930150 0.046266 0.010500
0 0.485578 0.917050 0.362958 0.144100
1 0.391728 0.928500 0.040849 0.009800
3 0.505637 0.969300 0.313177 0.011600
4 0.503734 0.982400 0.255490 0.007600
5 0.397804 0.945700 0.027818 0.022800
5 0.648536 0.944700 0.026208 0.023000
2 0.345534 0.945450 0.077599 0.023100
2 0.597072 0.944800 0.077599 0.023000
1 0.640264 0.927300 0.045388 0.011000
0 0.370132 0.772200 0.224890 0.137400
3 0.363836 0.817100 0.209370 0.011000
4 0.364129 0.831200 0.165447 0.016000
2 0.387189 0.796950 0.081259 0.025100
5 0.444729 0.797100 0.029722 0.025000
1 0.433602 0.778900 0.049048 0.010800
0 0.141435 0.620750 0.195315 0.143500
4 0.138214 0.682950 0.187116 0.016700
3 0.142387 0.664400 0.162079 0.018600
1 0.210688 0.619900 0.048023 0.011800
2 0.162592 0.638350 0.084480 0.024900
5 0.218887 0.638250 0.030454 0.025100
0 0.737189 0.770450 0.392387 0.139900
1 0.896633 0.781950 0.044217 0.009900
3 0.734553 0.823850 0.320059 0.011100
4 0.737921 0.834550 0.387408 0.007500
5 0.903734 0.799750 0.031772 0.024500
2 0.848536 0.799600 0.082430 0.024400
0 0.387555 0.471400 0.193265 0.143000
1 0.457321 0.485200 0.047584 0.011200
2 0.408858 0.503350 0.083602 0.025100
4 0.364275 0.537250 0.133236 0.008100
3 0.370059 0.527600 0.152416 0.008400
5 0.465813 0.503400 0.031479 0.025200
0 0.372621 0.618900 0.225769 0.146200
4 0.366618 0.686200 0.209078 0.007200
3 0.366691 0.676650 0.140117 0.008900
1 0.458565 0.634050 0.048023 0.011500
2 0.410761 0.652500 0.084187 0.024600
5 0.467423 0.652600 0.030600 0.024400
0 0.866764 0.471150 0.198829 0.145900
2 0.907540 0.490050 0.061933 0.019300
3 0.865373 0.513650 0.184919 0.019500
4 0.862152 0.532650 0.167643 0.017500
1 0.942606 0.476150 0.037775 0.008700
5 0.950586 0.490250 0.025037 0.018500
0 0.874817 0.623250 0.196193 0.132100
1 0.944290 0.615950 0.044070 0.010300
4 0.872182 0.680050 0.185652 0.016300
3 0.869766 0.660050 0.177892 0.020100
2 0.899048 0.633050 0.085066 0.025100
5 0.954905 0.634000 0.028990 0.024600
0 0.871742 0.321000 0.215227 0.140400
2 0.907687 0.352450 0.083309 0.024300
3 0.867277 0.375800 0.176428 0.010000
4 0.862006 0.386000 0.191654 0.008600
1 0.954392 0.334400 0.044949 0.010600
5 0.963250 0.352450 0.028697 0.024300
0 0.153660 0.923350 0.199561 0.137300
3 0.145754 0.963450 0.124305 0.018300
4 0.143485 0.982900 0.132357 0.017200
1 0.228404 0.916400 0.045095 0.010000
2 0.180966 0.934350 0.082284 0.024500
5 0.236823 0.933700 0.028843 0.023800
0 0.863690 0.172850 0.225476 0.140100
2 0.885286 0.185400 0.084773 0.026000
1 0.934700 0.166600 0.048023 0.010800
4 0.861201 0.234050 0.161347 0.015900
3 0.863982 0.215050 0.215813 0.018300
5 0.942387 0.185250 0.031186 0.025300
0 0.621523 0.185250 0.231332 0.115700
1 0.708053 0.179550 0.046559 0.010700
3 0.611640 0.218150 0.181698 0.011700
4 0.610688 0.233800 0.121230 0.017000
2 0.660835 0.197200 0.083309 0.024400
5 0.716984 0.197350 0.030161 0.023300
0 0.138214 0.331000 0.192972 0.122800
2 0.160322 0.334650 0.082577 0.024300
1 0.210322 0.317400 0.039971 0.010200
4 0.136384 0.382550 0.165593 0.016500
3 0.131625 0.362550 0.175403 0.020700
5 0.215227 0.334400 0.028990 0.023200
0 0.376208 0.324300 0.202489 0.137800
1 0.452489 0.329850 0.043192 0.011300
4 0.376794 0.383650 0.139824 0.016900
3 0.372621 0.369000 0.190922 0.010400
2 0.401464 0.347750 0.084627 0.023700
5 0.458053 0.347450 0.031772 0.023300
0 0.150439 0.475000 0.196047 0.132200
1 0.220059 0.484300 0.044802 0.011800
2 0.173206 0.502300 0.083455 0.024600
3 0.133968 0.526150 0.150220 0.009100
4 0.127452 0.536050 0.136603 0.007300
5 0.230088 0.502100 0.031479 0.023400
0 0.621669 0.621050 0.191801 0.140300
1 0.688507 0.622400 0.049927 0.012600
4 0.618302 0.681150 0.173646 0.016900
3 0.623133 0.664650 0.186530 0.011500
2 0.640410 0.640450 0.083748 0.024300
5 0.697950 0.640600 0.031625 0.024000
0 0.627233 0.477800 0.204100 0.129400
2 0.647877 0.485700 0.085212 0.025000
3 0.628770 0.512450 0.179941 0.020700
4 0.625988 0.532550 0.199561 0.017500
1 0.696120 0.468100 0.044070 0.009600
5 0.704173 0.485650 0.030015 0.024900
0 0.373939 0.172800 0.220205 0.142800
1 0.457833 0.164750 0.042460 0.009700
3 0.379649 0.211650 0.202635 0.019500
4 0.375622 0.233850 0.156515 0.016900
2 0.408858 0.182800 0.083602 0.024400
5 0.465227 0.182550 0.029136 0.024100
0 0.636530 0.327400 0.169107 0.133200
2 0.645315 0.344450 0.084773 0.024700
1 0.694656 0.325450 0.047584 0.012100
3 0.619619 0.376200 0.119766 0.011600
4 0.616911 0.387450 0.124012 0.008100
5 0.702416 0.344750 0.030600 0.025100
0 0.138141 0.177250 0.193411 0.132700
2 0.158858 0.189250 0.081991 0.025500
3 0.134041 0.214100 0.152709 0.020400
4 0.128917 0.234700 0.168228 0.016000
1 0.206369 0.171100 0.044070 0.010400
5 0.215081 0.189300 0.030747 0.025000
