0 0.154776 0.186050 0.222431 0.143500
2 0.193922 0.201600 0.081331 0.024200
4 0.149783 0.248200 0.195369 0.016200
3 0.149204 0.228700 0.167294 0.019400
1 0.239580 0.184300 0.044718 0.010600
5 0.247902 0.201500 0.028944 0.023400
0 0.386975 0.181950 0.217945 0.151100
3 0.388133 0.234350 0.214182 0.011500
2 0.422793 0.206900 0.080318 0.023800
4 0.388133 0.248600 0.198842 0.015200
1 0.467656 0.189800 0.048770 0.009800
5 0.477641 0.206700 0.031114 0.023400
0 0.629812 0.180250 0.195658 0.138500
2 0.655572 0.209100 0.080463 0.024000
4 0.610203 0.244300 0.148336 0.007800
3 0.609841 0.235200 0.117800 0.008800
1 0.701592 0.191100 0.041679 0.011000
5 0.709551 0.208950 0.028944 0.024500
0 0.385311 0.325800 0.202171 0.136600
2 0.412518 0.354300 0.081476 0.024000
1 0.457742 0.336500 0.044573 0.010400
4 0.372793 0.389350 0.174240 0.007700
3 0.372287 0.380000 0.141389 0.009000
5 0.466643 0.354300 0.028799 0.024600
0 0.615195 0.331050 0.213603 0.143100
2 0.632562 0.349500 0.080174 0.024200
4 0.616643 0.393250 0.208104 0.016100
3 0.615702 0.375500 0.141389 0.018600
1 0.676411 0.332150 0.046020 0.011100
5 0.685601 0.349850 0.027641 0.024300
0 0.617800 0.623300 0.216787 0.125000
2 0.655861 0.651700 0.081621 0.023800
1 0.701375 0.633900 0.046454 0.009600
3 0.618596 0.670450 0.172069 0.009500
4 0.617873 0.681300 0.215485 0.008200
5 0.709696 0.650900 0.030101 0.023000
0 0.146889 0.765400 0.216208 0.133600
4 0.148336 0.827450 0.131114 0.007500
3 0.148480 0.818700 0.107670 0.009800
2 0.185166 0.792300 0.081476 0.025000
5 0.239146 0.792300 0.028509 0.024800
0 0.385528 0.767950 0.230970 0.144700
4 0.382200 0.832050 0.146454 0.015300
3 0.382127 0.818300 0.221563 0.010600
1 0.474747 0.776100 0.044139 0.010800
2 0.430680 0.793850 0.079305 0.024100
5 0.484298 0.793700 0.029957 0.024400
0 0.825687 0.908000 0.258611 0.135800
4 0.812590 0.966150 0.196237 0.016500
3 0.812880 0.952150 0.194211 0.011100
2 0.862373 0.929200 0.080463 0.024200
1 0.908177 0.911450 0.046744 0.010900
5 0.916787 0.929250 0.029522 0.023700
0 0.195948 0.910750 0.283936 0.134900
3 0.207887 0.948600 0.212590 0.020400
4 0.206729 0.968550 0.223300 0.015900
2 0.257959 0.922850 0.081187 0.023900
1 0.302171 0.904750 0.041100 0.010900
5 0.311867 0.921900 0.028075 0.024200
0 0.610637 0.478150 0.207381 0.141700
4 0.611433 0.538950 0.185239 0.014700
3 0.611867 0.524750 0.181476 0.009700
1 0.673372 0.482500 0.047178 0.010400
2 0.627858 0.500200 0.081187 0.024400
5 0.681476 0.500650 0.030970 0.024900
0 0.852026 0.186800 0.224457 0.142800
2 0.890738 0.200450 0.080174 0.024900
4 0.845586 0.248600 0.175977 0.017000
3 0.845658 0.233750 0.196671 0.010100
1 0.935311 0.182400 0.046020 0.010800
5 0.944139 0.200350 0.028075 0.024300
0 0.848480 0.330050 0.216208 0.143500
2 0.883864 0.355200 0.082055 0.024400
1 0.929522 0.337400 0.045731 0.012000
3 0.850796 0.379800 0.206657 0.010200
5 0.938423 0.355900 0.029088 0.024000
4 0.851520 0.393550 0.182055 0.015700
0 0.150072 0.332200 0.228365 0.141600
2 0.183430 0.357200 0.081187 0.025200
3 0.148987 0.380250 0.225615 0.008900
1 0.230897 0.340350 0.043271 0.009100
5 0.238350 0.357050 0.031548 0.024300
4 0.150000 0.393850 0.175253 0.015500
0 0.161071 0.473750 0.203763 0.133500
2 0.190883 0.499900 0.082200 0.024400
3 0.146527 0.526000 0.112735 0.009000
1 0.238857 0.482600 0.044428 0.009400
5 0.246165 0.499750 0.030391 0.024100
4 0.149204 0.535500 0.159479 0.007400
0 0.387265 0.477850 0.226049 0.142300
2 0.429161 0.498650 0.081476 0.024500
4 0.383213 0.540100 0.214472 0.015800
3 0.384877 0.521450 0.208249 0.019500
1 0.474674 0.481050 0.044573 0.011900
5 0.483575 0.498900 0.028509 0.024200
0 0.853111 0.623550 0.227786 0.145900
2 0.894573 0.642750 0.080608 0.023900
1 0.941534 0.625050 0.042547 0.010300
4 0.849783 0.686300 0.216208 0.016200
3 0.848842 0.666700 0.136758 0.020000
5 0.949132 0.642700 0.029957 0.023600
0 0.852315 0.474700 0.223878 0.147200
1 0.857742 0.415050 0.046020 0.009300
2 0.812229 0.431950 0.080897 0.023900
2 0.880608 0.477400 0.081331 0.023800
4 0.846093 0.539000 0.197250 0.015200
3 0.846454 0.524900 0.204052 0.010600
1 0.924819 0.460200 0.045007 0.008800
5 0.866498 0.431550 0.029378 0.024700
5 0.934153 0.476900 0.027786 0.023600
0 0.153546 0.619900 0.197685 0.135200
4 0.142547 0.682150 0.171635 0.007700
3 0.142113 0.673050 0.126483 0.009900
2 0.181476 0.648000 0.081042 0.023400
1 0.225470 0.629650 0.047178 0.010700
5 0.235166 0.646800 0.027496 0.025200
0 0.387482 0.625000 0.204197 0.139000
1 0.464761 0.627900 0.045876 0.009600
4 0.384153 0.686100 0.187988 0.015600
3 0.384443 0.672400 0.188567 0.008600
2 0.417873 0.646150 0.078871 0.024500
5 0.472359 0.645600 0.031259 0.024800
0 0.616208 0.766600 0.215051 0.148600
4 0.613242 0.832250 0.204486 0.015700
3 0.613025 0.813000 0.131983 0.019400
1 0.699493 0.766300 0.044139 0.011000
2 0.654486 0.783700 0.079450 0.022800
5 0.707091 0.783650 0.030101 0.022300
0 0.848698 0.768050 0.217511 0.145900
3 0.848770 0.817900 0.212156 0.009800
4 0.850145 0.831900 0.159334 0.015400
2 0.882272 0.790150 0.081766 0.025700
1 0.927062 0.772250 0.046310 0.009500
5 0.936614 0.790100 0.029522 0.025800
0 0.520912 0.910000 0.294211 0.136600
3 0.501230 0.947700 0.167149 0.019800
4 0.500651 0.967700 0.213459 0.016200
1 0.585239 0.905100 0.046310 0.011800
2 0.539436 0.922700 0.080608 0.023600
5 0.593054 0.923050 0.031259 0.023900
