0 0.158538 0.912900 0.199566 0.132600
3 0.145369 0.950150 0.170912 0.019300
1 0.234949 0.905500 0.046165 0.011000
4 0.144935 0.968650 0.163097 0.015900
5 0.242836 0.922850 0.030101 0.024300
2 0.188784 0.923300 0.080897 0.024000
0 0.154848 0.766100 0.206657 0.139000
1 0.234081 0.772150 0.046165 0.010700
2 0.189146 0.789500 0.079884 0.024400
5 0.241896 0.789550 0.027931 0.024100
3 0.144067 0.811000 0.173227 0.011200
4 0.144139 0.825550 0.182344 0.014900
0 0.385166 0.767700 0.218669 0.133000
1 0.448770 0.769200 0.045731 0.008800
2 0.403907 0.786300 0.079884 0.024200
5 0.456585 0.786100 0.029522 0.024400
3 0.387771 0.811250 0.209696 0.009900
4 0.382923 0.825350 0.184660 0.014900
0 0.617004 0.765700 0.213169 0.135200
3 0.617438 0.810150 0.210275 0.010300
1 0.696310 0.760250 0.048480 0.010500
5 0.706368 0.777800 0.029522 0.024000
2 0.651737 0.777900 0.081766 0.024000
4 0.619826 0.824150 0.201158 0.014700
0 0.851158 0.772950 0.225326 0.122300
3 0.848263 0.810200 0.218958 0.009000
1 0.938784 0.767450 0.046310 0.010900
5 0.947033 0.785450 0.030391 0.024300
2 0.893632 0.785750 0.080174 0.024300
4 0.848915 0.823700 0.208104 0.015600
0 0.623372 0.619600 0.224747 0.135200
2 0.636903 0.632300 0.080753 0.023600
1 0.683792 0.615250 0.045731 0.011500
4 0.623444 0.678300 0.221129 0.015400
5 0.691606 0.632250 0.030680 0.023100
3 0.620333 0.658400 0.202750 0.018400
0 0.398625 0.625800 0.219247 0.128000
1 0.482489 0.613300 0.044284 0.010200
4 0.388205 0.679450 0.196382 0.015100
5 0.491751 0.631400 0.028944 0.024600
2 0.438640 0.631000 0.081621 0.024600
3 0.392981 0.665150 0.190304 0.009700
0 0.151592 0.621550 0.232851 0.130500
2 0.198408 0.635450 0.081042 0.024300
1 0.242475 0.617350 0.049928 0.011500
5 0.253039 0.635450 0.027641 0.024300
3 0.147467 0.664250 0.220839 0.010500
4 0.146237 0.677350 0.159913 0.014500
0 0.150000 0.474250 0.228220 0.139500
1 0.111143 0.473600 0.043126 0.010200
1 0.243777 0.473900 0.037482 0.009000
4 0.150796 0.533250 0.217945 0.015100
3 0.150868 0.514700 0.203907 0.018600
5 0.119103 0.489650 0.027496 0.021100
5 0.249421 0.489150 0.025615 0.021100
2 0.203690 0.489500 0.070188 0.020800
2 0.071056 0.489750 0.070912 0.021300
0 0.388133 0.475000 0.221708 0.138200
1 0.474240 0.483200 0.046020 0.010000
5 0.483357 0.501250 0.028365 0.025300
3 0.383936 0.527400 0.162663 0.009400
2 0.428944 0.501250 0.080753 0.024300
4 0.383864 0.537000 0.209986 0.006800
0 0.849059 0.474850 0.210420 0.149500
1 0.923300 0.489350 0.048046 0.010700
3 0.849493 0.525900 0.175109 0.008600
4 0.846961 0.539150 0.187120 0.014700
5 0.933068 0.506900 0.028220 0.024000
2 0.879305 0.507050 0.081042 0.024500
0 0.390955 0.189750 0.212012 0.118300
3 0.382200 0.221650 0.138350 0.019700
1 0.466570 0.176300 0.046599 0.009600
4 0.384732 0.240250 0.195803 0.014700
5 0.476483 0.193750 0.027641 0.024900
2 0.422721 0.193950 0.081331 0.024700
0 0.855065 0.337800 0.218379 0.113600
1 0.939508 0.334900 0.044863 0.010000
3 0.848553 0.371950 0.203039 0.008100
4 0.848987 0.385100 0.193777 0.015200
5 0.948987 0.352200 0.027352 0.023000
2 0.893560 0.352500 0.083502 0.024600
0 0.626194 0.331550 0.217077 0.125500
1 0.710709 0.318400 0.041389 0.010200
3 0.630318 0.365650 0.196671 0.019500
4 0.618813 0.384200 0.198553 0.015600
5 0.717800 0.336300 0.028654 0.024800
2 0.664616 0.336550 0.081476 0.025100
0 0.390087 0.328100 0.223300 0.136400
2 0.432706 0.345350 0.081042 0.024900
3 0.386975 0.371350 0.211288 0.010300
1 0.477713 0.327050 0.045441 0.010300
5 0.486541 0.345000 0.029522 0.024800
4 0.386975 0.385000 0.181476 0.015800
0 0.162446 0.330850 0.204486 0.126300
3 0.149711 0.371200 0.170043 0.009600
1 0.239074 0.327500 0.046599 0.011200
5 0.249349 0.344850 0.027496 0.023500
4 0.149566 0.384450 0.176122 0.015500
2 0.195658 0.345000 0.081910 0.024000
0 0.150579 0.185350 0.225615 0.130900
3 0.149783 0.234250 0.171346 0.009700
1 0.240014 0.182250 0.047033 0.010100
5 0.249204 0.200450 0.028365 0.025100
4 0.149421 0.244550 0.220116 0.007500
2 0.195297 0.200150 0.081476 0.024700
0 0.850941 0.916550 0.212446 0.122100
4 0.841462 0.971850 0.190883 0.007500
3 0.841462 0.962450 0.130391 0.010100
1 0.932200 0.916900 0.049349 0.009400
5 0.941462 0.933350 0.029957 0.024300
2 0.886975 0.933650 0.081621 0.024500
0 0.380608 0.922200 0.206946 0.116000
3 0.380897 0.951000 0.194501 0.018800
1 0.441534 0.909950 0.047757 0.011900
4 0.381404 0.968550 0.203329 0.016100
5 0.450362 0.928150 0.030101 0.023900
2 0.396816 0.928300 0.080463 0.023800
0 0.615340 0.911200 0.188133 0.136800
3 0.615557 0.956150 0.184226 0.008500
1 0.675904 0.915350 0.048480 0.010900
5 0.685962 0.933200 0.029233 0.024400
2 0.631766 0.933200 0.080608 0.024000
4 0.611433 0.969250 0.174819 0.014700
0 0.851809 0.622650 0.227207 0.130700
1 0.940738 0.614350 0.048770 0.009700
5 0.949711 0.632150 0.029088 0.025100
2 0.895514 0.632100 0.081042 0.025000
4 0.848842 0.678750 0.215774 0.014700
3 0.848842 0.660500 0.213169 0.018800
0 0.615268 0.182400 0.230246 0.135000
4 0.615268 0.244300 0.226194 0.007000
3 0.615630 0.233350 0.174240 0.010100
1 0.705789 0.182200 0.044573 0.010000
5 0.714399 0.199900 0.027931 0.024800
2 0.660492 0.199850 0.081331 0.024500
0 0.852388 0.179900 0.226918 0.141800
4 0.850579 0.239750 0.219826 0.015100
3 0.849711 0.226100 0.203329 0.009600
2 0.799855 0.199200 0.064544 0.020000
1 0.945658 0.185600 0.034877 0.008800
1 0.836179 0.185050 0.036469 0.008900
5 0.843560 0.199300 0.024023 0.019800
5 0.952026 0.199700 0.023010 0.019600
2 0.909407 0.199450 0.064544 0.019100
