0 0.277135 0.260750 0.431838 0.276300
3 0.264110 0.375600 0.281042 0.012400
4 0.268307 0.389150 0.337482 0.009700
5 0.464472 0.338450 0.046165 0.039700
1 0.450072 0.311400 0.073227 0.015400
2 0.379378 0.338500 0.126339 0.038200
0 0.852967 0.331950 0.227207 0.125100
3 0.851664 0.379600 0.128799 0.008600
4 0.851737 0.388650 0.179016 0.007500
5 0.950579 0.352800 0.029957 0.023800
1 0.942185 0.334800 0.046165 0.011800
2 0.897106 0.352800 0.081331 0.024200
0 0.856729 0.475400 0.226049 0.148800
4 0.854486 0.539450 0.218958 0.016300
3 0.853907 0.519900 0.209986 0.019000
5 0.952677 0.496100 0.030101 0.024400
1 0.939725 0.477850 0.044139 0.011100
2 0.897323 0.496550 0.080897 0.024100
0 0.738278 0.846350 0.437192 0.265900
1 0.903473 0.901500 0.071201 0.016600
5 0.917511 0.928750 0.044573 0.037900
3 0.734443 0.959750 0.159190 0.009100
4 0.732200 0.972550 0.221852 0.010100
2 0.832272 0.928700 0.125904 0.037600
0 0.155427 0.477750 0.209551 0.127500
5 0.243632 0.499900 0.031404 0.025000
3 0.151520 0.524100 0.161795 0.009200
4 0.151158 0.534550 0.190883 0.008300
2 0.189725 0.499800 0.080753 0.024200
1 0.233068 0.481700 0.049928 0.011200
0 0.862084 0.620200 0.191317 0.137800
1 0.932417 0.620400 0.046310 0.010000
5 0.941027 0.638000 0.029957 0.024600
3 0.839797 0.673400 0.095514 0.008800
4 0.840376 0.682850 0.139508 0.007500
2 0.885890 0.638200 0.082055 0.024400
0 0.609479 0.474500 0.239219 0.149600
5 0.710347 0.500600 0.031983 0.025000
3 0.611360 0.525750 0.177279 0.010700
4 0.611288 0.539200 0.185528 0.015000
2 0.657308 0.500700 0.081331 0.025000
1 0.702967 0.482600 0.045007 0.010000
0 0.374747 0.478000 0.227062 0.130000
3 0.367583 0.525950 0.101592 0.007900
5 0.461650 0.500000 0.029233 0.025000
4 0.367511 0.535550 0.160492 0.008300
2 0.407308 0.500100 0.081187 0.024400
1 0.450796 0.482400 0.044284 0.010400
0 0.619175 0.182150 0.218958 0.150500
5 0.712880 0.205050 0.027786 0.024500
3 0.616136 0.233800 0.184226 0.010200
4 0.616860 0.248150 0.167149 0.014500
2 0.659262 0.205000 0.080897 0.024600
1 0.703835 0.186950 0.046744 0.011300
0 0.620188 0.328550 0.217221 0.136300
3 0.617800 0.382000 0.122142 0.008600
4 0.618090 0.390550 0.181476 0.007500
5 0.713459 0.351450 0.026628 0.025100
1 0.704631 0.333650 0.046889 0.010500
2 0.659190 0.351200 0.082200 0.024400
0 0.623878 0.621750 0.204631 0.135700
1 0.701230 0.632450 0.045586 0.012500
5 0.708466 0.650800 0.029088 0.024400
4 0.621852 0.682800 0.195948 0.008200
3 0.621852 0.673100 0.138640 0.008600
2 0.654776 0.651150 0.080897 0.024100
0 0.384588 0.619450 0.223300 0.139300
5 0.474964 0.647950 0.029233 0.024100
3 0.383864 0.673300 0.174096 0.009000
4 0.384805 0.682850 0.219392 0.008100
2 0.420622 0.648200 0.080029 0.023800
1 0.465195 0.630500 0.049059 0.010800
0 0.147033 0.623300 0.221708 0.148000
3 0.145224 0.673150 0.196671 0.008300
5 0.239001 0.647300 0.028220 0.024000
4 0.145658 0.686700 0.157887 0.015400
2 0.186035 0.647050 0.081187 0.024100
1 0.230391 0.629900 0.045152 0.009800
0 0.148263 0.768550 0.227062 0.132100
5 0.231621 0.795250 0.035166 0.024300
1 0.226483 0.777800 0.045152 0.010800
3 0.147106 0.819800 0.161071 0.007400
4 0.148480 0.828850 0.222576 0.007700
2 0.180535 0.795450 0.081187 0.024300
0 0.378582 0.768550 0.220260 0.146500
1 0.463386 0.776350 0.047467 0.010100
5 0.469175 0.793700 0.036179 0.025000
3 0.378871 0.815700 0.215919 0.009200
4 0.378292 0.831850 0.170188 0.015500
2 0.418234 0.794150 0.082200 0.024300
0 0.142619 0.917400 0.203907 0.124400
4 0.142692 0.972600 0.127062 0.007400
1 0.218090 0.920550 0.047178 0.010500
2 0.173155 0.938850 0.081476 0.023900
5 0.226483 0.938400 0.029812 0.024400
3 0.142764 0.962700 0.092185 0.007600
0 0.390449 0.912750 0.202315 0.136700
1 0.464327 0.922000 0.048480 0.010000
5 0.475109 0.938950 0.028365 0.024300
3 0.379088 0.963950 0.136758 0.008700
4 0.381838 0.974000 0.177858 0.006400
2 0.420984 0.939250 0.081910 0.023900
0 0.852460 0.178500 0.223300 0.144800
5 0.920839 0.208900 0.028365 0.025400
3 0.851230 0.234700 0.172504 0.011200
4 0.851954 0.244650 0.220839 0.007500
2 0.867221 0.209250 0.081476 0.024900
1 0.910999 0.190700 0.047178 0.010000
