0 0.626135 0.774000 0.174671 0.139000
3 0.615739 0.828150 0.089751 0.007900
5 0.696340 0.809100 0.029868 0.025000
4 0.614129 0.837800 0.147438 0.008400
1 0.687262 0.790900 0.045388 0.011000
2 0.641288 0.809050 0.084041 0.024900
0 0.872108 0.776250 0.179649 0.129900
2 0.889385 0.800800 0.085652 0.025800
3 0.865959 0.826250 0.126354 0.007900
5 0.945022 0.800500 0.030307 0.026200
4 0.865447 0.836350 0.162518 0.007700
1 0.936823 0.781850 0.046120 0.010500
0 0.132796 0.767900 0.236310 0.146600
3 0.130893 0.808800 0.207613 0.019200
5 0.234846 0.785050 0.028697 0.025100
4 0.133309 0.831100 0.231772 0.016600
1 0.224305 0.766450 0.048902 0.011100
2 0.179502 0.785050 0.084334 0.024700
0 0.138214 0.325100 0.186237 0.136000
3 0.137628 0.378100 0.150220 0.010000
1 0.204978 0.336450 0.049195 0.011300
5 0.214275 0.354350 0.030893 0.024500
4 0.137408 0.387550 0.116105 0.007100
2 0.158199 0.354750 0.082430 0.024100
0 0.866618 0.622600 0.233089 0.145400
3 0.853294 0.662650 0.173646 0.019500
2 0.906076 0.639100 0.083895 0.024800
5 0.963836 0.638850 0.033968 0.025300
4 0.857247 0.684300 0.211420 0.016000
1 0.954100 0.620600 0.051391 0.011800
0 0.384114 0.767950 0.268375 0.148500
3 0.382430 0.827100 0.202928 0.010000
5 0.468155 0.804950 0.032943 0.024500
4 0.385066 0.836450 0.263836 0.007900
1 0.461347 0.785600 0.044802 0.012400
2 0.411786 0.805250 0.083895 0.024500
0 0.631040 0.920500 0.212592 0.142800
2 0.663031 0.933250 0.084187 0.026300
3 0.616837 0.961200 0.181845 0.020000
5 0.719034 0.933250 0.027818 0.026100
4 0.615300 0.980800 0.147438 0.016600
1 0.708931 0.914850 0.046266 0.009700
0 0.144070 0.918300 0.229575 0.146400
3 0.143192 0.960650 0.176281 0.020100
5 0.237921 0.931750 0.030161 0.025700
4 0.139531 0.980450 0.207906 0.017100
1 0.226720 0.913650 0.051098 0.010700
2 0.181186 0.932000 0.084480 0.025000
0 0.379356 0.917700 0.228404 0.146800
2 0.410981 0.953600 0.084041 0.025600
3 0.373206 0.975050 0.179795 0.009700
5 0.468009 0.953400 0.030893 0.025400
4 0.373939 0.985700 0.213763 0.007400
1 0.460029 0.936400 0.047438 0.009400
0 0.143338 0.173950 0.202928 0.140500
5 0.228111 0.188400 0.030454 0.025400
4 0.136676 0.233950 0.166179 0.015500
3 0.134407 0.214150 0.183016 0.016700
2 0.171157 0.188500 0.086091 0.025400
1 0.220059 0.170000 0.045974 0.011600
0 0.621889 0.176300 0.196925 0.136400
5 0.702709 0.189250 0.030015 0.025900
4 0.624744 0.233850 0.154612 0.015700
3 0.619400 0.215600 0.139239 0.018200
2 0.645974 0.189350 0.085212 0.025100
1 0.692972 0.171150 0.048902 0.010500
0 0.863397 0.181250 0.227818 0.127500
1 0.949414 0.179350 0.048170 0.011100
4 0.860688 0.238400 0.155344 0.008000
3 0.861420 0.222450 0.112884 0.018100
5 0.959297 0.197650 0.030747 0.024900
2 0.903367 0.197550 0.084627 0.024500
0 0.379649 0.322550 0.233382 0.137300
3 0.373719 0.375450 0.124012 0.007900
4 0.374158 0.385250 0.145681 0.007300
1 0.472035 0.335400 0.046559 0.010600
5 0.479941 0.353700 0.030161 0.025200
2 0.424012 0.353500 0.083748 0.025000
0 0.379429 0.470800 0.249048 0.147000
3 0.373939 0.506950 0.218448 0.019900
5 0.471449 0.482700 0.030161 0.025200
1 0.461493 0.464400 0.049780 0.011600
4 0.378697 0.532650 0.245827 0.017900
2 0.414714 0.482400 0.084773 0.025200
0 0.617570 0.494600 0.199707 0.096200
3 0.621230 0.524450 0.174524 0.008100
5 0.700512 0.502400 0.030307 0.025000
1 0.692167 0.484300 0.046120 0.011800
4 0.618302 0.536450 0.177160 0.007100
2 0.643924 0.502600 0.084334 0.024800
0 0.372621 0.172150 0.195608 0.147100
5 0.452050 0.189050 0.032650 0.025500
4 0.378038 0.235650 0.135286 0.015900
3 0.373060 0.215200 0.135871 0.018200
2 0.396266 0.189450 0.083602 0.025300
1 0.444217 0.171200 0.047438 0.010000
0 0.623939 0.645750 0.229136 0.093900
3 0.626135 0.668050 0.175256 0.008700
5 0.707394 0.646100 0.030307 0.025000
1 0.698463 0.628000 0.045242 0.010800
4 0.626428 0.682600 0.132796 0.015800
2 0.651757 0.646100 0.083895 0.024800
0 0.383309 0.622500 0.194729 0.139800
3 0.381332 0.663500 0.175549 0.017400
5 0.462958 0.637050 0.028990 0.025300
1 0.455637 0.619150 0.045681 0.011100
4 0.377672 0.682900 0.176720 0.016800
2 0.406662 0.637450 0.084187 0.025100
0 0.137848 0.477400 0.200732 0.129200
3 0.138067 0.525100 0.179502 0.010000
1 0.210615 0.487000 0.049048 0.011400
5 0.219327 0.505200 0.030161 0.025200
4 0.137628 0.535400 0.197950 0.007600
2 0.163616 0.505100 0.083602 0.024400
0 0.143192 0.620350 0.220205 0.144700
3 0.127233 0.663450 0.115666 0.018900
2 0.181186 0.636250 0.082723 0.025500
1 0.229356 0.618150 0.045534 0.009900
5 0.237628 0.636250 0.031625 0.025300
4 0.131845 0.683200 0.150952 0.016000
0 0.868228 0.470950 0.233968 0.140500
3 0.871816 0.511600 0.189019 0.019200
5 0.949854 0.488000 0.029136 0.025000
1 0.941801 0.470050 0.044363 0.010700
4 0.865666 0.531600 0.222987 0.015200
2 0.894436 0.488000 0.084334 0.024800
0 0.865154 0.324800 0.187994 0.131400
1 0.930673 0.327700 0.047291 0.010400
4 0.863690 0.381300 0.157540 0.015000
3 0.863543 0.367900 0.168668 0.009200
5 0.940410 0.345500 0.028697 0.025400
2 0.885725 0.345500 0.083309 0.025400
0 0.628624 0.326950 0.196925 0.129700
4 0.623206 0.386450 0.183748 0.007500
1 0.700439 0.337150 0.047145 0.010700
5 0.710029 0.355350 0.030307 0.024700
2 0.654026 0.355450 0.083748 0.025100
3 0.625549 0.376350 0.161786 0.007700
0 0.859517 0.918600 0.215959 0.145200
2 0.894290 0.950950 0.083748 0.025300
5 0.949561 0.950600 0.027965 0.024600
4 0.859590 0.985700 0.213763 0.007400
1 0.940044 0.932800 0.047877 0.010600
3 0.852269 0.975200 0.175988 0.010000
