0 0.858755 0.814050 0.212446 0.174500
1 0.928509 0.853750 0.042547 0.008300
4 0.858321 0.891750 0.173661 0.015500
3 0.858755 0.877250 0.208973 0.009500
2 0.928148 0.840400 0.050796 0.011400
5 0.928509 0.831150 0.053546 0.007100
0 0.862663 0.641600 0.215051 0.159600
1 0.923878 0.666700 0.037048 0.007200
4 0.862446 0.711100 0.209407 0.016600
3 0.857019 0.690850 0.150796 0.018900
5 0.925253 0.644300 0.057742 0.007200
2 0.923878 0.654300 0.049783 0.011000
0 0.154993 0.573900 0.207236 0.115000
1 0.219392 0.590950 0.032996 0.008300
2 0.220043 0.577750 0.049349 0.010900
4 0.149638 0.626150 0.149928 0.007300
3 0.149204 0.615900 0.140666 0.010600
5 0.220043 0.568000 0.053980 0.007200
0 0.162880 0.448250 0.138784 0.127300
1 0.194356 0.473950 0.026628 0.008100
3 0.150145 0.496500 0.078292 0.010600
4 0.150434 0.505300 0.104631 0.006800
2 0.193922 0.461600 0.039653 0.011400
5 0.195152 0.451600 0.054848 0.007600
0 0.396020 0.449100 0.161939 0.121800
1 0.437048 0.474950 0.036179 0.007900
4 0.410420 0.505500 0.131114 0.006800
3 0.410926 0.497650 0.073951 0.007100
2 0.436903 0.462500 0.050362 0.011000
5 0.438133 0.452600 0.054269 0.007400
0 0.862735 0.110450 0.213748 0.167300
1 0.924674 0.140050 0.029088 0.006500
2 0.924530 0.129650 0.042113 0.010300
3 0.857742 0.162950 0.119247 0.019300
1 0.803980 0.141700 0.031693 0.007000
2 0.804486 0.131200 0.042836 0.009200
5 0.804920 0.122550 0.046310 0.005900
4 0.860058 0.183600 0.161795 0.015800
5 0.924891 0.121400 0.045731 0.006000
0 0.653835 0.120700 0.182923 0.146800
3 0.649928 0.177700 0.118379 0.008400
1 0.708032 0.154850 0.042113 0.008300
2 0.708177 0.142050 0.060926 0.012500
5 0.707887 0.131550 0.063821 0.007900
4 0.650072 0.187600 0.161216 0.008200
0 0.416064 0.313900 0.200579 0.136800
3 0.412084 0.359850 0.190014 0.008900
2 0.477786 0.323600 0.050796 0.011600
4 0.413242 0.373250 0.136469 0.016300
1 0.478075 0.336050 0.042113 0.008100
5 0.478944 0.314000 0.053980 0.006800
0 0.653546 0.810700 0.178292 0.184000
1 0.704703 0.844400 0.034588 0.009400
4 0.653401 0.891800 0.150217 0.015800
3 0.653184 0.871400 0.150362 0.019800
2 0.704197 0.832100 0.039942 0.011400
5 0.705499 0.822400 0.053546 0.007000
0 0.169247 0.839200 0.223878 0.121000
1 0.243922 0.865650 0.034877 0.008100
4 0.163242 0.895150 0.148770 0.006900
3 0.163748 0.885700 0.133575 0.008400
2 0.243343 0.853700 0.050796 0.011200
5 0.245369 0.843300 0.051954 0.008600
0 0.657453 0.470350 0.195369 0.170300
1 0.715195 0.502800 0.036758 0.007800
4 0.652460 0.545050 0.141389 0.015500
3 0.652533 0.531800 0.150217 0.007600
5 0.716715 0.480750 0.054269 0.007700
2 0.716498 0.490400 0.050072 0.011200
0 0.861433 0.464350 0.184805 0.182300
1 0.914689 0.515850 0.038061 0.008100
3 0.856729 0.540350 0.107381 0.007500
4 0.856874 0.549350 0.160058 0.008300
5 0.916860 0.493600 0.053690 0.007400
2 0.916787 0.503400 0.050072 0.011200
0 0.877858 0.281150 0.173082 0.165900
1 0.926990 0.322950 0.034009 0.008100
2 0.926918 0.310200 0.049493 0.011600
3 0.865847 0.347950 0.090883 0.007900
4 0.867366 0.357350 0.132127 0.007100
5 0.927931 0.300600 0.053546 0.006800
0 0.658755 0.290900 0.200579 0.160000
5 0.723517 0.298900 0.058321 0.007400
2 0.721563 0.309500 0.039653 0.011000
3 0.658321 0.346850 0.193632 0.010100
4 0.659696 0.361150 0.144573 0.014700
1 0.721635 0.321900 0.034298 0.008600
0 0.410420 0.580200 0.267149 0.128600
1 0.499204 0.582950 0.034877 0.008100
2 0.498640 0.569860 0.051375 0.011400
4 0.415485 0.632400 0.241389 0.022800
3 0.410492 0.609600 0.260347 0.019400
5 0.499638 0.560750 0.054848 0.007700
0 0.164761 0.307250 0.234877 0.134500
2 0.243126 0.322500 0.049783 0.011600
5 0.244501 0.312550 0.057742 0.007500
3 0.147829 0.359950 0.151520 0.010100
4 0.148119 0.369100 0.131838 0.007200
1 0.243705 0.335500 0.042836 0.009000
0 0.169030 0.703150 0.173661 0.137300
1 0.218524 0.730650 0.035022 0.008500
4 0.148263 0.766850 0.129233 0.008300
3 0.148191 0.756450 0.100434 0.008900
2 0.218813 0.717800 0.049493 0.011200
5 0.218596 0.708100 0.054848 0.006400
0 0.417728 0.708400 0.230246 0.126800
4 0.407959 0.764650 0.192475 0.007900
3 0.407525 0.755450 0.115195 0.007300
1 0.494863 0.732050 0.034588 0.007900
2 0.495224 0.719500 0.050072 0.011600
5 0.494356 0.709550 0.055572 0.007500
0 0.662084 0.644800 0.178292 0.133200
1 0.713965 0.668950 0.035456 0.007900
4 0.656585 0.705300 0.149638 0.007200
3 0.656729 0.695950 0.109117 0.010100
5 0.713965 0.646700 0.053980 0.006800
2 0.713097 0.656500 0.051375 0.011400
0 0.425253 0.840650 0.230246 0.125500
1 0.502822 0.848150 0.034298 0.008100
4 0.414472 0.893400 0.123589 0.014800
3 0.414038 0.873850 0.144718 0.018900
2 0.503039 0.835600 0.050072 0.011400
5 0.502388 0.825300 0.061505 0.007200
