0 0.848553 0.473400 0.211722 0.146000
1 0.927713 0.482150 0.044428 0.010700
4 0.851013 0.537450 0.159045 0.015900
2 0.882200 0.499750 0.081042 0.024300
3 0.850796 0.523450 0.192475 0.010500
5 0.936831 0.499700 0.029957 0.024200
0 0.856151 0.907550 0.217077 0.135100
4 0.845586 0.965900 0.185528 0.016600
3 0.846020 0.947750 0.191027 0.017500
2 0.893415 0.924050 0.080029 0.023900
1 0.938857 0.906600 0.047033 0.010600
5 0.947467 0.924050 0.029812 0.024100
0 0.618669 0.907900 0.225760 0.136400
4 0.614038 0.966100 0.186107 0.015800
3 0.613531 0.952050 0.211433 0.010900
2 0.657453 0.930200 0.081910 0.024400
1 0.703039 0.912400 0.045152 0.011200
5 0.711795 0.930100 0.029088 0.024200
0 0.380753 0.905100 0.204342 0.146200
4 0.380608 0.968100 0.201158 0.017000
3 0.380897 0.955300 0.144139 0.007800
5 0.466208 0.932450 0.029957 0.024700
2 0.411360 0.932400 0.080029 0.025000
1 0.457670 0.915300 0.041245 0.009400
0 0.147323 0.909700 0.218813 0.138600
5 0.240232 0.924900 0.028365 0.024400
4 0.146527 0.969400 0.214616 0.016200
3 0.145803 0.950500 0.161360 0.020200
2 0.185311 0.924850 0.081766 0.024500
1 0.230029 0.907250 0.046744 0.010700
0 0.147178 0.770700 0.212156 0.139200
1 0.228509 0.778600 0.046889 0.011400
3 0.149493 0.818900 0.152822 0.009200
4 0.149349 0.831750 0.194211 0.015300
2 0.183430 0.796500 0.080897 0.024000
5 0.238350 0.796450 0.028654 0.024300
0 0.623010 0.765350 0.219971 0.148700
4 0.617077 0.829850 0.203184 0.016900
3 0.617149 0.814750 0.202750 0.010700
2 0.660275 0.794550 0.080318 0.024700
1 0.705861 0.776900 0.045876 0.010400
5 0.714399 0.794550 0.029667 0.024700
0 0.857815 0.765450 0.173227 0.138700
4 0.851447 0.829250 0.157887 0.008700
3 0.850651 0.819450 0.136035 0.008100
2 0.873517 0.799350 0.079305 0.024900
1 0.920043 0.781600 0.039508 0.010200
5 0.927279 0.799250 0.029667 0.025100
0 0.850724 0.621300 0.216932 0.148600
1 0.926700 0.633950 0.045876 0.011500
2 0.881983 0.651200 0.080318 0.023200
5 0.936614 0.651250 0.029522 0.023100
4 0.851447 0.685550 0.149783 0.017100
3 0.851013 0.670250 0.208249 0.010100
0 0.616787 0.614350 0.211577 0.144100
1 0.697757 0.629400 0.045876 0.011400
2 0.653256 0.647550 0.080174 0.024500
5 0.707453 0.647450 0.031114 0.024500
3 0.616860 0.672000 0.163676 0.011000
4 0.616787 0.681100 0.206368 0.008200
0 0.385022 0.617500 0.229088 0.138000
1 0.473734 0.628950 0.047902 0.009500
2 0.428292 0.646050 0.081187 0.024500
5 0.483285 0.645850 0.031114 0.024300
4 0.383575 0.681200 0.213748 0.008800
3 0.383792 0.671400 0.149638 0.010000
0 0.147612 0.615150 0.209551 0.145700
1 0.226628 0.633400 0.045152 0.011000
2 0.181476 0.651200 0.081910 0.024400
5 0.236252 0.651150 0.029667 0.024500
4 0.149349 0.683500 0.200000 0.006800
3 0.149059 0.674000 0.171056 0.010800
0 0.170912 0.470750 0.189870 0.139500
1 0.241823 0.474050 0.044573 0.010300
2 0.194645 0.491600 0.081331 0.023800
5 0.249349 0.491250 0.029812 0.024100
4 0.149421 0.535500 0.144573 0.007200
3 0.149493 0.526700 0.114327 0.009200
0 0.382706 0.472300 0.215195 0.148000
1 0.462518 0.483950 0.046020 0.011300
2 0.418741 0.501800 0.080608 0.024000
4 0.382562 0.537150 0.155282 0.015100
3 0.383068 0.523600 0.195080 0.011200
5 0.472431 0.501700 0.027352 0.024000
0 0.617221 0.482150 0.223155 0.113900
1 0.699928 0.482250 0.046744 0.011500
2 0.654559 0.500200 0.080753 0.024200
4 0.617077 0.532700 0.219682 0.008200
3 0.616498 0.523300 0.178582 0.009600
5 0.709768 0.500000 0.028799 0.024000
0 0.621563 0.333850 0.224023 0.149100
4 0.617294 0.393850 0.191751 0.025100
3 0.617004 0.369750 0.209407 0.018100
1 0.706946 0.321550 0.046599 0.010700
2 0.661795 0.338850 0.079305 0.024100
5 0.716715 0.339000 0.031114 0.024000
0 0.850000 0.325900 0.205933 0.147400
4 0.851158 0.389150 0.199276 0.016900
3 0.850651 0.376250 0.172793 0.008300
1 0.912084 0.333250 0.044718 0.010700
2 0.867077 0.350550 0.080608 0.023900
5 0.922142 0.350850 0.029233 0.024100
0 0.398553 0.324750 0.200000 0.133500
4 0.382779 0.385500 0.158321 0.008200
3 0.383285 0.375950 0.130101 0.009500
2 0.428437 0.349950 0.080608 0.024500
1 0.474819 0.332450 0.048046 0.009100
5 0.483792 0.350000 0.030391 0.025000
0 0.158394 0.327800 0.217800 0.139200
4 0.149349 0.387900 0.186686 0.015400
3 0.150941 0.369700 0.184081 0.019400
2 0.194139 0.343200 0.081476 0.024600
1 0.240304 0.325800 0.045586 0.010000
5 0.249204 0.343400 0.029233 0.024800
0 0.843415 0.174000 0.210130 0.148400
3 0.851013 0.233050 0.120550 0.008500
4 0.850724 0.242100 0.188567 0.008800
2 0.877279 0.210800 0.081621 0.023800
1 0.922576 0.193300 0.041679 0.010600
5 0.931187 0.210750 0.027062 0.024300
0 0.619175 0.177950 0.230825 0.157700
3 0.616715 0.228400 0.220116 0.019200
4 0.616787 0.246950 0.209551 0.017300
2 0.662373 0.204150 0.080753 0.024500
1 0.707815 0.187350 0.046599 0.009500
5 0.716860 0.204150 0.029957 0.024100
0 0.385311 0.177500 0.220984 0.159000
4 0.383502 0.246050 0.210709 0.016100
2 0.424530 0.201700 0.080318 0.024600
3 0.383140 0.226950 0.166860 0.019900
1 0.469682 0.184200 0.046454 0.010800
5 0.478654 0.201500 0.028799 0.023400
0 0.166715 0.178400 0.199132 0.145800
4 0.150289 0.244500 0.159045 0.008200
3 0.148553 0.235000 0.135311 0.008000
2 0.193849 0.200150 0.078003 0.023700
1 0.240159 0.182950 0.045007 0.011100
5 0.247974 0.200200 0.031404 0.023800
0 0.383719 0.779400 0.222721 0.101800
4 0.383285 0.825800 0.170333 0.007800
3 0.382634 0.816600 0.154559 0.008800
2 0.424964 0.790050 0.080608 0.024100
1 0.472431 0.772350 0.042692 0.010700
5 0.479740 0.789850 0.029812 0.024100
