0 0.383213 0.911850 0.228654 0.133900
3 0.374602 0.963650 0.189436 0.010100
4 0.382779 0.972600 0.220260 0.007600
2 0.415123 0.936800 0.079450 0.024200
1 0.460564 0.919600 0.046744 0.010200
5 0.469971 0.936650 0.030535 0.023900
0 0.385311 0.184950 0.218669 0.145100
3 0.390014 0.234400 0.200000 0.011400
4 0.390087 0.248250 0.180463 0.016300
2 0.422793 0.208800 0.080608 0.025000
1 0.468379 0.191250 0.047612 0.009900
5 0.477569 0.208500 0.029522 0.025000
0 0.146961 0.921350 0.224747 0.114300
2 0.169030 0.939100 0.080463 0.024200
3 0.153329 0.963500 0.123155 0.008600
4 0.153401 0.973050 0.158032 0.007900
1 0.215412 0.921700 0.045586 0.010400
5 0.223589 0.938900 0.029812 0.023800
0 0.849928 0.469900 0.228654 0.135200
2 0.866281 0.498400 0.080174 0.023800
4 0.851013 0.533000 0.218669 0.007600
3 0.851085 0.523000 0.149928 0.012400
1 0.911795 0.480550 0.047323 0.010700
5 0.920767 0.498150 0.029957 0.024100
0 0.152605 0.327000 0.236903 0.153200
5 0.250579 0.352300 0.036614 0.025000
4 0.152750 0.394750 0.205355 0.016500
3 0.153473 0.375750 0.199855 0.021100
2 0.198119 0.352350 0.081621 0.024500
1 0.243054 0.335100 0.051375 0.009200
0 0.383357 0.327500 0.214761 0.136800
4 0.387048 0.390450 0.203329 0.008100
3 0.387916 0.381450 0.157887 0.009700
5 0.466498 0.355650 0.037192 0.023900
2 0.415412 0.355750 0.082055 0.023500
1 0.461650 0.338250 0.046020 0.010300
0 0.736903 0.256750 0.441100 0.285500
1 0.912735 0.301900 0.065412 0.014800
3 0.731114 0.368750 0.254993 0.026100
4 0.735239 0.389100 0.370912 0.012000
2 0.838929 0.328600 0.125615 0.037200
5 0.923082 0.328550 0.044139 0.037700
0 0.149783 0.188750 0.232996 0.124300
3 0.147467 0.235650 0.173372 0.008500
4 0.150507 0.244400 0.221418 0.007600
2 0.193488 0.200500 0.081042 0.024400
1 0.239942 0.182500 0.045441 0.011000
5 0.247974 0.200300 0.030535 0.024200
0 0.385384 0.475250 0.226918 0.134100
1 0.473227 0.480400 0.046020 0.010600
2 0.428365 0.497750 0.081331 0.024300
4 0.383430 0.533200 0.215774 0.007800
3 0.382634 0.524200 0.168162 0.009600
5 0.482634 0.497900 0.028654 0.023800
0 0.618234 0.478150 0.234732 0.138900
2 0.662518 0.494850 0.080753 0.023700
4 0.617149 0.537850 0.212590 0.016900
1 0.707164 0.477650 0.046165 0.010300
3 0.616715 0.522750 0.228220 0.011100
5 0.716860 0.494750 0.028509 0.024100
0 0.152894 0.476950 0.225615 0.143900
3 0.149059 0.526650 0.207236 0.009300
1 0.240810 0.473850 0.043126 0.009700
2 0.194211 0.491100 0.081331 0.024400
4 0.149132 0.539300 0.178437 0.016000
5 0.248408 0.490950 0.028799 0.024100
0 0.196527 0.618850 0.311433 0.139300
2 0.278654 0.644850 0.080608 0.024100
1 0.323951 0.627650 0.045586 0.011500
3 0.203329 0.672250 0.272359 0.011500
4 0.203546 0.682450 0.243271 0.008300
5 0.332923 0.645100 0.029378 0.023800
0 0.514255 0.621450 0.287265 0.145100
2 0.583285 0.637850 0.082055 0.024500
1 0.631042 0.620350 0.044428 0.010100
4 0.508900 0.684400 0.225326 0.015600
3 0.508249 0.666750 0.226339 0.019500
5 0.638350 0.637700 0.030101 0.024400
0 0.820333 0.622650 0.292475 0.135900
2 0.878799 0.650750 0.081766 0.024100
1 0.923951 0.633500 0.046454 0.011400
3 0.816860 0.671800 0.172069 0.010400
4 0.822938 0.681150 0.280897 0.008100
5 0.933068 0.651150 0.028799 0.023500
0 0.381910 0.763100 0.217077 0.143000
1 0.460564 0.766200 0.044718 0.011800
2 0.414689 0.783900 0.081476 0.024000
3 0.380970 0.817400 0.138205 0.009800
4 0.380463 0.828300 0.208104 0.008600
5 0.468669 0.784150 0.028509 0.024100
0 0.150072 0.769000 0.212735 0.134200
2 0.184660 0.792700 0.081331 0.024000
1 0.227641 0.776100 0.052967 0.010200
4 0.144501 0.828050 0.172648 0.007700
3 0.144863 0.817900 0.129088 0.009800
5 0.239508 0.793050 0.029812 0.023700
0 0.844790 0.926950 0.217221 0.103700
2 0.867149 0.944200 0.082779 0.023400
1 0.913169 0.926650 0.042836 0.010500
3 0.835239 0.963750 0.126049 0.008700
4 0.834588 0.972850 0.168452 0.007900
5 0.921635 0.943700 0.027641 0.023600
0 0.850724 0.771550 0.229667 0.141700
5 0.949493 0.782200 0.029812 0.023800
1 0.940087 0.764500 0.046889 0.011400
2 0.895224 0.782150 0.079016 0.024300
3 0.850072 0.818000 0.224602 0.010000
4 0.850362 0.832150 0.220839 0.016100
0 0.619537 0.763450 0.210709 0.144100
1 0.698046 0.772350 0.046454 0.010500
2 0.653329 0.790100 0.080897 0.024200
3 0.617511 0.818550 0.113169 0.008300
4 0.617873 0.828100 0.170043 0.008200
5 0.707381 0.789750 0.028075 0.024100
0 0.613893 0.911800 0.221997 0.137600
2 0.651158 0.936250 0.079450 0.024300
1 0.700000 0.918500 0.040521 0.010800
4 0.610058 0.969800 0.152967 0.017200
3 0.608683 0.955850 0.203473 0.010700
5 0.705355 0.936050 0.029812 0.024300
