0 0.210931 0.665450 0.217206 0.193900
3 0.214812 0.739500 0.186934 0.014200
5 0.294243 0.712050 0.047219 0.030500
1 0.273092 0.679800 0.053299 0.018200
4 0.223609 0.756150 0.167788 0.010100
2 0.213131 0.707400 0.109314 0.037600
0 0.709702 0.441950 0.487710 0.203100
4 0.806708 0.536000 0.273441 0.010800
1 0.910026 0.459350 0.060931 0.017100
3 0.781759 0.518200 0.319534 0.015200
5 0.928461 0.491450 0.048124 0.029900
2 0.847348 0.487000 0.109444 0.036000
0 0.834411 0.225650 0.243467 0.192500
4 0.865330 0.315450 0.162225 0.009500
3 0.855239 0.300650 0.181371 0.011700
1 0.913131 0.238750 0.062225 0.018700
5 0.932600 0.273000 0.045019 0.032200
2 0.850065 0.267400 0.112290 0.036600
0 0.278072 0.441350 0.300000 0.198900
1 0.383312 0.459350 0.058215 0.018900
4 0.300453 0.535000 0.236611 0.009800
3 0.286611 0.518050 0.265589 0.016700
5 0.403428 0.491900 0.048512 0.030400
2 0.323480 0.487500 0.108021 0.036000
0 0.519580 0.226040 0.248732 0.192000
4 0.526197 0.315600 0.212290 0.010400
3 0.514618 0.300650 0.235446 0.013100
5 0.619146 0.272750 0.047865 0.033500
1 0.598642 0.238450 0.059120 0.017300
2 0.537710 0.266650 0.110608 0.037900
0 0.223415 0.219050 0.202587 0.201100
2 0.222704 0.263700 0.106986 0.036000
5 0.301358 0.268500 0.046442 0.028400
4 0.220116 0.311850 0.191074 0.010500
1 0.282600 0.235500 0.058603 0.018400
3 0.224191 0.297100 0.182924 0.012400
0 0.300970 0.881150 0.324321 0.205100
3 0.360479 0.959550 0.177361 0.014100
1 0.416688 0.898300 0.058215 0.017400
5 0.437387 0.932250 0.048383 0.034300
4 0.362872 0.974600 0.175679 0.011000
2 0.356145 0.927850 0.110737 0.037900
0 0.716818 0.878550 0.323933 0.205300
5 0.853946 0.931300 0.048900 0.033600
1 0.833700 0.899050 0.060931 0.020300
2 0.772768 0.926300 0.111902 0.035600
4 0.738810 0.973650 0.258732 0.010900
3 0.713519 0.958300 0.307503 0.011000
0 0.522122 0.665550 0.269340 0.194100
1 0.610091 0.679000 0.058215 0.018200
5 0.630595 0.712800 0.047736 0.030600
3 0.565912 0.739200 0.155627 0.014200
4 0.577102 0.755800 0.135576 0.011400
2 0.549094 0.707100 0.109832 0.037000
0 0.855821 0.665450 0.212031 0.199100
3 0.873609 0.740150 0.149030 0.014500
1 0.915136 0.681000 0.058215 0.017600
2 0.854981 0.708450 0.108409 0.036900
5 0.935382 0.713750 0.047477 0.032700
4 0.881501 0.756750 0.137128 0.012500
