0 0.235966 0.438650 0.297520 0.199700
4 0.299739 0.533200 0.155091 0.011200
3 0.290274 0.519250 0.173760 0.014500
2 0.280940 0.486700 0.107833 0.036400
1 0.342820 0.457450 0.052480 0.016300
5 0.361358 0.489700 0.043081 0.026600
0 0.725000 0.444200 0.459399 0.190000
1 0.901044 0.456050 0.055875 0.015500
3 0.760117 0.516350 0.385248 0.013300
2 0.842820 0.485100 0.108877 0.035400
4 0.785052 0.532750 0.336945 0.010100
5 0.921410 0.488200 0.044648 0.028400
0 0.207768 0.224000 0.259661 0.184600
1 0.286423 0.234800 0.060836 0.015200
2 0.227115 0.263390 0.100601 0.036400
5 0.308747 0.268400 0.052742 0.030800
4 0.237141 0.310050 0.169582 0.009500
3 0.239752 0.295450 0.164099 0.012900
0 0.729896 0.883000 0.301044 0.189800
1 0.835444 0.894800 0.057572 0.018600
5 0.854243 0.925900 0.050261 0.031000
2 0.774543 0.922550 0.108355 0.035500
4 0.756005 0.970100 0.227154 0.010600
3 0.738838 0.953300 0.259138 0.015600
0 0.831136 0.232050 0.263577 0.180300
5 0.923956 0.269950 0.042428 0.026500
2 0.844974 0.266100 0.109530 0.036000
1 0.905222 0.238200 0.057441 0.017200
4 0.861292 0.313350 0.160966 0.012300
3 0.853525 0.298850 0.173368 0.015500
0 0.520039 0.232950 0.277154 0.177500
4 0.546736 0.313500 0.194517 0.010800
1 0.611749 0.238550 0.061358 0.019700
5 0.630679 0.269500 0.050131 0.029200
2 0.550000 0.265500 0.108616 0.036600
3 0.528590 0.298050 0.231593 0.015100
0 0.322650 0.879750 0.291253 0.192100
1 0.421018 0.893050 0.060836 0.018700
4 0.344060 0.968150 0.221802 0.011100
3 0.338446 0.952900 0.232507 0.017600
2 0.358943 0.921050 0.108486 0.036900
5 0.440209 0.925850 0.050392 0.031700
0 0.351371 0.656700 0.604047 0.205000
1 0.597258 0.676600 0.055875 0.017200
5 0.618930 0.709550 0.044909 0.030100
2 0.538773 0.705050 0.110444 0.035300
3 0.533225 0.738600 0.233812 0.016200
4 0.562141 0.752500 0.175979 0.009800
0 0.809399 0.657950 0.284334 0.200100
1 0.904569 0.675300 0.061619 0.020000
2 0.842493 0.702950 0.109530 0.035300
4 0.830157 0.750950 0.215927 0.010900
5 0.924282 0.707350 0.049608 0.030500
3 0.830157 0.736150 0.216710 0.017100
