0 0.514027 0.793360 0.377867 0.319400
5 0.671600 0.874950 0.048533 0.031700
5 0.439133 0.936100 0.048933 0.031200
2 0.358600 0.932100 0.109733 0.035000
2 0.590200 0.869300 0.111067 0.036800
3 0.610533 0.908400 0.171733 0.028600
4 0.613933 0.939150 0.168400 0.025500
1 0.650467 0.842300 0.062000 0.018200
1 0.418200 0.905650 0.059867 0.018500
0 0.366800 0.850700 0.194400 0.268200
5 0.439133 0.936100 0.048933 0.031200
4 0.366733 0.979150 0.192667 0.009100
3 0.367067 0.962750 0.190933 0.015500
2 0.358600 0.932100 0.109733 0.035000
1 0.418200 0.905650 0.059867 0.018500
0 0.829600 0.799800 0.254667 0.260600
2 0.846467 0.848600 0.107867 0.035200
4 0.849800 0.916550 0.208933 0.025700
3 0.844200 0.887550 0.218533 0.027900
1 0.906733 0.820000 0.056400 0.015800
5 0.928133 0.852100 0.049867 0.028800
0 0.169800 0.789100 0.260933 0.329800
1 0.197333 0.854700 0.061333 0.015600
4 0.141133 0.943900 0.201467 0.012200
3 0.148133 0.920850 0.190667 0.028900
2 0.135667 0.881650 0.108667 0.035900
5 0.218133 0.888050 0.051733 0.031500
