0 0.824936 0.670300 0.281572 0.185600
1 0.920619 0.676900 0.056443 0.016200
5 0.940142 0.710500 0.048840 0.031600
3 0.838209 0.739400 0.233376 0.015000
4 0.820232 0.755800 0.269072 0.011400
2 0.859858 0.705750 0.108892 0.037100
0 0.313724 0.445250 0.280284 0.198700
2 0.348711 0.488800 0.107474 0.036000
1 0.411598 0.461050 0.058505 0.016700
5 0.427964 0.491900 0.049485 0.028400
3 0.321327 0.521550 0.247036 0.012100
4 0.312951 0.537250 0.260954 0.010900
0 0.758054 0.884000 0.335696 0.200400
2 0.821714 0.928200 0.109665 0.037000
1 0.881379 0.900050 0.054768 0.016100
4 0.824098 0.976850 0.186340 0.011700
3 0.824034 0.962400 0.185180 0.015800
5 0.901353 0.931350 0.045232 0.028100
0 0.197680 0.675450 0.280928 0.177300
4 0.242977 0.756400 0.164562 0.012000
1 0.289562 0.679350 0.061340 0.018100
5 0.312307 0.711300 0.049613 0.029200
3 0.243943 0.739050 0.159536 0.015900
2 0.234729 0.707500 0.102191 0.036000
0 0.513209 0.662550 0.304768 0.193500
1 0.617397 0.675400 0.057474 0.018000
4 0.508956 0.752950 0.282603 0.009500
3 0.506701 0.737650 0.288918 0.012900
5 0.638724 0.708250 0.051675 0.027700
2 0.556572 0.704500 0.109536 0.036000
0 0.753930 0.454100 0.344201 0.168000
1 0.880541 0.455650 0.060567 0.018900
4 0.792655 0.531600 0.249485 0.011000
3 0.797745 0.515800 0.237242 0.017400
5 0.901997 0.488600 0.047809 0.032200
2 0.822036 0.483300 0.109021 0.036400
0 0.205412 0.225900 0.260052 0.187600
5 0.312178 0.267150 0.045747 0.025900
3 0.201095 0.297450 0.250129 0.011900
4 0.208698 0.312650 0.234923 0.012300
1 0.293235 0.234700 0.059407 0.015600
2 0.231894 0.263350 0.111469 0.035500
0 0.498582 0.223100 0.287629 0.190400
4 0.533570 0.312150 0.202448 0.010500
2 0.541108 0.264000 0.111340 0.036000
3 0.495425 0.298100 0.280026 0.013200
5 0.619394 0.267800 0.041624 0.026400
1 0.599420 0.234550 0.050902 0.014700
0 0.823228 0.215655 0.261276 0.206490
3 0.838724 0.296100 0.214562 0.013600
2 0.849356 0.264200 0.109278 0.038200
1 0.909407 0.234200 0.055412 0.018000
5 0.929639 0.270200 0.045876 0.033000
4 0.863982 0.312400 0.161469 0.010000
0 0.307487 0.884710 0.334794 0.196800
2 0.369201 0.928400 0.107474 0.037200
5 0.449034 0.932350 0.048582 0.028500
1 0.428544 0.900300 0.055284 0.018400
3 0.364755 0.961350 0.202191 0.016700
4 0.380863 0.976100 0.167912 0.008400
