0 0.266449 0.231150 0.342037 0.184700
1 0.392167 0.240200 0.052219 0.015600
2 0.334856 0.269050 0.109399 0.036900
5 0.413642 0.273750 0.045039 0.029300
4 0.353525 0.317200 0.151175 0.009600
3 0.353329 0.301300 0.151305 0.013200
0 0.747650 0.226350 0.438381 0.188300
1 0.921084 0.237350 0.053655 0.015300
5 0.941841 0.271250 0.048433 0.026500
3 0.872781 0.298850 0.159661 0.013100
4 0.880940 0.314500 0.150392 0.009800
2 0.860444 0.266400 0.112533 0.036400
0 0.835183 0.456900 0.271410 0.172600
1 0.924674 0.459450 0.063185 0.021100
5 0.944713 0.492700 0.047911 0.028800
4 0.872258 0.535000 0.170888 0.009000
2 0.864230 0.487050 0.109922 0.035300
3 0.876567 0.520500 0.162794 0.013200
0 0.189883 0.452500 0.282376 0.178800
1 0.286945 0.460550 0.055614 0.017900
5 0.305940 0.491150 0.046867 0.028700
3 0.243277 0.519850 0.151044 0.014100
2 0.225326 0.487400 0.111227 0.036400
4 0.243538 0.535000 0.151305 0.011200
0 0.521802 0.452650 0.269452 0.175300
1 0.609791 0.459800 0.054830 0.015800
5 0.627937 0.492750 0.048825 0.034100
4 0.566188 0.535150 0.151697 0.009300
3 0.567232 0.519850 0.149869 0.012900
2 0.547781 0.487250 0.109399 0.035500
0 0.188903 0.675550 0.270757 0.166900
1 0.283029 0.676650 0.055091 0.014100
5 0.300849 0.709700 0.043734 0.029400
4 0.220757 0.752600 0.193211 0.009800
2 0.221606 0.704300 0.111619 0.036000
3 0.200065 0.736550 0.230679 0.013500
0 0.655026 0.670800 0.486815 0.176200
5 0.872781 0.708800 0.050000 0.027800
1 0.851110 0.676200 0.054961 0.015400
4 0.775849 0.751900 0.217493 0.011000
2 0.790470 0.705150 0.110966 0.036300
3 0.757376 0.737100 0.254178 0.013000
0 0.806723 0.879500 0.233029 0.195400
1 0.875522 0.879150 0.055222 0.019700
3 0.811097 0.947650 0.200000 0.029100
4 0.801240 0.970350 0.219713 0.009100
2 0.816188 0.907150 0.110444 0.035500
5 0.896997 0.911300 0.044386 0.029600
0 0.504112 0.876000 0.319974 0.202600
4 0.519909 0.970200 0.256266 0.011400
1 0.612728 0.893900 0.062010 0.019400
5 0.632507 0.927250 0.046475 0.032300
3 0.497063 0.953450 0.301436 0.017100
2 0.554178 0.922650 0.108094 0.036300
0 0.196867 0.871900 0.234987 0.214400
1 0.267167 0.881500 0.060705 0.019800
4 0.193734 0.972450 0.213316 0.010100
5 0.285052 0.915000 0.047911 0.031000
3 0.203003 0.950100 0.199739 0.028000
2 0.205026 0.909000 0.107702 0.036000
