0 0.512777 0.662937 0.267797 0.174625
4 0.506519 0.743207 0.252934 0.010689
3 0.507953 0.726274 0.246675 0.015185
5 0.619231 0.700899 0.049153 0.031369
1 0.597784 0.667532 0.060756 0.016583
2 0.537614 0.694755 0.109909 0.037263
0 0.234289 0.256893 0.356193 0.126573
1 0.363233 0.237812 0.061017 0.018482
2 0.301434 0.265185 0.110561 0.035465
5 0.384876 0.270879 0.050065 0.031069
4 0.268644 0.313337 0.258801 0.009890
3 0.228096 0.297103 0.338853 0.012787
0 0.721512 0.227672 0.462321 0.185215
5 0.928292 0.271528 0.046415 0.029171
1 0.908279 0.237962 0.061147 0.017183
2 0.848240 0.265385 0.109778 0.035664
3 0.721512 0.298302 0.443546 0.012987
4 0.733312 0.313836 0.419687 0.011489
0 0.822360 0.658591 0.274967 0.197502
1 0.911604 0.673626 0.059713 0.016583
5 0.931877 0.706244 0.049153 0.033067
2 0.849283 0.701299 0.111343 0.037163
3 0.815385 0.733916 0.258149 0.012288
4 0.842112 0.749700 0.206258 0.012488
0 0.185137 0.659640 0.296219 0.198002
5 0.304889 0.710290 0.053325 0.031968
1 0.282855 0.676274 0.058018 0.015884
4 0.188462 0.751648 0.255671 0.011588
3 0.181682 0.737912 0.270274 0.013287
2 0.221317 0.704695 0.107301 0.036563
0 0.193937 0.877572 0.258540 0.196903
5 0.296545 0.896553 0.049153 0.031868
1 0.276793 0.863287 0.057366 0.018082
2 0.215515 0.890909 0.109518 0.035964
3 0.213038 0.931319 0.194785 0.028072
4 0.208996 0.962188 0.204172 0.026274
0 0.506649 0.883741 0.281095 0.186364
3 0.511995 0.955395 0.239635 0.015285
4 0.521252 0.969730 0.221121 0.010789
5 0.619687 0.927822 0.051369 0.032667
1 0.594459 0.893756 0.060626 0.015485
2 0.537810 0.921578 0.108735 0.036563
0 0.838983 0.875375 0.255020 0.205295
3 0.845111 0.931518 0.212516 0.026873
5 0.938983 0.897203 0.051890 0.031169
1 0.918253 0.865634 0.056845 0.019980
2 0.855541 0.892058 0.108214 0.035065
4 0.834355 0.963437 0.232464 0.024975
0 0.345398 0.454396 0.493090 0.174126
5 0.561604 0.485165 0.052021 0.032867
1 0.542112 0.448651 0.070926 0.022378
2 0.467601 0.480619 0.130248 0.041958
3 0.341656 0.519530 0.480443 0.015485
4 0.371773 0.534815 0.425424 0.011289
0 0.832399 0.438312 0.270274 0.205095
1 0.920730 0.459141 0.064407 0.018781
2 0.858409 0.486613 0.108214 0.035764
5 0.938396 0.491159 0.045763 0.031668
3 0.830704 0.519131 0.244980 0.015085
4 0.825815 0.534216 0.256323 0.010889
