0 0.536818 0.425950 0.259870 0.201700
5 0.639610 0.477700 0.046494 0.029600
3 0.530974 0.504100 0.245065 0.014200
1 0.619221 0.443800 0.059221 0.018400
4 0.548117 0.520400 0.208701 0.010800
2 0.559091 0.472850 0.110909 0.036300
0 0.306039 0.215300 0.239870 0.198800
3 0.300065 0.291150 0.223766 0.014100
4 0.304610 0.306900 0.216753 0.011000
2 0.317078 0.259400 0.110260 0.037800
1 0.378701 0.230900 0.058442 0.017800
5 0.398377 0.266050 0.048182 0.035700
0 0.855260 0.424750 0.226883 0.208700
3 0.862987 0.506250 0.182857 0.012500
2 0.857273 0.474000 0.108052 0.035200
5 0.938117 0.477450 0.048701 0.032900
4 0.879935 0.522350 0.148442 0.011900
1 0.920260 0.446050 0.057922 0.017100
0 0.221623 0.430300 0.244805 0.204800
2 0.234091 0.478600 0.108961 0.036600
5 0.314740 0.483950 0.048182 0.033500
4 0.224935 0.526450 0.206234 0.010500
3 0.216169 0.512100 0.226364 0.016600
1 0.290000 0.450200 0.052987 0.015600
0 0.719416 0.210900 0.248961 0.205200
4 0.720519 0.304850 0.215844 0.011100
3 0.712922 0.290600 0.229221 0.015200
2 0.733052 0.257300 0.109740 0.036600
5 0.816104 0.260050 0.051688 0.031100
1 0.794286 0.227800 0.055584 0.017000
