0 0.175162 0.429400 0.302853 0.210400
1 0.286641 0.452100 0.042023 0.016000
5 0.301427 0.485950 0.044617 0.028900
3 0.241958 0.514500 0.150843 0.013200
4 0.192218 0.528350 0.249027 0.009100
2 0.223087 0.481650 0.107393 0.038100
0 0.814591 0.209610 0.301946 0.208200
3 0.903048 0.290750 0.103891 0.012300
4 0.895331 0.306850 0.120623 0.011100
5 0.940402 0.264700 0.047860 0.032200
1 0.919715 0.232350 0.061479 0.018700
2 0.859663 0.259850 0.109209 0.035100
0 0.815305 0.427550 0.304799 0.214100
4 0.821206 0.528450 0.271206 0.010300
3 0.867510 0.513350 0.173930 0.013100
5 0.941375 0.486150 0.047730 0.031300
1 0.917899 0.454000 0.057069 0.019000
2 0.860052 0.481700 0.109468 0.036000
0 0.181971 0.867500 0.296239 0.205000
4 0.214527 0.962550 0.204669 0.010900
1 0.283658 0.887000 0.059403 0.017400
5 0.304475 0.920100 0.047341 0.031600
3 0.249481 0.946500 0.135798 0.013400
2 0.224643 0.915250 0.109987 0.038100
0 0.494916 0.876590 0.303372 0.217900
5 0.619066 0.935550 0.049546 0.033900
4 0.538651 0.977850 0.187030 0.012100
1 0.598444 0.900400 0.058885 0.015600
2 0.537678 0.929100 0.110117 0.036600
3 0.547665 0.960500 0.168223 0.012200
0 0.813748 0.744150 0.308949 0.393900
5 0.939754 0.892200 0.048898 0.031400
1 0.919974 0.858550 0.057847 0.016700
4 0.868029 0.934700 0.171595 0.010600
3 0.889429 0.918150 0.127497 0.013300
2 0.858042 0.887000 0.110636 0.036000
0 0.178210 0.652200 0.300908 0.214000
5 0.302983 0.710500 0.048249 0.034200
3 0.236252 0.736900 0.160441 0.013000
4 0.246952 0.752500 0.140078 0.010800
1 0.283009 0.675800 0.058625 0.015400
2 0.222503 0.704100 0.107523 0.037000
0 0.495525 0.652400 0.296109 0.211000
4 0.552010 0.750950 0.167575 0.011500
3 0.543969 0.735400 0.184695 0.014800
2 0.564073 0.701800 0.154864 0.037400
1 0.602853 0.674200 0.059144 0.018600
0 0.496757 0.427500 0.297017 0.208600
4 0.531777 0.525750 0.210636 0.009900
2 0.563878 0.478700 0.153956 0.036400
1 0.606031 0.450550 0.053307 0.018900
3 0.601362 0.510650 0.071984 0.013300
0 0.496628 0.205800 0.295460 0.210000
3 0.569585 0.287700 0.134501 0.012600
2 0.564591 0.255500 0.155901 0.036600
1 0.604021 0.226750 0.061738 0.014500
4 0.536122 0.303450 0.199870 0.010500
0 0.179248 0.206550 0.306615 0.213100
3 0.218482 0.289600 0.216213 0.018000
1 0.290661 0.230050 0.054994 0.017300
2 0.253437 0.257900 0.154345 0.036600
4 0.218677 0.306050 0.215564 0.011700
