0 0.513506 0.845300 0.825455 0.217800
4 0.495974 0.947050 0.520260 0.011500
3 0.495455 0.930950 0.715065 0.016300
0 0.326948 0.588940 0.286364 0.269400
3 0.339545 0.703500 0.252857 0.017000
2 0.412208 0.498650 0.056623 0.028500
4 0.338831 0.718150 0.194805 0.009500
5 0.411883 0.469800 0.037532 0.028400
0 0.532662 0.284700 0.700649 0.328400
4 0.596558 0.442050 0.420130 0.008700
2 0.673766 0.386650 0.135325 0.047500
3 0.531429 0.425050 0.550390 0.015300
5 0.778052 0.394950 0.061818 0.038900
0 0.716039 0.601800 0.300649 0.247800
1 0.817727 0.644850 0.062727 0.019900
5 0.840455 0.677600 0.049221 0.031600
4 0.735065 0.720200 0.234545 0.009200
3 0.711299 0.704150 0.285974 0.015500
2 0.758052 0.672550 0.112208 0.036300
