0 0.797280 0.550450 0.311917 0.262300
2 0.841710 0.625400 0.109067 0.036800
1 0.903692 0.597300 0.062047 0.016200
5 0.923446 0.632450 0.048446 0.031300
4 0.824547 0.674650 0.223964 0.011700
3 0.794948 0.658200 0.282124 0.013600
0 0.512306 0.858550 0.476943 0.224500
1 0.702461 0.886550 0.056736 0.016100
4 0.654987 0.963650 0.161528 0.011700
2 0.641839 0.916250 0.110622 0.036900
3 0.640738 0.948150 0.191062 0.015500
5 0.722215 0.921400 0.046244 0.028800
0 0.765091 0.270700 0.371891 0.238200
2 0.837630 0.334900 0.107383 0.037200
1 0.898575 0.307350 0.058031 0.020700
3 0.852655 0.367150 0.162047 0.014300
4 0.866321 0.382800 0.134456 0.011600
5 0.919365 0.340550 0.050130 0.032700
0 0.297798 0.263300 0.272539 0.253600
2 0.327073 0.334200 0.110104 0.035600
5 0.408808 0.339750 0.047409 0.032700
1 0.387953 0.306900 0.060363 0.015800
4 0.333549 0.382900 0.176166 0.012200
3 0.346826 0.366250 0.151684 0.015700
0 0.298446 0.556250 0.283420 0.251300
1 0.389249 0.598150 0.058031 0.018500
4 0.341580 0.673900 0.160104 0.011600
2 0.327008 0.625700 0.109974 0.036800
5 0.409262 0.630250 0.049093 0.030100
3 0.337306 0.659550 0.169689 0.015700
