0 0.485927 0.657750 0.228664 0.194900
5 0.574319 0.705100 0.048508 0.032200
1 0.554475 0.672800 0.054994 0.017800
3 0.480480 0.732900 0.215435 0.013600
2 0.492412 0.700250 0.110636 0.037900
4 0.490986 0.748150 0.194682 0.010100
0 0.687419 0.424400 0.403372 0.197800
1 0.840791 0.440850 0.057458 0.016900
5 0.862970 0.474050 0.049416 0.032500
2 0.780480 0.468150 0.112192 0.036300
4 0.723022 0.516250 0.328794 0.011900
3 0.723671 0.500800 0.326978 0.017000
0 0.765888 0.886150 0.285344 0.193100
1 0.854280 0.899400 0.060052 0.017600
2 0.792607 0.926700 0.109468 0.036000
5 0.874514 0.931100 0.046563 0.028600
4 0.776329 0.974950 0.259274 0.010500
3 0.765370 0.960250 0.281453 0.014100
0 0.195850 0.886000 0.245396 0.188000
3 0.222114 0.959600 0.172374 0.014800
5 0.294228 0.931100 0.046304 0.030400
1 0.277432 0.898250 0.061738 0.018100
2 0.213943 0.925000 0.108820 0.036400
4 0.239559 0.973200 0.139559 0.011600
0 0.256291 0.437250 0.352010 0.171700
1 0.382036 0.441400 0.064202 0.013400
3 0.363294 0.501900 0.124254 0.018000
4 0.411803 0.516350 0.029053 0.009700
2 0.319780 0.468600 0.109079 0.036000
5 0.400908 0.474250 0.047990 0.032900
0 0.298508 0.243900 0.326459 0.157400
3 0.353178 0.300950 0.213489 0.012700
4 0.400324 0.316150 0.120233 0.010300
5 0.435733 0.273350 0.045266 0.031100
1 0.415305 0.238950 0.060182 0.014900
2 0.355577 0.267600 0.110895 0.036800
0 0.773865 0.239050 0.317639 0.164900
3 0.851881 0.300050 0.155383 0.016100
4 0.841115 0.316050 0.177432 0.009300
1 0.884371 0.238850 0.054086 0.019100
2 0.825357 0.267900 0.110117 0.036400
5 0.906291 0.273000 0.049157 0.032400
0 0.193191 0.669100 0.276913 0.172200
1 0.285409 0.672650 0.056420 0.018700
5 0.303826 0.706100 0.051232 0.030400
2 0.221530 0.700700 0.106874 0.037600
4 0.209274 0.748800 0.219066 0.011200
3 0.203761 0.733450 0.229313 0.016700
0 0.749416 0.652900 0.262516 0.201000
2 0.769974 0.700500 0.109857 0.037200
4 0.758820 0.747300 0.216991 0.010000
3 0.743126 0.732550 0.248638 0.013500
1 0.833722 0.672650 0.059922 0.017700
5 0.853243 0.705650 0.046304 0.031700
0 0.479313 0.882300 0.285733 0.193200
4 0.489948 0.973300 0.235668 0.008600
3 0.474514 0.958400 0.266537 0.012200
1 0.574189 0.898150 0.055772 0.014100
2 0.512776 0.926000 0.108820 0.037000
5 0.593385 0.931150 0.045914 0.030300
