0 0.189750 0.229400 0.288568 0.191600
2 0.220631 0.269700 0.106439 0.036000
1 0.283509 0.242600 0.063995 0.016800
4 0.182786 0.317350 0.272799 0.012300
5 0.304993 0.273700 0.049146 0.031200
3 0.193298 0.302250 0.252825 0.016300
0 0.490407 0.221500 0.277530 0.207200
2 0.520171 0.269700 0.107359 0.036400
3 0.508279 0.302800 0.227070 0.016800
1 0.578778 0.241550 0.051905 0.018300
5 0.601840 0.274800 0.048620 0.030000
4 0.526741 0.317700 0.190145 0.012000
0 0.825887 0.221900 0.294087 0.205000
2 0.859921 0.254200 0.109330 0.036000
1 0.922273 0.226200 0.065309 0.017800
5 0.942904 0.259050 0.047963 0.031900
4 0.821813 0.317600 0.284100 0.011600
3 0.848357 0.293800 0.234954 0.028200
0 0.816557 0.448150 0.304336 0.189300
2 0.858016 0.486800 0.105519 0.037000
1 0.923193 0.458700 0.060315 0.014600
4 0.832063 0.535000 0.249146 0.010400
3 0.811170 0.520000 0.291196 0.015600
5 0.941656 0.493150 0.048620 0.032700
0 0.528844 0.451500 0.242970 0.180200
1 0.601445 0.459750 0.059133 0.017700
2 0.542050 0.487300 0.107490 0.036000
5 0.624573 0.493200 0.046781 0.033200
4 0.545795 0.535500 0.184363 0.011000
3 0.523325 0.520200 0.229304 0.014600
0 0.275427 0.878600 0.341656 0.198200
2 0.335611 0.923600 0.105388 0.035800
1 0.401117 0.896950 0.054534 0.018100
3 0.365572 0.956500 0.139028 0.015800
4 0.372011 0.971550 0.126150 0.010900
5 0.419777 0.929150 0.049540 0.031100
0 0.737254 0.881850 0.330223 0.192100
2 0.788633 0.923550 0.106045 0.036300
1 0.853417 0.895700 0.058739 0.017800
3 0.814915 0.956150 0.142050 0.013700
5 0.872536 0.928550 0.049409 0.030500
4 0.820762 0.971200 0.131669 0.011600
0 0.300723 0.672650 0.379895 0.176100
2 0.379632 0.704350 0.107753 0.036700
1 0.439553 0.676450 0.059396 0.019300
5 0.461367 0.707200 0.048357 0.028800
3 0.299737 0.736400 0.354008 0.014400
4 0.348620 0.751750 0.253876 0.011900
0 0.195072 0.457800 0.271091 0.172400
2 0.220171 0.486600 0.103679 0.035600
1 0.284231 0.458900 0.060447 0.020800
5 0.301774 0.492550 0.050066 0.033900
4 0.225072 0.533490 0.186281 0.012620
3 0.207293 0.517650 0.224047 0.015900
0 0.752431 0.667200 0.437319 0.182400
2 0.857687 0.704800 0.101445 0.036000
1 0.921353 0.677050 0.062681 0.020500
3 0.746058 0.735250 0.422733 0.015100
4 0.770631 0.751600 0.371222 0.010000
5 0.941853 0.708950 0.047700 0.029900
