0 0.517493 0.219750 0.266580 0.202900
2 0.543473 0.265350 0.106789 0.037900
5 0.625457 0.271200 0.050131 0.031400
1 0.605287 0.237450 0.057572 0.017300
4 0.522454 0.313900 0.235770 0.011400
3 0.524086 0.298500 0.231723 0.016200
0 0.838773 0.229850 0.247781 0.181100
2 0.853133 0.264250 0.104700 0.035700
1 0.916057 0.236700 0.059269 0.017600
4 0.865209 0.312650 0.169321 0.010700
5 0.933616 0.269450 0.050783 0.031700
3 0.869517 0.297100 0.159661 0.014200
0 0.514621 0.458150 0.284595 0.161300
2 0.550522 0.484250 0.108094 0.035700
1 0.612467 0.455950 0.059661 0.018700
4 0.560379 0.532200 0.169843 0.010800
3 0.543930 0.516550 0.202742 0.015500
5 0.631057 0.489050 0.043368 0.028800
0 0.512206 0.671350 0.279765 0.170100
2 0.542363 0.702100 0.107963 0.037600
4 0.562533 0.748750 0.153264 0.011700
3 0.552872 0.733750 0.170235 0.013300
5 0.625457 0.706500 0.050131 0.032000
1 0.603851 0.673550 0.056266 0.017700
0 0.828003 0.681200 0.260444 0.149200
2 0.846018 0.686400 0.107963 0.036600
5 0.929569 0.691350 0.051044 0.030700
1 0.906789 0.658450 0.056658 0.017700
4 0.854243 0.749450 0.176371 0.011100
3 0.843342 0.726200 0.197389 0.027200
0 0.740940 0.875420 0.378460 0.201600
2 0.823760 0.921900 0.109138 0.037600
5 0.905287 0.926400 0.048956 0.031200
1 0.885770 0.893750 0.060313 0.016700
4 0.841514 0.969650 0.153525 0.010700
3 0.835313 0.953950 0.165927 0.014300
0 0.331201 0.875400 0.290339 0.201200
2 0.363838 0.920300 0.107311 0.036400
1 0.427285 0.892600 0.057441 0.016000
3 0.350783 0.953950 0.216710 0.012900
5 0.448107 0.925400 0.049217 0.031600
4 0.343538 0.969400 0.237728 0.012000
0 0.217037 0.653550 0.273499 0.199900
2 0.244256 0.696450 0.107572 0.037300
1 0.306984 0.668200 0.053655 0.016400
4 0.211488 0.744950 0.259269 0.010700
3 0.220300 0.729650 0.240078 0.014500
5 0.325457 0.700500 0.048042 0.028200
0 0.842963 0.459150 0.247781 0.161900
2 0.854178 0.484050 0.107050 0.037900
1 0.916319 0.456100 0.055875 0.017000
4 0.864556 0.532350 0.171410 0.010700
3 0.864360 0.517200 0.173368 0.013800
5 0.937239 0.488500 0.048760 0.032000
0 0.192363 0.450500 0.301436 0.177400
2 0.230875 0.482200 0.110313 0.037800
5 0.315078 0.489100 0.050522 0.033000
1 0.292885 0.454650 0.053655 0.015900
4 0.209922 0.531500 0.238120 0.010800
3 0.226110 0.514400 0.206005 0.016400
0 0.194269 0.230310 0.291384 0.183200
5 0.311162 0.270800 0.050261 0.030000
2 0.229439 0.265350 0.106658 0.037900
1 0.289687 0.236850 0.057963 0.018100
3 0.193603 0.298400 0.264752 0.016200
4 0.200979 0.313900 0.250000 0.012000
