0 0.174162 0.420000 0.299356 0.216200
3 0.239755 0.505950 0.155026 0.014500
2 0.244910 0.472450 0.155799 0.036900
4 0.239755 0.521200 0.155799 0.010800
1 0.282861 0.445200 0.056443 0.018800
0 0.178415 0.860700 0.296005 0.193000
1 0.286856 0.875050 0.056959 0.017100
4 0.209794 0.950550 0.224485 0.011100
3 0.207796 0.934300 0.225387 0.015800
2 0.248003 0.902400 0.154510 0.037200
0 0.814304 0.645800 0.309536 0.214800
3 0.870812 0.730400 0.175902 0.015200
4 0.862468 0.745045 0.192204 0.010290
2 0.885954 0.696350 0.153351 0.037900
1 0.922938 0.666900 0.057732 0.016000
0 0.492977 0.644350 0.296005 0.217300
1 0.600129 0.668650 0.059794 0.016300
2 0.562436 0.697550 0.155026 0.037100
3 0.547938 0.731200 0.172680 0.012600
4 0.547745 0.746600 0.174613 0.010000
0 0.257023 0.196150 0.441366 0.220100
3 0.402062 0.280950 0.140206 0.017300
4 0.387371 0.298750 0.167784 0.011500
2 0.399742 0.250000 0.152577 0.036800
1 0.439562 0.222500 0.056701 0.017400
0 0.752384 0.200800 0.435180 0.217600
3 0.911856 0.283200 0.080670 0.014600
4 0.892590 0.298100 0.119201 0.010000
2 0.878157 0.249450 0.155541 0.037900
1 0.918106 0.219950 0.057345 0.017700
0 0.808312 0.421650 0.297552 0.215700
3 0.918041 0.504600 0.066495 0.017800
4 0.888595 0.521750 0.125387 0.012100
1 0.914884 0.443950 0.053479 0.015900
2 0.878093 0.471950 0.154639 0.037700
0 0.491302 0.420200 0.292655 0.219200
3 0.576224 0.506400 0.104768 0.013800
2 0.555541 0.472350 0.156959 0.036300
4 0.565612 0.521090 0.124704 0.011820
1 0.594974 0.444100 0.060309 0.017800
0 0.492590 0.862050 0.301933 0.195700
1 0.603995 0.878350 0.059794 0.017300
2 0.565722 0.906300 0.155412 0.037600
3 0.525451 0.939100 0.226160 0.014000
4 0.515657 0.953900 0.241624 0.010800
0 0.808054 0.862950 0.298582 0.198900
1 0.908634 0.878000 0.062371 0.020000
4 0.839820 0.955600 0.202577 0.008600
2 0.869974 0.906350 0.154639 0.035700
3 0.845103 0.940450 0.192784 0.014900
0 0.178866 0.643100 0.296907 0.216000
1 0.286405 0.666500 0.057603 0.015600
3 0.250709 0.726650 0.141108 0.016700
4 0.234085 0.743800 0.174871 0.012600
2 0.248840 0.694700 0.154639 0.037600
