0 0.747613 0.253297 0.438710 0.274026
2 0.852794 0.330819 0.112735 0.036763
1 0.917613 0.301598 0.055355 0.017582
4 0.804194 0.379021 0.296903 0.011189
3 0.759355 0.364186 0.384258 0.016683
5 0.937806 0.336563 0.047742 0.031568
0 0.255548 0.250899 0.388000 0.270430
2 0.339613 0.330220 0.105032 0.037862
1 0.403613 0.302048 0.058839 0.016284
5 0.422839 0.335315 0.049806 0.030669
4 0.290839 0.378721 0.291871 0.010989
3 0.285355 0.362837 0.303871 0.013986
0 0.273161 0.549251 0.368258 0.260340
2 0.342065 0.623027 0.103742 0.035664
1 0.405548 0.595355 0.063484 0.020080
4 0.365484 0.671978 0.148774 0.010689
3 0.351548 0.656194 0.177677 0.014086
5 0.425484 0.628072 0.050710 0.032767
0 0.502387 0.850799 0.607613 0.247852
3 0.704452 0.950100 0.172258 0.013686
2 0.693097 0.917183 0.107484 0.037163
5 0.777742 0.922128 0.055613 0.029670
1 0.756710 0.888911 0.055355 0.017383
4 0.706968 0.966334 0.165677 0.010989
0 0.735161 0.575325 0.389548 0.210390
2 0.812581 0.623227 0.108774 0.035465
5 0.893806 0.627323 0.046968 0.029870
1 0.875355 0.595105 0.064774 0.018781
4 0.825419 0.672128 0.169548 0.010789
3 0.814258 0.655395 0.188516 0.015285
