0 0.870183 0.657942 0.215596 0.206394
2 0.868480 0.706094 0.109174 0.035964
3 0.866121 0.738112 0.196986 0.018681
5 0.950786 0.710290 0.048100 0.031768
4 0.864482 0.753796 0.198427 0.011289
1 0.928244 0.678372 0.058060 0.017682
0 0.389056 0.655045 0.228965 0.213786
1 0.455046 0.679321 0.058191 0.017582
2 0.393316 0.706144 0.110092 0.036064
5 0.475360 0.711638 0.046658 0.031868
4 0.382700 0.753796 0.214155 0.010889
3 0.393185 0.738262 0.193447 0.018182
0 0.154391 0.655644 0.257667 0.211588
2 0.173657 0.706494 0.107208 0.037562
4 0.149148 0.753996 0.244823 0.010689
5 0.256815 0.711638 0.048362 0.030869
3 0.150000 0.738212 0.242333 0.018082
1 0.237090 0.678172 0.060026 0.017882
0 0.625491 0.657742 0.202752 0.205994
5 0.699869 0.710989 0.049279 0.032368
3 0.619987 0.738561 0.188073 0.019181
4 0.621560 0.754046 0.183617 0.011389
1 0.680734 0.678372 0.060550 0.017882
2 0.617235 0.705794 0.107602 0.035964
0 0.206029 0.876274 0.271035 0.206494
5 0.303408 0.927373 0.045609 0.028971
3 0.234404 0.954046 0.209305 0.016583
4 0.231913 0.970979 0.214024 0.011888
1 0.284207 0.895355 0.057536 0.016484
2 0.222870 0.923427 0.108912 0.036863
0 0.530931 0.872078 0.259764 0.202098
3 0.536632 0.951548 0.222674 0.018781
4 0.538401 0.966833 0.217038 0.010989
5 0.632307 0.923427 0.048100 0.029670
1 0.612123 0.892857 0.052556 0.019281
2 0.550852 0.920380 0.108257 0.035564
0 0.809764 0.877223 0.264613 0.205794
2 0.832110 0.922827 0.107995 0.037463
5 0.913958 0.928322 0.048886 0.031668
3 0.839843 0.955045 0.176933 0.017782
4 0.804653 0.971029 0.248100 0.011189
1 0.893709 0.894206 0.055832 0.016983
