0 0.721736 0.255700 0.403003 0.194000
3 0.757311 0.327000 0.302872 0.014600
4 0.790796 0.343300 0.234856 0.011000
2 0.812272 0.295300 0.107050 0.036000
5 0.894060 0.300500 0.048433 0.031400
0 0.705744 0.770450 0.384856 0.355700
3 0.701436 0.924450 0.369713 0.015700
5 0.871149 0.896950 0.046997 0.029700
2 0.789099 0.893150 0.106397 0.034900
4 0.730157 0.940900 0.310966 0.010600
1 0.853916 0.864650 0.059008 0.016900
0 0.717493 0.453000 0.444125 0.177600
1 0.891775 0.453850 0.058486 0.015700
5 0.909661 0.487150 0.047520 0.031500
4 0.751567 0.530100 0.347520 0.010600
3 0.712663 0.514000 0.430026 0.015400
2 0.827676 0.482050 0.107311 0.037900
0 0.279112 0.453700 0.380940 0.169800
5 0.441188 0.487600 0.048172 0.030000
3 0.342689 0.514950 0.226110 0.017300
4 0.371671 0.531250 0.169452 0.010500
2 0.358420 0.483400 0.106397 0.036000
1 0.424086 0.455850 0.057833 0.017500
0 0.272650 0.771000 0.373238 0.355200
5 0.433420 0.896600 0.047258 0.028800
3 0.297911 0.924000 0.300261 0.016800
4 0.322650 0.940900 0.249739 0.011200
2 0.352089 0.892950 0.108616 0.036700
1 0.414752 0.865600 0.057702 0.018000
0 0.272846 0.248500 0.381984 0.205800
4 0.359399 0.342450 0.193734 0.009500
2 0.361488 0.294100 0.111227 0.035600
1 0.422520 0.267800 0.059138 0.018600
3 0.338446 0.325800 0.236423 0.014800
5 0.443995 0.299550 0.039948 0.030500
