0 0.283854 0.893100 0.374740 0.181800
2 0.363281 0.928000 0.107552 0.036200
1 0.424284 0.900800 0.059505 0.018200
5 0.444596 0.932500 0.049349 0.031200
4 0.324609 0.977050 0.267187 0.011300
3 0.278776 0.960800 0.359115 0.013600
0 0.290495 0.538700 0.252083 0.175200
2 0.306185 0.569900 0.105859 0.035200
1 0.369792 0.542100 0.060677 0.020200
3 0.283659 0.602600 0.237630 0.012800
4 0.304818 0.618600 0.197656 0.009000
5 0.390169 0.574350 0.051172 0.032500
0 0.815625 0.720700 0.238542 0.168000
2 0.825846 0.750100 0.109766 0.036000
3 0.854167 0.782650 0.135156 0.013300
4 0.856836 0.797600 0.130599 0.009200
1 0.888021 0.723150 0.059635 0.018300
5 0.909180 0.755350 0.049349 0.033900
0 0.516602 0.720800 0.250391 0.171400
2 0.533138 0.750250 0.105859 0.036300
1 0.596419 0.722900 0.057943 0.019600
5 0.615365 0.755250 0.047917 0.031100
3 0.522135 0.781700 0.216927 0.015800
4 0.531185 0.797950 0.198828 0.010300
0 0.696875 0.537000 0.326042 0.177200
2 0.751953 0.570000 0.107552 0.036000
4 0.750456 0.618650 0.194141 0.010900
5 0.834635 0.575650 0.050260 0.030300
3 0.733659 0.602400 0.229818 0.015000
1 0.813802 0.542950 0.061719 0.018500
0 0.750326 0.896100 0.412630 0.175800
2 0.841471 0.927250 0.107943 0.034100
1 0.902279 0.899400 0.055599 0.019000
5 0.925456 0.931050 0.050911 0.030500
4 0.853971 0.975300 0.201172 0.011000
3 0.841471 0.959750 0.226693 0.016500
0 0.182813 0.720300 0.270313 0.166000
2 0.206901 0.747850 0.103125 0.036300
1 0.269792 0.720250 0.060937 0.018900
5 0.291471 0.752350 0.051432 0.030100
3 0.214648 0.781250 0.179557 0.014700
4 0.219206 0.795850 0.170443 0.011100
