0 0.217685 0.218500 0.250715 0.207000
5 0.313069 0.270050 0.049025 0.032700
4 0.231404 0.313700 0.192068 0.011400
3 0.217295 0.297550 0.220806 0.014100
2 0.230884 0.265300 0.107802 0.036400
1 0.292653 0.238650 0.061248 0.018700
0 0.506092 0.219000 0.298869 0.204000
1 0.610013 0.237100 0.059038 0.018000
4 0.530624 0.314350 0.227178 0.011500
3 0.501821 0.297550 0.282705 0.017700
5 0.630559 0.269750 0.047074 0.028700
2 0.549480 0.265500 0.107542 0.036600
0 0.838101 0.436400 0.270221 0.209600
5 0.946424 0.472950 0.050715 0.032900
3 0.854616 0.506700 0.209883 0.031200
4 0.835761 0.531850 0.248895 0.011300
2 0.864304 0.467900 0.107282 0.036400
1 0.925618 0.440200 0.056437 0.017200
0 0.199740 0.435600 0.294408 0.211400
5 0.319441 0.471450 0.048244 0.029900
4 0.194473 0.531850 0.281274 0.012900
3 0.218140 0.507400 0.233940 0.028800
2 0.238362 0.468000 0.106892 0.036400
1 0.299740 0.440750 0.057997 0.019300
0 0.732835 0.901600 0.342393 0.164400
4 0.775098 0.972700 0.228999 0.011000
2 0.792263 0.924000 0.106762 0.035600
5 0.874642 0.928600 0.049935 0.029600
3 0.760338 0.957300 0.259558 0.013600
1 0.856567 0.895600 0.058778 0.017000
0 0.247269 0.923000 0.410533 0.098200
3 0.380949 0.956750 0.137971 0.006700
4 0.382120 0.964900 0.100000 0.007600
2 0.204486 0.951800 0.089337 0.031800
1 0.259103 0.927700 0.045644 0.014400
5 0.276463 0.956100 0.045514 0.026400
0 0.261443 0.810650 0.345254 0.094900
4 0.419181 0.772700 0.107802 0.006000
3 0.364759 0.842200 0.135761 0.008000
4 0.384395 0.850100 0.097009 0.006400
2 0.182445 0.835300 0.090247 0.032200
3 0.400780 0.764850 0.143303 0.007700
1 0.237971 0.810650 0.048895 0.015100
5 0.254356 0.839450 0.043953 0.027500
0 0.258388 0.724950 0.432770 0.106900
4 0.419181 0.772700 0.107802 0.006000
2 0.227178 0.732150 0.085566 0.031300
5 0.297854 0.736200 0.042263 0.026600
3 0.400780 0.764850 0.143303 0.007700
1 0.280884 0.707550 0.048895 0.014900
0 0.831079 0.225500 0.229129 0.191400
4 0.862614 0.313500 0.140832 0.010800
2 0.835111 0.265350 0.105852 0.036500
3 0.844603 0.297550 0.172692 0.013700
5 0.917880 0.269700 0.049025 0.032200
1 0.898960 0.237300 0.060078 0.020400
0 0.539389 0.430110 0.248244 0.217500
4 0.556697 0.522800 0.180754 0.027800
3 0.542133 0.492100 0.209623 0.028000
2 0.537516 0.451350 0.104941 0.037500
5 0.621977 0.455750 0.051495 0.031900
1 0.600650 0.423100 0.059038 0.020000
0 0.773537 0.671300 0.331990 0.178200
1 0.894928 0.678400 0.061118 0.016200
5 0.915735 0.710800 0.046034 0.030000
3 0.790702 0.738750 0.279714 0.014300
2 0.834720 0.705000 0.105332 0.036800
4 0.809948 0.754300 0.239922 0.010400
