0 0.540707 0.881900 0.446073 0.168400
4 0.628338 0.958750 0.236780 0.011100
2 0.647055 0.911000 0.099346 0.036400
1 0.717277 0.882950 0.059686 0.019300
5 0.732984 0.914950 0.051571 0.029100
3 0.614856 0.944100 0.264791 0.016200
0 0.755563 0.227600 0.345419 0.188800
2 0.818390 0.266600 0.104058 0.035600
1 0.881610 0.238950 0.053534 0.016900
5 0.900589 0.269950 0.052225 0.031100
4 0.815969 0.314400 0.199215 0.011800
3 0.817866 0.299200 0.195157 0.016600
0 0.762958 0.666700 0.397120 0.181000
2 0.848626 0.702650 0.107723 0.036500
1 0.912696 0.675050 0.061780 0.019500
5 0.932984 0.706750 0.047382 0.028900
3 0.805563 0.735350 0.282853 0.015700
4 0.832330 0.749800 0.227749 0.011800
0 0.266754 0.668900 0.397906 0.180600
4 0.368325 0.750950 0.174084 0.012100
3 0.358639 0.736500 0.197644 0.015000
1 0.419503 0.675800 0.054712 0.019800
2 0.358835 0.703300 0.105105 0.036800
5 0.440249 0.707050 0.046728 0.030700
0 0.742932 0.449050 0.371466 0.180700
2 0.818979 0.483750 0.107330 0.035900
1 0.882134 0.455350 0.061126 0.015500
5 0.902421 0.489000 0.048298 0.029600
4 0.817408 0.531700 0.199215 0.011800
3 0.779319 0.516900 0.273037 0.014000
0 0.304856 0.444170 0.321466 0.196500
2 0.351636 0.485700 0.105890 0.035600
1 0.415380 0.457600 0.059817 0.017000
4 0.325982 0.533800 0.240969 0.011400
3 0.320353 0.518700 0.255890 0.016800
5 0.432526 0.489300 0.048560 0.028400
0 0.358246 0.233600 0.313613 0.178800
3 0.367605 0.298350 0.263220 0.015700
2 0.402160 0.264300 0.108246 0.036600
1 0.465576 0.236400 0.059162 0.017600
5 0.485602 0.269350 0.050524 0.030300
4 0.385275 0.312600 0.227618 0.011000
