0 0.529265 0.874750 0.265879 0.197300
2 0.556037 0.917400 0.108924 0.035000
1 0.615420 0.888500 0.055512 0.020600
3 0.555315 0.950450 0.191995 0.016700
5 0.637598 0.920550 0.046588 0.027700
4 0.569357 0.965550 0.165223 0.010500
0 0.814436 0.867650 0.267192 0.209500
2 0.841076 0.917600 0.108661 0.036400
3 0.866601 0.950900 0.142126 0.015800
1 0.903346 0.890770 0.050525 0.014300
4 0.855512 0.964500 0.164304 0.010800
5 0.923097 0.921000 0.043570 0.036600
0 0.821260 0.647750 0.305512 0.214500
2 0.864304 0.700100 0.107874 0.036000
4 0.871982 0.747900 0.178871 0.011400
5 0.946850 0.704100 0.050656 0.027800
1 0.925525 0.668850 0.053412 0.020700
3 0.853412 0.732050 0.217585 0.012500
0 0.514501 0.659000 0.285696 0.190200
2 0.549016 0.700450 0.107218 0.035500
4 0.552100 0.747550 0.187402 0.011100
3 0.524278 0.732000 0.240945 0.013600
5 0.630381 0.704000 0.048950 0.028400
1 0.610105 0.672800 0.060367 0.020800
0 0.228412 0.446000 0.219554 0.182600
2 0.228084 0.482800 0.107874 0.038200
3 0.222375 0.514550 0.204068 0.012700
4 0.246719 0.529850 0.155381 0.012300
5 0.310367 0.487150 0.049344 0.029500
1 0.290879 0.455250 0.057087 0.017900
0 0.188911 0.658650 0.288583 0.198900
2 0.221260 0.699250 0.105774 0.036500
1 0.283924 0.671100 0.062598 0.015200
5 0.304265 0.703800 0.050000 0.033200
4 0.190945 0.747550 0.255643 0.010900
3 0.184121 0.731950 0.267717 0.015900
0 0.358268 0.218500 0.567717 0.206400
2 0.529659 0.265900 0.104724 0.038000
3 0.360367 0.299350 0.561680 0.015700
4 0.386877 0.314250 0.508136 0.012500
5 0.614501 0.272050 0.051312 0.031900
1 0.594816 0.238400 0.057349 0.017400
0 0.518176 0.433600 0.238714 0.208600
2 0.528740 0.481100 0.103675 0.036000
5 0.611417 0.484400 0.048556 0.028400
3 0.532677 0.512500 0.183202 0.013400
4 0.553740 0.529300 0.142651 0.012400
1 0.588911 0.453450 0.062861 0.019300
0 0.842913 0.217350 0.244882 0.205700
2 0.854856 0.264250 0.102362 0.037300
4 0.874016 0.312000 0.158268 0.011600
3 0.873688 0.296350 0.158924 0.013900
5 0.938320 0.269600 0.049344 0.031000
1 0.918045 0.235050 0.053412 0.015900
0 0.837205 0.434150 0.263386 0.209900
2 0.862992 0.483050 0.106562 0.036500
5 0.943504 0.487050 0.046063 0.029300
4 0.877100 0.530600 0.163123 0.011400
3 0.854528 0.513700 0.208793 0.014600
1 0.926575 0.453950 0.057087 0.017700
0 0.214042 0.878650 0.273753 0.190100
2 0.237861 0.917450 0.103806 0.036700
5 0.322900 0.920700 0.048688 0.028800
3 0.244357 0.950600 0.188976 0.014000
4 0.271063 0.965300 0.134252 0.011000
1 0.303084 0.890400 0.055774 0.017000
