0 0.850129 0.434600 0.233592 0.205600
2 0.858850 0.481750 0.107106 0.035900
1 0.919703 0.453500 0.054651 0.016200
3 0.866021 0.514800 0.176744 0.015600
5 0.940568 0.485400 0.047287 0.030600
4 0.847222 0.529750 0.215891 0.011100
0 0.198773 0.652250 0.255685 0.205500
3 0.244121 0.731900 0.134755 0.014400
4 0.251098 0.748350 0.122610 0.011700
2 0.216344 0.700250 0.107364 0.036700
1 0.279457 0.671000 0.058398 0.016600
5 0.298450 0.705400 0.048320 0.031000
0 0.768088 0.875000 0.334884 0.213600
2 0.827972 0.925700 0.107106 0.036400
3 0.869897 0.958800 0.106718 0.015600
4 0.863760 0.973950 0.118992 0.009700
1 0.888824 0.897300 0.061370 0.019200
5 0.908463 0.930950 0.047933 0.029500
0 0.743669 0.204850 0.405426 0.204100
4 0.821641 0.299400 0.226227 0.011800
3 0.787080 0.284400 0.292506 0.015600
1 0.901227 0.223700 0.059561 0.020200
2 0.835724 0.251850 0.106331 0.034900
5 0.919057 0.257050 0.050517 0.032100
0 0.255814 0.203200 0.335659 0.214000
1 0.376227 0.221450 0.059690 0.020700
2 0.313049 0.250800 0.104134 0.038200
5 0.396576 0.254300 0.046382 0.030000
3 0.250194 0.282500 0.319509 0.017400
4 0.270413 0.299050 0.278811 0.012100
0 0.318992 0.874550 0.335401 0.222100
3 0.327778 0.960650 0.286047 0.017500
4 0.328036 0.976500 0.284755 0.010200
2 0.373256 0.928850 0.104910 0.036700
1 0.434819 0.898900 0.058527 0.016600
5 0.455233 0.933600 0.051550 0.033000
0 0.821189 0.647150 0.285271 0.217900
3 0.863372 0.733350 0.191602 0.015300
4 0.869574 0.749250 0.180749 0.011900
1 0.917119 0.673600 0.060594 0.018800
2 0.850904 0.701150 0.104910 0.037500
5 0.934948 0.707350 0.049742 0.033900
0 0.504070 0.658550 0.267313 0.193500
3 0.500517 0.731950 0.247804 0.016500
4 0.556912 0.748300 0.136305 0.009800
2 0.527778 0.700150 0.106460 0.037100
1 0.589922 0.671650 0.055556 0.019300
5 0.610013 0.704800 0.048966 0.031200
0 0.195090 0.433900 0.338501 0.211800
3 0.194767 0.514450 0.333979 0.017500
2 0.250323 0.482950 0.105814 0.037300
4 0.223643 0.530550 0.275452 0.013100
1 0.313953 0.454900 0.052713 0.017000
5 0.333398 0.488200 0.048708 0.031400
0 0.531977 0.437950 0.232171 0.204700
5 0.622287 0.486600 0.046382 0.030000
2 0.541279 0.483400 0.108656 0.036400
1 0.604070 0.454500 0.058786 0.015200
3 0.528101 0.515550 0.218475 0.014300
4 0.539535 0.531650 0.195607 0.011100
