0 0.509180 0.896850 0.284245 0.170700
5 0.624935 0.928650 0.046224 0.030700
3 0.554102 0.957450 0.173568 0.014900
4 0.545898 0.972750 0.189974 0.011900
1 0.607292 0.895900 0.061198 0.018600
2 0.544076 0.924750 0.107161 0.037700
0 0.208464 0.884350 0.261719 0.191300
4 0.218034 0.972450 0.209505 0.010700
5 0.308789 0.927750 0.047005 0.029700
3 0.226628 0.957300 0.191536 0.013600
1 0.289648 0.896750 0.058984 0.018500
2 0.225781 0.924450 0.104427 0.036900
0 0.825391 0.225300 0.297135 0.194400
4 0.820768 0.312950 0.285026 0.013100
3 0.866602 0.291100 0.194922 0.027600
5 0.946289 0.254200 0.043620 0.029000
1 0.930859 0.223350 0.040625 0.010100
2 0.869466 0.251100 0.111068 0.035400
0 0.500260 0.441200 0.307031 0.197400
3 0.506250 0.517150 0.292187 0.014900
4 0.500521 0.532800 0.302865 0.010800
5 0.627279 0.488250 0.048047 0.028700
1 0.606966 0.456400 0.056641 0.018600
2 0.546549 0.484750 0.110547 0.035700
0 0.203451 0.659100 0.255859 0.202800
3 0.205990 0.736950 0.222917 0.013300
4 0.220573 0.753600 0.191927 0.011600
1 0.282161 0.676900 0.061198 0.017000
5 0.303255 0.708550 0.050521 0.032300
2 0.221549 0.704600 0.111068 0.036400
0 0.195638 0.226100 0.285286 0.197600
4 0.225651 0.313000 0.199740 0.011600
5 0.310286 0.269750 0.041927 0.031100
1 0.291732 0.236100 0.062630 0.017000
3 0.216211 0.298000 0.218620 0.012000
2 0.231966 0.265400 0.110547 0.036000
0 0.508398 0.220950 0.304036 0.203100
3 0.504102 0.297150 0.288672 0.012700
5 0.633724 0.269250 0.048177 0.028700
4 0.515990 0.313305 0.267396 0.011010
1 0.612240 0.238950 0.057292 0.019900
2 0.554036 0.265450 0.112240 0.036300
0 0.497461 0.669700 0.289453 0.189400
3 0.533268 0.737750 0.196745 0.013300
4 0.546549 0.753500 0.169141 0.011200
5 0.616536 0.710650 0.045833 0.029500
1 0.599870 0.678250 0.065365 0.018900
2 0.533008 0.705600 0.104557 0.035200
0 0.833854 0.665250 0.281250 0.193100
3 0.828646 0.736900 0.262760 0.015000
4 0.846289 0.752600 0.229036 0.012200
1 0.925716 0.676450 0.061589 0.015300
5 0.946680 0.709300 0.049089 0.031600
2 0.863607 0.705150 0.106901 0.037500
0 0.832813 0.909100 0.277083 0.156000
4 0.875781 0.972050 0.169271 0.010500
3 0.859766 0.957050 0.200000 0.014100
5 0.945508 0.927850 0.047266 0.029100
1 0.927734 0.896300 0.060937 0.015000
2 0.865755 0.924800 0.107552 0.036800
0 0.824674 0.450850 0.299609 0.180500
3 0.836784 0.493900 0.249089 0.029600
4 0.847135 0.524850 0.228385 0.026100
1 0.926172 0.426400 0.058854 0.017000
5 0.945833 0.459200 0.050000 0.032800
2 0.866016 0.452800 0.110417 0.036800
0 0.202083 0.443570 0.246875 0.198400
5 0.299544 0.487750 0.046484 0.029700
3 0.225846 0.516150 0.175651 0.015300
4 0.221615 0.532100 0.184375 0.012000
1 0.277148 0.455800 0.059505 0.017800
2 0.220052 0.484300 0.110156 0.036600
