0 0.268466 0.217450 0.365540 0.176500
5 0.423797 0.254800 0.047334 0.030000
1 0.401821 0.221750 0.057997 0.015100
2 0.340052 0.249950 0.105852 0.039100
4 0.336411 0.298500 0.202601 0.010200
3 0.335956 0.282650 0.201691 0.013700
0 0.720481 0.210300 0.470871 0.210600
1 0.912354 0.230050 0.053836 0.017100
2 0.845449 0.260000 0.101040 0.036400
3 0.842458 0.291650 0.205072 0.015700
4 0.851300 0.308400 0.187386 0.011000
5 0.930429 0.265400 0.046554 0.028600
0 0.531274 0.440050 0.235761 0.197500
1 0.605527 0.455650 0.058127 0.017700
2 0.539727 0.482950 0.101821 0.037500
4 0.556242 0.530950 0.165540 0.011300
3 0.530754 0.514750 0.216775 0.014900
5 0.624187 0.486600 0.047074 0.030200
0 0.830039 0.446550 0.286866 0.187100
2 0.860988 0.483550 0.101951 0.037100
1 0.927243 0.455000 0.053186 0.017600
5 0.947139 0.487500 0.049545 0.029200
3 0.839532 0.515900 0.245254 0.013200
4 0.862354 0.532200 0.198309 0.010200
0 0.733940 0.656850 0.281664 0.189700
1 0.824837 0.667400 0.061118 0.018400
5 0.845124 0.700500 0.046294 0.028600
3 0.738101 0.727700 0.242393 0.014000
2 0.763654 0.695550 0.103381 0.037500
4 0.774902 0.744400 0.171391 0.009800
0 0.191092 0.434450 0.235241 0.213900
1 0.263589 0.459200 0.061899 0.018600
2 0.201821 0.485700 0.105072 0.036000
3 0.189662 0.518750 0.217035 0.013500
4 0.187516 0.534750 0.220286 0.010300
5 0.282250 0.491300 0.045124 0.031600
0 0.274967 0.651600 0.271912 0.200200
1 0.365085 0.667550 0.057867 0.018700
5 0.385241 0.699800 0.047204 0.027800
2 0.300910 0.696000 0.105592 0.037600
3 0.270546 0.728700 0.257347 0.013600
4 0.283095 0.744350 0.230169 0.010100
0 0.294863 0.876950 0.336931 0.207500
1 0.415410 0.895950 0.063589 0.016700
2 0.352211 0.923600 0.101560 0.036400
5 0.435696 0.929250 0.047464 0.030300
3 0.363069 0.957650 0.174512 0.017300
4 0.380819 0.971750 0.141873 0.010100
0 0.782445 0.885950 0.356047 0.193900
1 0.912419 0.896900 0.060208 0.018000
2 0.849480 0.926100 0.103121 0.038200
3 0.784915 0.957600 0.326658 0.014400
5 0.932380 0.931000 0.047854 0.032800
4 0.821651 0.973650 0.253186 0.012100
