0 0.816103 0.279600 0.263784 0.150200
5 0.918734 0.301750 0.048997 0.029100
3 0.883709 0.333250 0.120551 0.017100
4 0.882206 0.347650 0.126566 0.009300
1 0.901190 0.269400 0.056266 0.020600
2 0.836717 0.298350 0.108521 0.037700
0 0.508584 0.280900 0.292356 0.159000
5 0.627318 0.307000 0.052130 0.033200
4 0.591604 0.351000 0.119549 0.009600
2 0.543860 0.300850 0.107268 0.039100
1 0.606015 0.271800 0.064411 0.020600
3 0.572306 0.336100 0.158396 0.016000
0 0.190163 0.279200 0.293358 0.155800
3 0.279449 0.335850 0.110526 0.014500
1 0.291103 0.270300 0.054637 0.016600
2 0.227256 0.300400 0.108647 0.038200
5 0.310088 0.305950 0.047494 0.031900
4 0.277757 0.350100 0.113910 0.009400
0 0.288283 0.472700 0.371554 0.154600
4 0.401065 0.542250 0.141228 0.010700
1 0.427005 0.463500 0.064536 0.018400
5 0.446115 0.495000 0.050125 0.028400
2 0.364035 0.491700 0.107268 0.036000
3 0.414724 0.526300 0.115414 0.015600
0 0.762343 0.821350 0.280576 0.248300
3 0.799185 0.919200 0.178571 0.015800
1 0.855075 0.858000 0.058772 0.019000
2 0.793108 0.886200 0.110777 0.036400
5 0.875564 0.889450 0.047368 0.032900
4 0.800689 0.936650 0.174812 0.010700
0 0.294298 0.837900 0.360276 0.215400
4 0.372995 0.935900 0.169799 0.011200
3 0.371303 0.918100 0.174185 0.016000
5 0.445551 0.889950 0.048496 0.030500
1 0.422055 0.856550 0.060401 0.020500
2 0.362155 0.886500 0.107018 0.038200
0 0.745489 0.473900 0.392231 0.153800
4 0.876817 0.542100 0.125313 0.010600
5 0.914474 0.496700 0.047494 0.030800
1 0.893922 0.461950 0.061278 0.017500
2 0.831516 0.492300 0.108396 0.038200
3 0.887970 0.526200 0.104010 0.016000
