0 0.263773 0.768700 0.391514 0.361800
2 0.351697 0.892050 0.106005 0.032900
1 0.413577 0.865700 0.061619 0.018800
5 0.433551 0.895750 0.045953 0.029900
4 0.326305 0.940500 0.256005 0.015000
3 0.298695 0.924250 0.303133 0.015500
0 0.718930 0.253150 0.401828 0.194500
4 0.792428 0.343250 0.239164 0.012900
3 0.757376 0.328050 0.304830 0.017700
2 0.812924 0.294500 0.106527 0.034800
5 0.894778 0.299600 0.046997 0.027600
0 0.275457 0.453100 0.382507 0.172000
1 0.422781 0.455150 0.060183 0.016100
3 0.343473 0.515300 0.228982 0.018600
4 0.372520 0.530800 0.171149 0.011400
2 0.358486 0.483400 0.102350 0.034400
5 0.441253 0.487100 0.045170 0.026000
0 0.705483 0.772100 0.384334 0.357000
2 0.789948 0.891800 0.109661 0.034800
1 0.853655 0.864800 0.059269 0.016400
4 0.730875 0.940100 0.315274 0.014800
3 0.701828 0.924600 0.370496 0.018800
5 0.872128 0.896350 0.045822 0.026100
0 0.271867 0.247950 0.388381 0.205100
4 0.360836 0.341750 0.192167 0.013700
2 0.359856 0.294000 0.105875 0.036400
3 0.338773 0.326550 0.239687 0.016900
5 0.441123 0.298900 0.044909 0.028000
1 0.420300 0.266850 0.062272 0.013500
0 0.716319 0.450250 0.444909 0.178900
3 0.713251 0.514800 0.431593 0.017800
2 0.829896 0.482300 0.107833 0.036800
1 0.892037 0.454800 0.060313 0.016200
5 0.909661 0.486300 0.040992 0.028400
4 0.753068 0.530200 0.354178 0.012600
