0 0.392418 0.790150 0.168105 0.223300
1 0.428824 0.850400 0.059739 0.016600
5 0.450850 0.881800 0.046275 0.027200
2 0.368235 0.877700 0.107451 0.035400
0 0.499869 0.302350 0.478693 0.396100
5 0.555294 0.418850 0.045752 0.028500
3 0.383072 0.490400 0.155948 0.014000
3 0.623203 0.491600 0.130327 0.013200
2 0.473725 0.413200 0.106928 0.035400
1 0.534837 0.387200 0.060523 0.016200
0 0.739739 0.734400 0.462745 0.347200
5 0.788758 0.875600 0.044706 0.027400
1 0.767255 0.844050 0.058954 0.016700
2 0.705033 0.870900 0.105490 0.036600
