0 0.290826 0.872527 0.311664 0.217183
2 0.336435 0.921029 0.107995 0.035664
3 0.317890 0.953646 0.227130 0.018581
1 0.397182 0.894705 0.058585 0.016184
5 0.417693 0.927423 0.046396 0.028671
4 0.328047 0.970280 0.208650 0.013886
0 0.721035 0.875674 0.350852 0.222877
2 0.789908 0.929870 0.107733 0.036364
1 0.852621 0.902198 0.061468 0.016983
4 0.798689 0.977872 0.176409 0.012488
5 0.871887 0.933766 0.045216 0.027972
3 0.791415 0.962338 0.193316 0.015385
0 0.546265 0.655694 0.358847 0.198501
4 0.573984 0.746054 0.274836 0.012388
3 0.590170 0.730470 0.242464 0.015984
5 0.697575 0.703297 0.045216 0.027972
1 0.675819 0.671828 0.061468 0.017582
2 0.615531 0.699101 0.104718 0.036563
0 0.746920 0.207443 0.374050 0.208891
4 0.749410 0.303397 0.346527 0.014186
2 0.823460 0.256294 0.107733 0.037463
1 0.885976 0.228571 0.063172 0.017582
5 0.905636 0.260639 0.045609 0.028771
3 0.774246 0.287512 0.288204 0.018182
0 0.304391 0.206593 0.357667 0.211588
1 0.437287 0.227772 0.059633 0.017982
2 0.374902 0.255794 0.107339 0.036863
5 0.457602 0.260190 0.044954 0.029471
4 0.326868 0.303996 0.291219 0.011389
3 0.353211 0.287512 0.238008 0.016983
0 0.724246 0.436214 0.424115 0.215285
3 0.751048 0.516234 0.350590 0.016683
4 0.721035 0.533816 0.410616 0.014885
5 0.910944 0.488811 0.046003 0.028172
1 0.890301 0.457193 0.060813 0.016883
2 0.828440 0.484915 0.105374 0.036364
0 0.277785 0.434715 0.324115 0.210490
2 0.329882 0.484366 0.105374 0.036064
3 0.314810 0.514785 0.223067 0.016184
4 0.293316 0.532368 0.268152 0.011389
5 0.411140 0.488012 0.045609 0.028571
1 0.393447 0.455694 0.061861 0.018082
