0 0.354356 0.364800 0.575033 0.270000
3 0.363849 0.473950 0.550325 0.017900
4 0.368401 0.489250 0.541743 0.011300
0 0.760403 0.886850 0.342653 0.188300
5 0.905267 0.929950 0.046424 0.029500
4 0.816385 0.972450 0.226528 0.013100
3 0.771782 0.958750 0.315475 0.017100
2 0.822887 0.924850 0.104811 0.036300
1 0.884915 0.897300 0.061118 0.017400
0 0.805592 0.372350 0.264499 0.247500
5 0.909038 0.447500 0.048765 0.030200
4 0.872432 0.488200 0.124837 0.012200
3 0.872627 0.473600 0.121066 0.016400
2 0.826593 0.440600 0.107802 0.037200
1 0.887386 0.413150 0.058778 0.017300
0 0.725683 0.655100 0.283615 0.212000
2 0.754356 0.706100 0.108192 0.037200
4 0.789987 0.753650 0.152406 0.013500
1 0.817490 0.678300 0.061508 0.017400
3 0.774317 0.737700 0.181664 0.015000
5 0.839142 0.711850 0.046294 0.030900
