0 0.447351 0.650650 0.379974 0.209100
4 0.505620 0.745750 0.246641 0.013100
1 0.592829 0.669250 0.059561 0.016300
5 0.612339 0.702350 0.043798 0.029100
2 0.528876 0.698400 0.105556 0.037600
3 0.556977 0.730400 0.139276 0.015200
0 0.745672 0.864650 0.387468 0.206300
3 0.822287 0.941800 0.233204 0.016000
2 0.862016 0.909950 0.150388 0.036100
1 0.901227 0.882500 0.060336 0.017000
4 0.823773 0.957400 0.226098 0.014000
0 0.330685 0.427100 0.594961 0.210600
1 0.578424 0.446550 0.059948 0.018300
4 0.506331 0.523300 0.219897 0.014800
3 0.603876 0.508100 0.028941 0.012000
2 0.539793 0.474900 0.155556 0.036800
0 0.244638 0.199600 0.444574 0.214000
2 0.388372 0.250600 0.150388 0.036400
1 0.426486 0.223150 0.061499 0.018300
4 0.369315 0.298700 0.186693 0.011600
3 0.393088 0.283150 0.141473 0.013700
0 0.743863 0.199800 0.447158 0.222600
4 0.857235 0.298850 0.204393 0.013300
1 0.925775 0.222450 0.063178 0.017500
3 0.891860 0.282500 0.135659 0.015600
2 0.886628 0.250350 0.153618 0.035300
0 0.257623 0.866300 0.437726 0.208600
3 0.346253 0.945250 0.232558 0.018100
1 0.425388 0.882850 0.061628 0.017100
2 0.387339 0.910650 0.152196 0.037900
4 0.354845 0.961150 0.215633 0.013500
0 0.813178 0.536850 0.309044 0.438900
1 0.918411 0.669450 0.059044 0.017500
5 0.939664 0.702200 0.047028 0.029200
3 0.867636 0.728300 0.175323 0.017600
4 0.857300 0.745750 0.192636 0.012900
2 0.857429 0.697750 0.103488 0.035500
