0 0.691940 0.685200 0.471429 0.187800
2 0.812254 0.722050 0.106291 0.036100
3 0.852097 0.754050 0.118611 0.014300
4 0.825688 0.769600 0.172215 0.010800
5 0.894626 0.726650 0.041940 0.027700
0 0.824836 0.213150 0.301048 0.163700
1 0.927523 0.210050 0.062123 0.017700
5 0.947182 0.242050 0.044299 0.029300
3 0.876737 0.269550 0.173919 0.015900
2 0.865924 0.236900 0.107995 0.035600
4 0.892267 0.286800 0.138139 0.013200
0 0.215662 0.681450 0.268283 0.192100
3 0.302425 0.754400 0.075360 0.017200
4 0.288467 0.769550 0.113237 0.010700
2 0.242726 0.721950 0.104325 0.037300
5 0.324640 0.726100 0.045609 0.028600
0 0.187418 0.207800 0.289908 0.171800
1 0.285845 0.209950 0.063172 0.017700
4 0.231913 0.284850 0.180472 0.012500
3 0.236042 0.268650 0.177195 0.016500
5 0.305898 0.241500 0.045347 0.027400
2 0.223263 0.236450 0.107077 0.034700
0 0.509174 0.209250 0.296461 0.171900
5 0.631913 0.241950 0.045216 0.029100
4 0.547641 0.285800 0.196461 0.010800
1 0.610944 0.209800 0.062254 0.018600
3 0.549083 0.271550 0.190695 0.015500
2 0.548558 0.238600 0.108388 0.036400
0 0.509371 0.409750 0.286894 0.176700
5 0.627392 0.447400 0.046134 0.030600
3 0.577851 0.475500 0.126081 0.014000
4 0.576409 0.490750 0.131062 0.009300
2 0.543054 0.442950 0.105242 0.037100
1 0.606422 0.415400 0.061075 0.017400
0 0.193971 0.417650 0.280210 0.161500
5 0.307274 0.447300 0.044692 0.028200
4 0.271101 0.490950 0.100524 0.011100
1 0.285911 0.415850 0.061206 0.017900
3 0.275754 0.474550 0.086501 0.012900
2 0.224902 0.443550 0.107208 0.036300
0 0.835059 0.881450 0.261468 0.180700
5 0.940629 0.921100 0.045085 0.030800
2 0.859109 0.916800 0.109830 0.035000
3 0.881455 0.949450 0.145085 0.012700
4 0.901835 0.964000 0.104325 0.010200
0 0.529227 0.879150 0.261861 0.184700
2 0.548558 0.916150 0.108388 0.035100
3 0.600262 0.949500 0.092005 0.012000
5 0.629096 0.920500 0.045609 0.027400
4 0.591874 0.964200 0.105374 0.012000
0 0.216972 0.881300 0.269332 0.177400
4 0.277457 0.964050 0.126343 0.009900
3 0.287418 0.948700 0.107208 0.018600
2 0.242005 0.917800 0.106815 0.037800
5 0.324443 0.921750 0.046265 0.030500
0 0.831848 0.412400 0.251114 0.171800
4 0.878571 0.490100 0.140105 0.010400
5 0.932438 0.446350 0.040760 0.026900
3 0.887942 0.474150 0.124509 0.012500
2 0.853014 0.441700 0.108912 0.035800
1 0.914679 0.414400 0.061599 0.017200
