0 0.280548 0.874150 0.290601 0.205300
3 0.281854 0.950200 0.092950 0.016800
2 0.175065 0.894500 0.064230 0.029800
5 0.354367 0.926820 0.093903 0.020500
5 0.352787 0.894250 0.093903 0.020500
1 0.256129 0.930950 0.048838 0.016300
1 0.256678 0.898675 0.051475 0.017250
2 0.176697 0.927370 0.064230 0.029800
4 0.279765 0.967800 0.119582 0.011200
0 0.275718 0.657250 0.314621 0.177500
2 0.354439 0.692650 0.154308 0.037300
3 0.351110 0.723750 0.151567 0.016500
1 0.393473 0.664900 0.060574 0.018200
4 0.332963 0.738250 0.191775 0.011100
0 0.800065 0.441150 0.320496 0.182500
4 0.914621 0.526750 0.081462 0.008500
1 0.919125 0.452300 0.058355 0.015200
3 0.911227 0.514300 0.085901 0.016000
2 0.881201 0.479000 0.153786 0.036600
0 0.277089 0.437750 0.347650 0.190700
2 0.344321 0.478450 0.106919 0.036100
1 0.406201 0.451350 0.058616 0.016500
5 0.427350 0.482800 0.043734 0.028800
4 0.409791 0.526650 0.067885 0.010500
3 0.400783 0.511200 0.083812 0.013400
0 0.821475 0.659050 0.289164 0.196700
4 0.859269 0.750050 0.199739 0.010100
1 0.922324 0.676450 0.059008 0.016700
3 0.862794 0.736300 0.188512 0.013600
2 0.883681 0.703500 0.153264 0.036600
0 0.780679 0.208500 0.371802 0.213400
2 0.853068 0.260850 0.107702 0.034500
5 0.936227 0.265300 0.046084 0.029000
1 0.916188 0.232900 0.058747 0.016400
4 0.858812 0.308000 0.184726 0.011200
3 0.855418 0.292950 0.193603 0.018100
0 0.258225 0.208300 0.386162 0.216800
2 0.343799 0.260750 0.104047 0.036900
3 0.343473 0.292000 0.193995 0.016400
5 0.426632 0.265150 0.046475 0.028100
1 0.405287 0.233250 0.057311 0.016700
4 0.350261 0.307950 0.184595 0.012300
0 0.754700 0.871100 0.285117 0.210600
2 0.652154 0.895000 0.070104 0.027600
3 0.755483 0.953050 0.149608 0.015300
5 0.827193 0.894620 0.125979 0.020500
5 0.827879 0.926130 0.125992 0.020500
1 0.728473 0.930750 0.051462 0.017260
1 0.725868 0.897845 0.051475 0.017250
2 0.651658 0.925680 0.070104 0.027600
4 0.756854 0.966550 0.103786 0.014900
