0 0.840564 0.447602 0.255177 0.196104
2 0.856553 0.488212 0.099476 0.036963
5 0.938663 0.492907 0.048493 0.027572
1 0.918676 0.460739 0.059633 0.016783
4 0.867366 0.536014 0.173788 0.013287
3 0.836501 0.520529 0.230537 0.013886
0 0.805111 0.669231 0.322674 0.193207
2 0.856881 0.706743 0.106422 0.036464
3 0.831324 0.739061 0.240105 0.018581
4 0.800524 0.755644 0.307733 0.014985
5 0.940039 0.711489 0.044954 0.027572
1 0.918414 0.678871 0.060682 0.017083
0 0.818087 0.889111 0.222543 0.186214
2 0.822215 0.924925 0.101835 0.037263
3 0.816841 0.957542 0.205111 0.016783
4 0.833552 0.971828 0.167235 0.009990
5 0.903801 0.927373 0.045085 0.027972
1 0.884469 0.896404 0.063827 0.017782
0 0.197313 0.666034 0.279817 0.196204
2 0.226343 0.706793 0.109043 0.036164
4 0.239843 0.754396 0.165924 0.014486
1 0.287680 0.680120 0.059240 0.017183
5 0.309043 0.710689 0.044561 0.028172
3 0.230013 0.739061 0.191088 0.014585
0 0.854128 0.223926 0.225950 0.201299
2 0.859043 0.268482 0.103145 0.033666
4 0.859240 0.315884 0.195020 0.012787
3 0.857405 0.300699 0.200524 0.016184
1 0.921494 0.240809 0.058191 0.017083
5 0.940498 0.272278 0.047182 0.029071
0 0.511337 0.220080 0.269332 0.212787
2 0.541088 0.270030 0.106029 0.034366
4 0.545282 0.318182 0.182569 0.012987
3 0.526343 0.302947 0.222280 0.014286
1 0.601638 0.242507 0.057012 0.016284
5 0.621822 0.274276 0.045478 0.028871
0 0.191481 0.218981 0.256094 0.212787
2 0.214941 0.238511 0.109305 0.036264
3 0.192464 0.278222 0.238925 0.032767
4 0.189122 0.309590 0.247969 0.025175
1 0.275426 0.211439 0.059633 0.016484
5 0.296199 0.243556 0.044561 0.026174
0 0.508716 0.438162 0.308650 0.207792
2 0.542464 0.485465 0.105111 0.034865
4 0.559240 0.533566 0.165138 0.012188
3 0.533748 0.517682 0.212451 0.014186
1 0.605701 0.458691 0.061468 0.017682
5 0.624509 0.490959 0.046134 0.030669
0 0.184469 0.440160 0.290301 0.213786
2 0.220904 0.487962 0.102621 0.036863
4 0.251048 0.537163 0.139581 0.012587
1 0.285845 0.460390 0.058978 0.017083
5 0.304915 0.492807 0.045740 0.026973
3 0.248034 0.520480 0.144299 0.013586
0 0.495413 0.658042 0.281258 0.204995
2 0.530406 0.704496 0.109043 0.035764
3 0.508257 0.736164 0.236697 0.017782
4 0.540433 0.751948 0.174705 0.011988
1 0.592792 0.676723 0.062647 0.017582
5 0.611009 0.708541 0.041940 0.027872
0 0.508847 0.873626 0.275623 0.193007
2 0.535518 0.911688 0.108519 0.036164
3 0.561337 0.944006 0.152818 0.016084
4 0.572412 0.960739 0.120183 0.013586
1 0.596592 0.885165 0.063434 0.015285
5 0.617169 0.918232 0.044299 0.028871
