0 0.270103 0.877550 0.322165 0.196900
2 0.303479 0.919550 0.110825 0.037500
4 0.299291 0.966200 0.259149 0.014600
3 0.269459 0.950150 0.317784 0.018100
5 0.384214 0.923600 0.047552 0.030000
1 0.364691 0.890850 0.059536 0.017900
0 0.849807 0.215600 0.221005 0.211000
2 0.852384 0.264900 0.110180 0.036800
1 0.913273 0.236100 0.062113 0.016400
4 0.845103 0.313450 0.208505 0.011900
3 0.846585 0.297050 0.205541 0.015500
5 0.934536 0.269400 0.045103 0.027600
0 0.619716 0.212300 0.222680 0.220000
2 0.623325 0.234400 0.105412 0.037200
3 0.618943 0.274950 0.205412 0.028300
4 0.622487 0.305050 0.202448 0.030700
1 0.687178 0.204850 0.056057 0.017300
5 0.706830 0.238550 0.043814 0.028500
0 0.378093 0.215350 0.225773 0.213300
2 0.382732 0.265150 0.102062 0.036500
4 0.408763 0.314550 0.146134 0.012100
5 0.465786 0.269250 0.047552 0.028100
1 0.447487 0.237250 0.060696 0.016700
3 0.411727 0.299300 0.139175 0.016400
0 0.149420 0.228800 0.219716 0.185200
2 0.151224 0.264250 0.105541 0.035500
4 0.157410 0.313100 0.187500 0.013600
3 0.148389 0.297150 0.202706 0.015900
1 0.214369 0.235550 0.062500 0.016500
5 0.234536 0.268200 0.044845 0.027000
0 0.625515 0.429550 0.235567 0.209900
2 0.627384 0.445250 0.111211 0.037300
4 0.638595 0.517500 0.176418 0.028000
5 0.709214 0.450000 0.047294 0.027800
3 0.636791 0.486350 0.174356 0.030100
1 0.687500 0.417600 0.061598 0.017000
0 0.388209 0.429100 0.231314 0.212200
2 0.394137 0.446050 0.110180 0.036300
3 0.387436 0.485400 0.221778 0.030800
4 0.389948 0.517850 0.223454 0.028900
5 0.473454 0.450350 0.044072 0.027500
1 0.455026 0.417150 0.059278 0.017300
0 0.148969 0.430350 0.233505 0.208300
1 0.216366 0.446950 0.061082 0.018700
2 0.154832 0.475500 0.108376 0.037600
5 0.237049 0.478850 0.048325 0.029100
3 0.149871 0.507900 0.227320 0.016400
4 0.152126 0.523650 0.224871 0.012300
0 0.329124 0.662450 0.339175 0.221500
2 0.389626 0.713000 0.111211 0.036800
3 0.333892 0.745450 0.324742 0.017500
4 0.334214 0.762950 0.325387 0.015300
1 0.450451 0.685050 0.062242 0.018700
5 0.469523 0.717250 0.045232 0.028300
0 0.756572 0.666400 0.297680 0.215000
2 0.791366 0.713350 0.108505 0.039100
3 0.767977 0.744700 0.252964 0.015800
4 0.754510 0.763300 0.288402 0.016400
5 0.872423 0.717850 0.048196 0.029900
1 0.852320 0.684700 0.062629 0.018400
0 0.723905 0.879300 0.323840 0.198400
2 0.781894 0.920450 0.110696 0.037900
4 0.745683 0.969200 0.263531 0.013000
3 0.748518 0.953950 0.256572 0.013700
5 0.860180 0.925200 0.043299 0.028200
1 0.843492 0.891750 0.060954 0.018500
0 0.860374 0.428750 0.221005 0.213900
2 0.845554 0.416700 0.115593 0.037000
4 0.850387 0.511050 0.196392 0.043100
3 0.849034 0.463600 0.189820 0.046200
5 0.928093 0.420800 0.047423 0.029400
1 0.911147 0.388500 0.055541 0.017200
