0 0.296396 0.873576 0.321232 0.202298
3 0.292398 0.949550 0.305111 0.015784
4 0.315072 0.965634 0.261861 0.014186
1 0.409830 0.890210 0.059502 0.015584
5 0.430996 0.921678 0.047575 0.027772
2 0.350131 0.917732 0.110223 0.036464
0 0.520708 0.651998 0.274181 0.203696
4 0.535780 0.744755 0.225688 0.013387
2 0.552425 0.681269 0.109305 0.035065
3 0.550197 0.720679 0.211271 0.029570
5 0.631913 0.686913 0.047575 0.028971
1 0.614351 0.654795 0.059633 0.016883
0 0.203801 0.660789 0.267890 0.184515
3 0.251900 0.729121 0.145478 0.012687
4 0.242398 0.743656 0.165793 0.011788
5 0.310288 0.700799 0.047051 0.027972
2 0.229817 0.696553 0.110485 0.035265
1 0.290891 0.669980 0.060944 0.017083
0 0.707274 0.872727 0.371560 0.201598
1 0.848231 0.890659 0.058716 0.016883
5 0.868545 0.921728 0.047969 0.027872
4 0.793840 0.965984 0.180079 0.012088
3 0.780865 0.950599 0.203932 0.017283
2 0.786435 0.917782 0.108126 0.035764
0 0.822084 0.218332 0.302359 0.207493
4 0.844889 0.311489 0.248100 0.014386
5 0.948362 0.268631 0.047706 0.027373
1 0.929685 0.237662 0.056750 0.016384
3 0.821101 0.296354 0.295413 0.015085
2 0.867169 0.264885 0.109961 0.034865
0 0.503145 0.216683 0.332110 0.210589
5 0.631389 0.269231 0.045740 0.026773
1 0.611796 0.237562 0.059502 0.017582
2 0.550655 0.264635 0.110747 0.036164
3 0.542398 0.297652 0.211140 0.013287
4 0.557864 0.312388 0.178375 0.010989
0 0.188925 0.220030 0.271166 0.199101
3 0.186239 0.295904 0.257929 0.014386
1 0.279161 0.235764 0.058191 0.016583
4 0.217497 0.311139 0.194364 0.011289
2 0.218349 0.263237 0.110354 0.035964
5 0.300328 0.267083 0.042857 0.027473
0 0.841612 0.444905 0.206946 0.185514
5 0.920249 0.484665 0.044954 0.027273
3 0.838794 0.513936 0.195544 0.018482
2 0.839187 0.480719 0.109305 0.034166
4 0.838073 0.529421 0.196723 0.012288
1 0.900917 0.453696 0.058978 0.016284
0 0.518349 0.437862 0.269201 0.201798
3 0.546134 0.513437 0.192136 0.013886
5 0.627851 0.485415 0.048100 0.028372
2 0.547182 0.481818 0.111664 0.036164
4 0.556356 0.529570 0.178506 0.011189
1 0.607405 0.454895 0.060157 0.017483
0 0.229161 0.446354 0.225557 0.192208
3 0.258060 0.513636 0.153866 0.015085
5 0.320446 0.485814 0.043775 0.029171
1 0.301704 0.452597 0.059502 0.017283
2 0.241153 0.479920 0.110878 0.034965
4 0.255636 0.529021 0.162123 0.012288
0 0.813237 0.656344 0.308257 0.204795
3 0.811337 0.732667 0.300524 0.016384
4 0.854260 0.748501 0.214679 0.013087
2 0.864220 0.701449 0.110092 0.036663
1 0.925688 0.673726 0.058453 0.016983
5 0.944102 0.705195 0.042595 0.028971
