0 0.536757 0.655150 0.241990 0.212100
5 0.627196 0.709750 0.045607 0.030500
1 0.607623 0.675350 0.061757 0.017300
2 0.546641 0.703450 0.112403 0.038300
3 0.530749 0.736900 0.221447 0.015400
4 0.535917 0.752600 0.215504 0.011400
0 0.202778 0.663350 0.265245 0.208500
3 0.240375 0.735550 0.181008 0.013300
5 0.306783 0.707350 0.047674 0.031500
1 0.285271 0.673000 0.060982 0.018200
2 0.223966 0.701500 0.109948 0.037200
4 0.264987 0.749650 0.132558 0.013100
0 0.199289 0.880300 0.284109 0.211400
5 0.311047 0.931300 0.047416 0.031000
2 0.229845 0.927700 0.108786 0.038200
3 0.198773 0.959250 0.278941 0.015500
4 0.209819 0.974750 0.254522 0.011700
1 0.289729 0.898600 0.061370 0.018400
0 0.835917 0.657000 0.239793 0.214800
4 0.878359 0.753350 0.141473 0.012300
5 0.923837 0.710400 0.046641 0.031200
1 0.903618 0.677300 0.060982 0.018200
2 0.843023 0.705350 0.109819 0.037700
3 0.853488 0.737450 0.191473 0.018700
0 0.505168 0.878750 0.297416 0.207300
4 0.560465 0.975450 0.180879 0.011900
3 0.515956 0.958400 0.267829 0.015000
2 0.541731 0.927150 0.110336 0.037100
5 0.624677 0.930900 0.048062 0.029200
1 0.602519 0.898850 0.060853 0.018700
0 0.807494 0.878400 0.257881 0.205800
5 0.896899 0.931500 0.047028 0.031000
1 0.877713 0.898000 0.062920 0.017800
2 0.816344 0.925950 0.111757 0.037700
4 0.830556 0.973100 0.182041 0.010000
3 0.802326 0.957000 0.239535 0.015000
