0 0.179331 0.866800 0.303543 0.218200
3 0.286745 0.948200 0.076640 0.014200
4 0.259711 0.964600 0.132808 0.012200
2 0.249541 0.916850 0.156824 0.035500
1 0.289042 0.889150 0.060761 0.018100
0 0.807743 0.204800 0.308136 0.217600
4 0.844685 0.305400 0.218766 0.011400
3 0.847966 0.288050 0.213780 0.017300
1 0.920604 0.229750 0.063517 0.018100
2 0.881037 0.256950 0.154724 0.035300
0 0.491404 0.205550 0.302756 0.217300
3 0.531627 0.285900 0.214173 0.016600
1 0.603609 0.227350 0.062598 0.018100
4 0.561286 0.301650 0.153281 0.009500
2 0.565026 0.254100 0.154462 0.034400
0 0.176969 0.204850 0.306430 0.216900
4 0.229265 0.301500 0.188451 0.011800
2 0.250722 0.253550 0.156299 0.034700
3 0.233990 0.285250 0.178215 0.016900
0 0.249147 0.428600 0.438189 0.214400
3 0.403150 0.509800 0.101312 0.016800
1 0.420472 0.451050 0.060892 0.017300
4 0.380118 0.525350 0.150262 0.012300
2 0.383071 0.478300 0.155118 0.036400
0 0.814239 0.744350 0.315354 0.422100
3 0.812008 0.915850 0.253412 0.015300
1 0.795472 0.868900 0.035039 0.011600
1 0.794685 0.898400 0.035039 0.011600
2 0.740092 0.897650 0.061286 0.016900
5 0.870144 0.865250 0.091732 0.021100
5 0.880118 0.895350 0.081496 0.019900
2 0.736745 0.865350 0.069291 0.021700
4 0.812073 0.931950 0.189764 0.010500
0 0.495341 0.864500 0.311417 0.208200
2 0.571391 0.911300 0.155381 0.036600
1 0.609252 0.883450 0.060499 0.017900
3 0.564173 0.941350 0.161680 0.019100
4 0.559843 0.959050 0.169554 0.012300
0 0.494291 0.648800 0.307480 0.218600
2 0.565814 0.697150 0.158136 0.038700
3 0.559514 0.727400 0.161024 0.016400
4 0.558071 0.743500 0.162861 0.011400
1 0.606102 0.668650 0.059974 0.017500
0 0.181562 0.645850 0.306168 0.213100
1 0.288583 0.666450 0.062730 0.017300
2 0.250197 0.694050 0.154987 0.037700
3 0.222178 0.725950 0.204724 0.012500
4 0.225722 0.742400 0.199213 0.011800
0 0.743373 0.425650 0.463123 0.213900
1 0.923097 0.448650 0.065354 0.018700
2 0.882677 0.476300 0.154593 0.035600
4 0.872507 0.523600 0.169948 0.011400
3 0.902822 0.508000 0.108530 0.016000
