0 0.194125 0.221900 0.288512 0.204400
1 0.287467 0.237800 0.061880 0.017600
4 0.230222 0.311700 0.184987 0.011000
5 0.309791 0.270600 0.047781 0.032200
2 0.227154 0.265150 0.111227 0.035900
3 0.213381 0.296050 0.221802 0.015500
0 0.512272 0.213650 0.304700 0.218500
1 0.609399 0.239000 0.040209 0.010800
4 0.512859 0.311950 0.272977 0.010900
3 0.510770 0.295650 0.281854 0.017300
5 0.629830 0.269550 0.051305 0.026700
2 0.546867 0.264900 0.109661 0.035800
0 0.189883 0.441900 0.302480 0.219800
1 0.294974 0.457850 0.062794 0.017900
5 0.315470 0.490650 0.046084 0.031500
4 0.235509 0.533200 0.187467 0.011400
2 0.234073 0.485250 0.110966 0.036300
3 0.236227 0.517450 0.190470 0.015300
0 0.492885 0.435250 0.302480 0.207300
1 0.586358 0.456100 0.060183 0.018000
4 0.544517 0.531350 0.153264 0.010100
3 0.535183 0.516400 0.174021 0.019000
5 0.606723 0.489700 0.047128 0.031200
2 0.526305 0.484650 0.110836 0.037300
0 0.821997 0.445700 0.284204 0.205600
3 0.859465 0.520400 0.183943 0.016800
5 0.936945 0.493500 0.049869 0.030600
1 0.915731 0.460250 0.061227 0.016700
4 0.857050 0.535650 0.187467 0.012300
2 0.854896 0.488250 0.111097 0.037900
0 0.184987 0.656350 0.233943 0.201700
5 0.273042 0.708650 0.049478 0.030100
1 0.250392 0.674800 0.063185 0.018800
4 0.203329 0.749500 0.164099 0.010200
3 0.207572 0.734200 0.157180 0.014800
2 0.189230 0.703150 0.112924 0.037300
0 0.472977 0.660100 0.273107 0.205400
5 0.582507 0.709200 0.049608 0.030400
4 0.505287 0.751350 0.182898 0.010500
1 0.562728 0.675800 0.061227 0.018800
3 0.497258 0.735600 0.200000 0.017000
2 0.500653 0.704000 0.109661 0.037600
0 0.788185 0.659900 0.273760 0.204200
5 0.817167 0.707400 0.046084 0.031000
4 0.746736 0.750800 0.171540 0.011000
3 0.743146 0.734950 0.178721 0.017500
1 0.798303 0.674950 0.064230 0.017900
2 0.736880 0.702600 0.111097 0.037600
0 0.181527 0.869500 0.246084 0.199800
1 0.259008 0.886600 0.060836 0.018000
5 0.277023 0.919250 0.043603 0.027300
3 0.210052 0.945700 0.165796 0.016200
4 0.228003 0.961800 0.127546 0.011600
2 0.197585 0.914900 0.111358 0.036800
0 0.803655 0.886900 0.245170 0.166800
4 0.815144 0.963000 0.182507 0.010600
5 0.894386 0.920250 0.053786 0.030900
1 0.871149 0.886550 0.062402 0.017500
3 0.798695 0.945900 0.222454 0.013600
2 0.809726 0.914650 0.110836 0.037900
0 0.482963 0.883000 0.357311 0.174400
5 0.636488 0.920450 0.048956 0.032100
4 0.499347 0.963050 0.308355 0.013700
3 0.478655 0.946450 0.345561 0.017300
1 0.615601 0.886950 0.059922 0.017300
2 0.554896 0.915050 0.110313 0.037900
