0 0.219361 0.429620 0.245241 0.208492
3 0.219492 0.488262 0.240548 0.032667
1 0.285593 0.419830 0.059061 0.016284
5 0.304433 0.451598 0.045632 0.026873
2 0.224055 0.446903 0.111213 0.036663
4 0.220143 0.518531 0.239244 0.027473
0 0.855932 0.222677 0.222947 0.189810
2 0.863755 0.259441 0.111082 0.035964
3 0.860430 0.291658 0.195698 0.013686
4 0.863038 0.307817 0.193611 0.011439
5 0.944198 0.263736 0.044850 0.027173
1 0.925098 0.231618 0.059061 0.016683
0 0.549478 0.216484 0.268709 0.210190
4 0.562021 0.312577 0.224902 0.011169
2 0.579596 0.264036 0.111734 0.036364
1 0.640026 0.236414 0.062842 0.016284
3 0.545958 0.296503 0.256193 0.013586
5 0.660495 0.267932 0.045372 0.028372
0 0.194133 0.220230 0.308735 0.193906
2 0.246349 0.261588 0.111995 0.034466
3 0.193155 0.293107 0.304694 0.018581
4 0.201304 0.309740 0.280052 0.012288
1 0.306910 0.233916 0.059974 0.017083
5 0.325945 0.265485 0.043546 0.026474
0 0.846936 0.434266 0.251108 0.200000
1 0.928488 0.450949 0.059583 0.016983
5 0.948631 0.483067 0.046675 0.027273
2 0.867536 0.478422 0.110561 0.036763
3 0.876532 0.511039 0.172621 0.015085
4 0.892568 0.526873 0.138462 0.011389
0 0.534615 0.434815 0.236115 0.201099
2 0.545502 0.447303 0.111864 0.037063
1 0.607562 0.419381 0.062581 0.017383
4 0.549804 0.518681 0.186180 0.026174
5 0.627249 0.451499 0.045632 0.028472
3 0.543546 0.487463 0.199739 0.029870
0 0.200652 0.873576 0.295437 0.202298
1 0.301956 0.890759 0.061278 0.017882
5 0.322947 0.922428 0.046415 0.027872
3 0.210495 0.950649 0.269231 0.018981
4 0.229400 0.966384 0.233246 0.011289
2 0.241917 0.918731 0.110169 0.036064
0 0.511082 0.661638 0.276923 0.182617
5 0.622229 0.702248 0.047849 0.028072
1 0.601630 0.670579 0.061147 0.017083
3 0.512190 0.729970 0.272881 0.016783
2 0.540743 0.698102 0.110169 0.036963
4 0.553259 0.745405 0.186832 0.012687
0 0.841786 0.657842 0.250196 0.191808
2 0.863364 0.697652 0.110561 0.036064
1 0.925163 0.670529 0.058149 0.016384
3 0.852347 0.730170 0.214472 0.015984
5 0.944003 0.702198 0.046545 0.027173
4 0.860561 0.745604 0.196219 0.010090
0 0.515189 0.875524 0.242112 0.197003
2 0.532920 0.918631 0.111473 0.035864
1 0.595306 0.890959 0.061799 0.017083
5 0.613625 0.922627 0.044198 0.027672
3 0.512060 0.951099 0.233768 0.015485
4 0.536375 0.965984 0.189309 0.012088
0 0.834746 0.879720 0.266623 0.196004
1 0.925815 0.891309 0.059974 0.015984
4 0.844133 0.965584 0.230117 0.013686
3 0.831617 0.951798 0.253325 0.014086
5 0.944654 0.922927 0.044459 0.027672
2 0.863559 0.918831 0.110952 0.036264
0 0.209909 0.659041 0.226336 0.193007
2 0.216949 0.697752 0.113168 0.036264
5 0.297914 0.702248 0.044589 0.027273
1 0.280704 0.669830 0.058409 0.017183
3 0.226923 0.730120 0.171708 0.013487
4 0.234876 0.745205 0.156845 0.011688
