0 0.263230 0.874750 0.331647 0.215300
5 0.384112 0.927700 0.051232 0.031000
1 0.361997 0.893400 0.062516 0.017000
4 0.307847 0.970400 0.188716 0.008800
3 0.254345 0.955900 0.293645 0.016800
2 0.300000 0.921550 0.111803 0.038500
0 0.719844 0.878550 0.465110 0.214900
5 0.924643 0.916500 0.049027 0.031800
1 0.903826 0.881800 0.061868 0.016200
2 0.840921 0.909300 0.112970 0.038200
4 0.724254 0.975050 0.436316 0.011500
3 0.723930 0.951150 0.437224 0.030700
0 0.288911 0.433450 0.308042 0.208300
1 0.390402 0.454650 0.060960 0.016700
5 0.411868 0.487950 0.046563 0.029700
2 0.352140 0.482250 0.154604 0.037900
4 0.338003 0.529600 0.175357 0.011400
3 0.292412 0.515000 0.266278 0.013200
0 0.750843 0.204100 0.429831 0.212200
3 0.745979 0.282500 0.413100 0.013600
1 0.918742 0.220450 0.061608 0.017500
2 0.858820 0.248200 0.109598 0.037200
5 0.940272 0.255100 0.046304 0.030200
4 0.830415 0.300000 0.245525 0.011200
0 0.282101 0.211800 0.403372 0.204600
1 0.413619 0.226850 0.061738 0.018100
5 0.434890 0.261100 0.051102 0.031800
2 0.351232 0.255750 0.112322 0.038300
3 0.297082 0.289800 0.312451 0.015600
4 0.311479 0.302840 0.281842 0.011400
0 0.750973 0.433900 0.441505 0.217200
4 0.802205 0.530850 0.290791 0.012300
5 0.930156 0.488550 0.047601 0.031300
1 0.909079 0.454200 0.063035 0.018600
3 0.741375 0.515900 0.412711 0.015800
2 0.846757 0.482600 0.112451 0.036800
0 0.527367 0.670000 0.542412 0.173200
5 0.765240 0.706400 0.046952 0.029000
1 0.745136 0.672750 0.060182 0.016500
3 0.675032 0.733650 0.211025 0.015900
4 0.713619 0.749050 0.133852 0.012100
2 0.684371 0.699800 0.109598 0.036000
