0 0.814820 0.436900 0.286248 0.207000
2 0.851802 0.485400 0.110814 0.035000
4 0.871162 0.532250 0.153805 0.010300
3 0.832043 0.518850 0.229640 0.015500
1 0.911949 0.458600 0.060481 0.016600
5 0.933244 0.489200 0.043792 0.027400
0 0.508344 0.438750 0.269559 0.207900
1 0.596395 0.461150 0.060614 0.016300
5 0.616222 0.492900 0.046862 0.026800
2 0.535113 0.488200 0.109479 0.036400
4 0.566155 0.535100 0.149132 0.012400
3 0.518892 0.519450 0.243658 0.013300
0 0.192323 0.437100 0.278104 0.208000
2 0.223097 0.486900 0.109746 0.034800
5 0.302537 0.490050 0.045127 0.028700
4 0.239586 0.533500 0.179573 0.010800
3 0.203405 0.519350 0.250868 0.015100
1 0.284780 0.460500 0.041389 0.009200
0 0.743525 0.835900 0.431509 0.202600
1 0.840521 0.889800 0.059680 0.017200
2 0.780641 0.917100 0.109746 0.034200
5 0.756208 0.766150 0.086515 0.058100
5 0.858745 0.920800 0.034980 0.026800
0 0.718091 0.229400 0.329640 0.206600
1 0.825834 0.251750 0.058879 0.016300
2 0.766021 0.278600 0.105607 0.035200
5 0.845661 0.282600 0.044593 0.027200
3 0.740587 0.310700 0.275567 0.016600
4 0.784846 0.325200 0.175033 0.011000
0 0.321829 0.227650 0.295728 0.208700
5 0.441389 0.281950 0.044860 0.026700
1 0.419893 0.251350 0.058478 0.016500
4 0.371896 0.324650 0.188652 0.010900
3 0.339386 0.309250 0.251268 0.015900
2 0.359146 0.277800 0.111615 0.035200
