0 0.244228 0.645550 0.428794 0.216300
2 0.375486 0.698000 0.151492 0.036400
3 0.332944 0.729300 0.227756 0.012200
4 0.316472 0.743750 0.260441 0.011100
1 0.413230 0.668950 0.061997 0.018700
0 0.741245 0.646450 0.442542 0.217700
3 0.870039 0.730250 0.170947 0.012700
4 0.865305 0.746150 0.185084 0.010900
2 0.883917 0.697050 0.153826 0.034500
1 0.922633 0.669000 0.058755 0.018000
0 0.177886 0.188050 0.300778 0.194700
2 0.249416 0.231350 0.153826 0.037500
4 0.188651 0.277000 0.268872 0.012600
3 0.189883 0.261050 0.267185 0.010500
1 0.287484 0.202150 0.063424 0.017300
0 0.718612 0.866050 0.401427 0.212100
4 0.836122 0.960750 0.155253 0.011700
3 0.822374 0.944300 0.189754 0.013600
2 0.839689 0.913300 0.154604 0.035600
1 0.880156 0.885150 0.061997 0.018300
0 0.812451 0.419500 0.315175 0.211800
4 0.828664 0.517000 0.254475 0.010200
2 0.881712 0.469850 0.151232 0.037100
3 0.812776 0.502200 0.284436 0.014000
1 0.921595 0.442000 0.061868 0.017600
0 0.491894 0.187900 0.300778 0.196000
4 0.517510 0.276300 0.228794 0.011000
3 0.514591 0.262400 0.238781 0.011800
1 0.597406 0.202300 0.060441 0.017200
2 0.558755 0.230950 0.155383 0.036100
0 0.811154 0.188300 0.315435 0.198000
4 0.825616 0.276500 0.265759 0.011000
2 0.882490 0.230650 0.151492 0.034500
3 0.838586 0.261100 0.237743 0.012000
1 0.921984 0.203050 0.061089 0.017700
0 0.238911 0.875900 0.251881 0.175200
2 0.283787 0.906850 0.152789 0.034900
4 0.254864 0.955200 0.204410 0.011400
3 0.284760 0.940500 0.146433 0.016000
1 0.322892 0.878350 0.061608 0.017500
0 0.494877 0.419600 0.304410 0.214600
1 0.602399 0.441450 0.062127 0.017300
2 0.563424 0.469350 0.150713 0.036300
3 0.516667 0.504200 0.240078 0.014200
4 0.527821 0.518350 0.218288 0.010900
0 0.181582 0.420050 0.302205 0.211700
1 0.288846 0.441900 0.060441 0.016800
4 0.213035 0.518700 0.221141 0.011000
3 0.203048 0.503350 0.239300 0.014500
2 0.250519 0.469500 0.157069 0.035000
