0 0.768052 0.672550 0.285195 0.176900
4 0.830000 0.752000 0.139740 0.010600
3 0.829286 0.736200 0.142468 0.011600
5 0.885844 0.708350 0.043636 0.030100
1 0.865130 0.675400 0.061948 0.018000
2 0.805325 0.704350 0.109610 0.037900
0 0.540390 0.222800 0.212987 0.211600
5 0.621429 0.270500 0.044416 0.027800
1 0.601948 0.237600 0.062078 0.017200
4 0.545844 0.313200 0.184416 0.011000
3 0.539481 0.298100 0.198961 0.016800
2 0.540000 0.265350 0.112208 0.035900
0 0.209156 0.240250 0.258312 0.161700
5 0.313117 0.269900 0.042078 0.027400
1 0.290390 0.235900 0.061558 0.016200
4 0.261688 0.312900 0.129870 0.011200
3 0.254545 0.297750 0.143896 0.015100
2 0.230779 0.263800 0.110390 0.035400
0 0.837208 0.227100 0.243247 0.195400
1 0.912987 0.237250 0.061299 0.017300
5 0.934091 0.270350 0.045065 0.028900
4 0.834156 0.313700 0.227532 0.009800
3 0.868377 0.299200 0.157013 0.015800
2 0.853766 0.265550 0.109610 0.035500
0 0.192922 0.459150 0.292338 0.155700
4 0.244870 0.529800 0.171299 0.011600
5 0.314416 0.486400 0.041299 0.026800
1 0.292857 0.452550 0.062078 0.017700
3 0.212922 0.512550 0.228701 0.012900
2 0.232857 0.481250 0.107532 0.035100
0 0.517727 0.441200 0.274675 0.194000
5 0.626364 0.486700 0.045455 0.027400
1 0.606883 0.452750 0.062078 0.016100
4 0.586558 0.528200 0.109481 0.010400
3 0.568896 0.512450 0.144805 0.012300
2 0.546494 0.480300 0.110649 0.036800
0 0.829286 0.440350 0.280649 0.189700
3 0.876364 0.513150 0.154545 0.012100
4 0.892403 0.528150 0.125844 0.008500
5 0.939870 0.486400 0.044416 0.029200
1 0.918701 0.452900 0.062078 0.016600
2 0.857792 0.481000 0.109091 0.034600
0 0.301104 0.671600 0.380649 0.184600
1 0.442987 0.677800 0.061818 0.018600
4 0.392403 0.754365 0.172597 0.011070
3 0.377403 0.738500 0.202597 0.014000
5 0.464545 0.711550 0.040260 0.027700
2 0.382792 0.706100 0.107662 0.035600
0 0.528766 0.872500 0.418571 0.192400
5 0.710779 0.918900 0.047532 0.030400
1 0.690649 0.884700 0.062857 0.018000
2 0.630325 0.914050 0.109740 0.037900
3 0.623896 0.946200 0.202078 0.013400
4 0.640519 0.961700 0.172208 0.010200
