0 0.197201 0.214000 0.304297 0.218600
4 0.249544 0.313750 0.170443 0.013100
3 0.201302 0.298000 0.263281 0.014400
1 0.295378 0.238900 0.060026 0.017800
5 0.315755 0.271100 0.049479 0.031000
2 0.235937 0.265700 0.112240 0.035800
0 0.513346 0.216550 0.270182 0.214700
5 0.620378 0.269250 0.045703 0.028900
3 0.542904 0.297250 0.187370 0.015900
4 0.549544 0.313350 0.174609 0.012900
1 0.600130 0.236950 0.059635 0.017900
2 0.541406 0.264300 0.111979 0.035600
0 0.807552 0.219950 0.305729 0.203700
2 0.854427 0.266250 0.112240 0.035500
4 0.824154 0.314100 0.251432 0.011400
3 0.804427 0.298400 0.291927 0.015800
5 0.932878 0.270900 0.047526 0.029400
1 0.912956 0.238450 0.058984 0.018500
0 0.197070 0.438050 0.305078 0.217300
1 0.295443 0.442900 0.059635 0.018200
4 0.197461 0.533100 0.272005 0.012000
3 0.203320 0.510350 0.258464 0.029500
5 0.314974 0.474600 0.046875 0.030000
2 0.235352 0.470820 0.110547 0.035300
0 0.512370 0.441900 0.284635 0.210800
3 0.527669 0.518450 0.235026 0.012300
1 0.610286 0.457750 0.058594 0.018900
4 0.541667 0.533950 0.206771 0.009500
5 0.629688 0.489600 0.045573 0.030000
2 0.551042 0.485100 0.113281 0.036000
0 0.816927 0.443150 0.277865 0.210100
4 0.831315 0.533100 0.217057 0.010400
5 0.925781 0.490650 0.045312 0.031100
1 0.905404 0.458050 0.059766 0.018100
3 0.812109 0.517000 0.254948 0.014000
2 0.846810 0.485550 0.112109 0.036700
0 0.289518 0.666550 0.424609 0.195100
3 0.356771 0.736050 0.260937 0.012900
4 0.345378 0.751600 0.282161 0.010600
1 0.451888 0.676250 0.059766 0.018300
5 0.471875 0.708450 0.048958 0.030300
2 0.392122 0.703200 0.110547 0.035800
0 0.786589 0.668300 0.333854 0.187600
4 0.822982 0.753100 0.238151 0.011400
5 0.925977 0.710700 0.048568 0.029400
1 0.905404 0.678200 0.061328 0.018200
3 0.807292 0.737800 0.265365 0.013600
2 0.846224 0.705800 0.110938 0.036600
0 0.726758 0.876750 0.381641 0.191100
1 0.850977 0.889750 0.060026 0.018700
4 0.769922 0.964750 0.230990 0.010700
3 0.727539 0.949750 0.313151 0.014900
5 0.870898 0.921500 0.044922 0.029200
2 0.791341 0.916700 0.111328 0.035600
0 0.352279 0.873200 0.301693 0.201600
1 0.455208 0.889700 0.059375 0.018200
5 0.475781 0.921700 0.045052 0.028600
4 0.369271 0.965350 0.243229 0.011700
3 0.347526 0.949650 0.288281 0.012700
2 0.395898 0.916400 0.110286 0.036200
