0 0.499154 0.393100 0.352995 0.257400
2 0.401172 0.491900 0.133854 0.044800
5 0.498112 0.497650 0.058203 0.038100
1 0.471940 0.458850 0.073568 0.022700
0 0.318620 0.656000 0.303906 0.206200
2 0.364388 0.702250 0.111328 0.036300
5 0.443880 0.706600 0.046875 0.029400
4 0.378060 0.750900 0.172266 0.009800
3 0.353841 0.733100 0.218620 0.014200
1 0.424349 0.674700 0.061198 0.018600
0 0.765039 0.654650 0.286328 0.205100
2 0.800716 0.702050 0.110807 0.036300
5 0.881380 0.707050 0.048958 0.030500
4 0.820182 0.750100 0.150000 0.010000
3 0.800130 0.735200 0.189063 0.014200
1 0.861133 0.675050 0.061328 0.018700
0 0.325716 0.862200 0.293359 0.201800
1 0.426302 0.879250 0.056250 0.017900
2 0.364128 0.905750 0.111849 0.036300
4 0.380729 0.954700 0.176302 0.009800
5 0.444401 0.911650 0.047656 0.030300
3 0.336133 0.939750 0.265495 0.013900
0 0.770378 0.863300 0.279818 0.204000
2 0.804167 0.910100 0.111979 0.036800
4 0.837174 0.958650 0.131120 0.010300
3 0.812760 0.942200 0.177083 0.012600
5 0.883659 0.914850 0.048307 0.032100
1 0.863542 0.882750 0.060677 0.018900
