0 0.322208 0.406100 0.363117 0.195200
2 0.396494 0.446400 0.112727 0.036600
4 0.414545 0.494450 0.150649 0.011300
3 0.385974 0.479400 0.201039 0.014000
5 0.476429 0.451800 0.048442 0.031600
1 0.456039 0.419100 0.060130 0.018800
0 0.531234 0.803600 0.267403 0.198600
3 0.563571 0.877700 0.175195 0.015000
5 0.637857 0.850400 0.048182 0.031800
2 0.557597 0.844550 0.112597 0.037100
4 0.577532 0.893750 0.147532 0.010500
1 0.617273 0.817400 0.060519 0.018400
0 0.779935 0.602850 0.354416 0.195700
3 0.840390 0.677550 0.209091 0.014500
4 0.862403 0.693450 0.166883 0.011100
1 0.910714 0.617850 0.061169 0.019100
5 0.930909 0.649950 0.048052 0.031300
2 0.850779 0.644650 0.111688 0.037300
0 0.313377 0.202000 0.380519 0.201800
4 0.406948 0.292950 0.167922 0.010700
5 0.476818 0.249700 0.048182 0.031400
3 0.386169 0.276400 0.207403 0.012600
1 0.456753 0.217250 0.059481 0.018500
2 0.397532 0.244550 0.111688 0.037300
0 0.293701 0.603050 0.417273 0.196900
3 0.288377 0.678100 0.400909 0.015200
4 0.315584 0.693600 0.348831 0.012000
1 0.455325 0.617600 0.060000 0.018800
5 0.476039 0.650400 0.047922 0.031200
2 0.396818 0.644750 0.110000 0.036300
0 0.838052 0.802650 0.281558 0.195100
1 0.930000 0.815550 0.062338 0.018900
5 0.951169 0.847950 0.047273 0.031100
3 0.852143 0.874000 0.225065 0.015000
4 0.898052 0.890450 0.134026 0.010100
2 0.872792 0.843150 0.111039 0.036300
0 0.771429 0.406450 0.378961 0.193500
3 0.805260 0.479900 0.285325 0.015200
2 0.853831 0.446950 0.113896 0.037100
4 0.822273 0.495450 0.252078 0.010500
5 0.934545 0.451750 0.048831 0.031300
1 0.914416 0.419450 0.060519 0.018700
0 0.747922 0.202400 0.428831 0.200600
1 0.914286 0.218800 0.059481 0.018600
5 0.934740 0.250750 0.047403 0.030300
4 0.802532 0.294650 0.292078 0.011300
3 0.812662 0.278200 0.270260 0.013400
2 0.855649 0.246100 0.112857 0.036600
0 0.189416 0.803600 0.310260 0.199600
1 0.294286 0.817450 0.060260 0.018100
5 0.315455 0.849750 0.048831 0.031300
3 0.230260 0.876250 0.195844 0.017300
4 0.229286 0.893200 0.200130 0.011600
2 0.233831 0.844450 0.109481 0.036700
