0 0.774156 0.654350 0.389351 0.212700
3 0.855000 0.737000 0.200130 0.014200
4 0.872208 0.753200 0.166494 0.011400
2 0.860455 0.705050 0.113117 0.035900
1 0.920260 0.677850 0.060000 0.018300
5 0.940974 0.710200 0.048701 0.031600
0 0.268766 0.662750 0.468182 0.200300
2 0.396429 0.705150 0.113117 0.036300
1 0.455260 0.678050 0.060130 0.018100
3 0.262727 0.737750 0.452727 0.015500
5 0.475779 0.710250 0.048442 0.031300
4 0.322987 0.753450 0.335325 0.011700
0 0.776948 0.436250 0.394416 0.212700
1 0.822922 0.471100 0.008961 0.010200
1 0.943052 0.470550 0.030779 0.009900
3 0.913961 0.517450 0.107662 0.014500
4 0.896948 0.533050 0.142727 0.010300
2 0.789416 0.494900 0.116234 0.022200
2 0.909610 0.495950 0.118442 0.019300
5 0.754610 0.472750 0.030779 0.017100
5 0.874675 0.472800 0.032987 0.016000
0 0.323961 0.437850 0.360390 0.210100
1 0.456234 0.458050 0.061039 0.018900
5 0.476883 0.490300 0.048831 0.032200
3 0.370195 0.517150 0.240649 0.013300
4 0.396299 0.532450 0.191039 0.011700
2 0.396234 0.485050 0.109091 0.036300
0 0.527208 0.872050 0.267403 0.215900
2 0.555260 0.925450 0.110779 0.037300
1 0.614740 0.897800 0.060909 0.018200
5 0.635130 0.930200 0.049481 0.031400
3 0.543312 0.958250 0.212078 0.014700
4 0.578117 0.973650 0.143766 0.010500
0 0.227143 0.212050 0.246494 0.217100
1 0.298052 0.237350 0.059740 0.017900
2 0.237792 0.264850 0.109870 0.037100
5 0.318117 0.269500 0.047403 0.031400
3 0.266818 0.297450 0.130519 0.014100
4 0.257857 0.312250 0.149740 0.010300
0 0.835130 0.210200 0.261429 0.218200
2 0.857987 0.264500 0.110260 0.036000
1 0.917532 0.237800 0.059740 0.018400
5 0.937987 0.269500 0.049221 0.031000
3 0.874221 0.296900 0.154675 0.016800
4 0.869351 0.312150 0.167273 0.009500
0 0.521039 0.212250 0.279481 0.220700
2 0.552403 0.264800 0.109740 0.036800
1 0.612403 0.237600 0.060390 0.017800
5 0.633831 0.270450 0.050260 0.031300
3 0.538896 0.297600 0.220390 0.013200
4 0.543766 0.313600 0.209091 0.009200
0 0.810974 0.872750 0.234935 0.217100
2 0.823052 0.925650 0.110519 0.037500
3 0.816299 0.958650 0.202468 0.015500
4 0.846104 0.974600 0.142597 0.011200
5 0.903766 0.931300 0.047532 0.031600
1 0.883442 0.897800 0.060390 0.018200
0 0.187532 0.873850 0.311948 0.217300
3 0.249416 0.957750 0.163247 0.013700
2 0.236494 0.925400 0.110909 0.036200
4 0.259351 0.974100 0.144156 0.011600
1 0.296558 0.898050 0.060130 0.019500
5 0.316883 0.930700 0.048831 0.031600
