0 0.261399 0.422950 0.449741 0.214100
2 0.375972 0.474200 0.109456 0.036800
1 0.436852 0.446850 0.061010 0.019300
5 0.457513 0.479750 0.049741 0.031100
3 0.416710 0.506500 0.109067 0.013200
4 0.383744 0.522200 0.176554 0.011400
0 0.744560 0.198900 0.453627 0.217400
1 0.922798 0.224100 0.061140 0.018400
5 0.943718 0.257200 0.050907 0.031400
2 0.862241 0.251700 0.110751 0.037400
3 0.890544 0.284850 0.132902 0.015100
4 0.901554 0.299950 0.111917 0.010700
0 0.183096 0.762550 0.320337 0.454100
2 0.245337 0.913000 0.194301 0.046600
4 0.219819 0.973400 0.235492 0.014400
3 0.277008 0.954300 0.118264 0.017800
1 0.294106 0.878650 0.076036 0.022700
0 0.746373 0.422300 0.448705 0.216000
2 0.890350 0.474350 0.154793 0.036500
3 0.876360 0.506350 0.172409 0.016900
4 0.875453 0.523000 0.175518 0.010400
1 0.928044 0.446750 0.061528 0.018500
0 0.821632 0.645650 0.299482 0.211100
2 0.865155 0.696650 0.112694 0.037500
1 0.925194 0.669050 0.060492 0.018100
5 0.945337 0.701650 0.047927 0.031700
3 0.896244 0.729800 0.125648 0.013200
4 0.899093 0.745150 0.120725 0.008700
0 0.801684 0.872550 0.259326 0.224700
4 0.822085 0.975800 0.131736 0.009400
3 0.836723 0.958700 0.101943 0.016400
2 0.815091 0.927150 0.155052 0.037500
1 0.852785 0.899400 0.061269 0.018800
0 0.262889 0.199350 0.449352 0.219300
2 0.399093 0.251700 0.154663 0.036800
3 0.386464 0.283450 0.170337 0.015500
4 0.343199 0.299600 0.257902 0.013200
1 0.436010 0.224350 0.062176 0.017900
0 0.508679 0.870200 0.305959 0.224200
3 0.611010 0.960100 0.074352 0.014400
2 0.575972 0.927250 0.155311 0.037300
4 0.573510 0.975800 0.149093 0.011200
1 0.613990 0.899800 0.062176 0.018800
0 0.508808 0.644800 0.305959 0.217600
4 0.579922 0.745200 0.121762 0.010000
2 0.546826 0.697000 0.109974 0.036800
1 0.606671 0.669550 0.059974 0.018100
5 0.627267 0.702050 0.050130 0.032100
3 0.582124 0.730200 0.117876 0.015200
