0 0.191971 0.830200 0.307702 0.275200
2 0.233486 0.879400 0.112141 0.036000
3 0.200979 0.920100 0.281854 0.031400
5 0.312337 0.884050 0.048172 0.030900
4 0.190339 0.951150 0.299217 0.026900
1 0.292363 0.851850 0.061749 0.018900
0 0.542820 0.855100 0.220627 0.221000
4 0.570692 0.958000 0.161227 0.011000
2 0.545431 0.909350 0.109661 0.037100
3 0.550131 0.943400 0.201305 0.013600
5 0.626567 0.914750 0.048433 0.030300
1 0.605940 0.882700 0.061749 0.018600
0 0.325653 0.532250 0.284465 0.246100
2 0.359922 0.599000 0.112794 0.036600
1 0.419256 0.571600 0.060966 0.018600
5 0.439621 0.604100 0.049217 0.031800
3 0.326044 0.630250 0.279765 0.018300
4 0.347258 0.646850 0.235248 0.010700
0 0.314164 0.292500 0.309791 0.222000
1 0.418538 0.318400 0.060052 0.018400
2 0.359008 0.345900 0.110705 0.036600
4 0.320888 0.393700 0.287990 0.012600
3 0.314426 0.377900 0.304569 0.016400
5 0.439948 0.351000 0.049086 0.031600
0 0.792363 0.546400 0.299086 0.216000
4 0.834204 0.646900 0.211227 0.012400
2 0.834530 0.598850 0.111619 0.036300
3 0.826305 0.631400 0.228329 0.016600
1 0.893668 0.571950 0.060183 0.017700
5 0.914295 0.604050 0.049478 0.030900
0 0.745757 0.292200 0.309791 0.217600
2 0.793277 0.345350 0.114230 0.036900
4 0.776893 0.393450 0.243864 0.011300
3 0.749151 0.377550 0.296214 0.016100
5 0.872781 0.351300 0.048172 0.031000
1 0.852023 0.318450 0.060966 0.018300
