0 0.531753 0.445800 0.266104 0.199000
2 0.555779 0.488700 0.112857 0.037000
3 0.581234 0.522000 0.135714 0.014200
1 0.614935 0.461400 0.062597 0.019000
5 0.635844 0.494150 0.048052 0.031300
4 0.567338 0.537800 0.165065 0.011200
0 0.226429 0.221550 0.226623 0.206700
5 0.313766 0.272950 0.045714 0.030100
1 0.292792 0.241100 0.060130 0.018600
4 0.267922 0.317200 0.120519 0.011000
3 0.237208 0.300500 0.179870 0.013400
2 0.234286 0.268550 0.113247 0.036700
0 0.232857 0.440300 0.221818 0.210800
1 0.294091 0.462300 0.060130 0.018600
4 0.239091 0.538050 0.178701 0.010300
3 0.228182 0.522500 0.199740 0.014400
5 0.315455 0.495000 0.048831 0.031800
2 0.235130 0.489750 0.112597 0.037100
0 0.817857 0.221150 0.304286 0.204500
4 0.812208 0.317200 0.292727 0.010600
3 0.811948 0.300500 0.292208 0.017400
5 0.943766 0.274000 0.047532 0.031200
1 0.923896 0.241200 0.061039 0.018600
2 0.864351 0.268200 0.110000 0.037200
0 0.516948 0.217350 0.282208 0.217300
1 0.610714 0.241100 0.061688 0.018600
4 0.593312 0.317050 0.103766 0.011900
3 0.571494 0.300600 0.147662 0.013200
5 0.631623 0.273250 0.049221 0.029700
2 0.552078 0.268200 0.109610 0.038000
0 0.857532 0.656650 0.223117 0.220900
1 0.922532 0.681500 0.061169 0.018600
4 0.862987 0.757950 0.188312 0.011100
3 0.854481 0.740450 0.203247 0.016100
5 0.943182 0.714050 0.049221 0.030900
2 0.862922 0.709250 0.111039 0.037300
0 0.628442 0.656800 0.223117 0.219800
4 0.643442 0.750050 0.164805 0.026300
3 0.630325 0.718350 0.191039 0.028300
5 0.712338 0.683200 0.049091 0.031600
1 0.691494 0.650850 0.060649 0.019100
2 0.631948 0.677900 0.112208 0.036800
0 0.816688 0.884650 0.314675 0.201100
4 0.830260 0.975350 0.264416 0.011100
3 0.811039 0.959800 0.302857 0.015200
5 0.947922 0.932250 0.048831 0.030900
1 0.926753 0.900200 0.062338 0.018600
2 0.868247 0.926750 0.111818 0.036900
0 0.514740 0.881700 0.288182 0.210800
4 0.571883 0.968100 0.151558 0.027000
3 0.556948 0.937600 0.182468 0.032200
5 0.633571 0.901250 0.048442 0.030700
1 0.612403 0.868550 0.061169 0.019300
2 0.552403 0.895900 0.110779 0.036200
0 0.200195 0.881000 0.288961 0.210000
4 0.234286 0.977550 0.197662 0.011300
3 0.232273 0.962100 0.200649 0.014400
5 0.318831 0.934400 0.049870 0.032400
1 0.297727 0.901650 0.062468 0.018700
2 0.238052 0.928100 0.109870 0.036800
0 0.391883 0.675100 0.228442 0.182800
4 0.399286 0.757600 0.187143 0.011000
3 0.386169 0.741500 0.211299 0.014000
5 0.478506 0.714500 0.049481 0.032000
1 0.457597 0.681350 0.061169 0.018300
2 0.398182 0.708700 0.112468 0.036600
0 0.154286 0.656500 0.233766 0.211600
1 0.222857 0.679550 0.060519 0.018500
3 0.149481 0.738400 0.216364 0.016600
5 0.243766 0.712300 0.048831 0.031800
2 0.163182 0.706550 0.112857 0.036700
4 0.160325 0.754550 0.194416 0.012300
0 0.827468 0.434950 0.270260 0.219900
2 0.857143 0.488700 0.112208 0.036600
4 0.865065 0.537000 0.172468 0.011800
5 0.937143 0.494700 0.046753 0.031600
1 0.917013 0.461500 0.061818 0.018400
3 0.829156 0.521250 0.246364 0.013700
