0 0.536727 0.873600 0.527320 0.206600
1 0.753351 0.893750 0.059278 0.018500
5 0.773067 0.926100 0.048196 0.031400
3 0.687178 0.953800 0.202191 0.014600
4 0.702255 0.969750 0.172036 0.011700
2 0.693235 0.920700 0.111211 0.035600
0 0.194974 0.339150 0.300258 0.289300
1 0.297745 0.384200 0.061727 0.018400
5 0.318557 0.417550 0.048454 0.032100
2 0.237822 0.411800 0.110180 0.036800
4 0.195232 0.475600 0.276289 0.010800
3 0.190399 0.451750 0.284407 0.032100
0 0.544394 0.665500 0.362242 0.197000
2 0.616946 0.707450 0.109407 0.037100
1 0.676869 0.679950 0.060954 0.018900
4 0.641624 0.755750 0.140722 0.011900
3 0.640271 0.740100 0.142139 0.014600
5 0.697294 0.712800 0.048454 0.031800
0 0.822423 0.307250 0.265722 0.356700
2 0.847745 0.427400 0.109923 0.037600
4 0.850966 0.476200 0.183376 0.011200
3 0.858634 0.460350 0.162371 0.014900
5 0.928673 0.433450 0.048325 0.032700
1 0.907668 0.400250 0.061211 0.018100
0 0.511662 0.356450 0.297809 0.253300
3 0.507281 0.450900 0.284407 0.031800
5 0.633054 0.417800 0.049098 0.031800
4 0.512242 0.476100 0.270619 0.011200
2 0.552577 0.412050 0.109794 0.037100
1 0.613144 0.384700 0.061856 0.018600
