0 0.180545 0.652700 0.297795 0.221400
1 0.282815 0.680400 0.060830 0.018200
5 0.304540 0.713600 0.046952 0.031600
4 0.264008 0.756950 0.110895 0.010500
3 0.247990 0.739950 0.141894 0.014900
2 0.222633 0.708050 0.110117 0.037500
0 0.637419 0.882200 0.568482 0.227000
1 0.864397 0.893050 0.074319 0.022100
5 0.889624 0.933050 0.058625 0.038900
3 0.796304 0.965300 0.218029 0.021800
4 0.819066 0.985000 0.173281 0.012800
2 0.791894 0.925750 0.132685 0.043700
0 0.257328 0.207400 0.451362 0.217600
1 0.430804 0.234250 0.061089 0.017700
2 0.369909 0.262200 0.111284 0.037000
4 0.392348 0.310050 0.150195 0.010500
3 0.397990 0.294700 0.133204 0.014600
5 0.450973 0.267450 0.049027 0.032100
0 0.492542 0.431300 0.302075 0.213800
4 0.516472 0.532250 0.239948 0.009500
3 0.502335 0.516600 0.269001 0.014800
2 0.563100 0.484350 0.155512 0.036900
1 0.600908 0.456600 0.060960 0.018600
0 0.495850 0.651900 0.302205 0.223800
3 0.564981 0.739800 0.130999 0.017600
4 0.572892 0.757050 0.118029 0.011100
1 0.595785 0.680600 0.061608 0.018600
2 0.535603 0.708300 0.110376 0.037600
5 0.616018 0.713750 0.048119 0.031300
0 0.736706 0.207850 0.460182 0.219300
1 0.918482 0.234250 0.061868 0.018300
5 0.939364 0.267750 0.050195 0.031300
2 0.858625 0.261850 0.111284 0.037700
3 0.868936 0.293400 0.167185 0.016800
4 0.852724 0.310350 0.202983 0.010500
0 0.841375 0.655250 0.254734 0.219900
2 0.858560 0.708050 0.109339 0.036700
1 0.918288 0.680450 0.062516 0.018500
5 0.939170 0.713800 0.049027 0.031200
3 0.891440 0.741150 0.125811 0.016100
4 0.897471 0.757700 0.113489 0.010800
0 0.811868 0.429900 0.304929 0.222000
4 0.893515 0.532600 0.122957 0.010600
1 0.918093 0.456400 0.061089 0.018400
5 0.939818 0.489550 0.047471 0.031500
3 0.917185 0.516550 0.074578 0.013700
2 0.860052 0.484200 0.110506 0.036800
0 0.182166 0.431450 0.300000 0.217100
4 0.222244 0.532300 0.203761 0.009800
3 0.206615 0.516100 0.234241 0.015600
2 0.250908 0.484150 0.155253 0.037900
1 0.288911 0.456450 0.061349 0.018700
0 0.191764 0.881450 0.275875 0.222700
5 0.303307 0.942450 0.048379 0.032100
3 0.246433 0.969250 0.143969 0.017100
4 0.223152 0.985700 0.192348 0.011000
2 0.222633 0.937150 0.109857 0.037100
1 0.283074 0.909650 0.060830 0.018300
