0 0.201294 0.219900 0.281501 0.210000
2 0.235188 0.267850 0.109444 0.037500
4 0.237646 0.316350 0.186287 0.012300
3 0.215006 0.300450 0.233118 0.019900
5 0.316624 0.273600 0.048254 0.032000
1 0.296184 0.240500 0.060414 0.018000
0 0.533506 0.229150 0.252264 0.191100
2 0.552587 0.268250 0.111643 0.037100
1 0.612613 0.240450 0.060931 0.018900
4 0.551229 0.317250 0.193273 0.011300
3 0.532212 0.300300 0.232083 0.016000
5 0.633182 0.273250 0.048254 0.031300
0 0.534605 0.882900 0.265330 0.209400
2 0.553234 0.931400 0.110091 0.037000
4 0.549159 0.980250 0.200776 0.012100
3 0.531824 0.964000 0.234153 0.015200
5 0.634476 0.936250 0.048771 0.030700
1 0.613777 0.903700 0.060931 0.018400
0 0.222768 0.886200 0.239845 0.204000
2 0.234088 0.930600 0.109056 0.036600
5 0.314877 0.935800 0.047607 0.032400
3 0.216882 0.963850 0.223933 0.014700
4 0.228331 0.979900 0.201811 0.013200
1 0.294567 0.903600 0.061320 0.018400
0 0.826003 0.667000 0.286934 0.195000
2 0.859961 0.710600 0.108538 0.036800
5 0.941850 0.715150 0.049030 0.032100
3 0.821281 0.741850 0.272316 0.017900
1 0.921345 0.682550 0.060543 0.018700
4 0.847219 0.758700 0.219146 0.009600
0 0.523739 0.670200 0.267400 0.197400
2 0.550841 0.711800 0.108668 0.036800
5 0.631630 0.716800 0.049030 0.031000
3 0.519405 0.744950 0.252781 0.014500
1 0.611966 0.684650 0.060931 0.018700
4 0.552587 0.761400 0.191074 0.011400
0 0.826326 0.877850 0.272833 0.220900
2 0.854398 0.931200 0.110349 0.036800
1 0.915006 0.903900 0.061578 0.018600
3 0.827684 0.963600 0.248642 0.016400
5 0.936158 0.936150 0.048771 0.030500
4 0.852975 0.980050 0.195472 0.011500
0 0.195019 0.664750 0.283959 0.204100
2 0.231501 0.709750 0.109832 0.036500
3 0.191203 0.741200 0.272962 0.017400
5 0.312354 0.714950 0.047219 0.030700
1 0.291785 0.682500 0.061190 0.018600
4 0.220828 0.758150 0.213713 0.012900
0 0.834994 0.447700 0.269211 0.209400
2 0.858085 0.489250 0.109444 0.037900
5 0.939392 0.493700 0.049030 0.031600
4 0.884023 0.536700 0.139845 0.011800
3 0.867788 0.521350 0.170763 0.016300
1 0.919017 0.461450 0.060026 0.018100
0 0.523609 0.439150 0.277490 0.215900
2 0.556339 0.489200 0.109056 0.037600
4 0.563842 0.537750 0.174256 0.012900
3 0.540427 0.521550 0.224968 0.017100
5 0.637193 0.494650 0.048254 0.031300
1 0.615265 0.461700 0.063648 0.019000
0 0.211384 0.445400 0.270116 0.202200
2 0.237516 0.472450 0.109702 0.037100
4 0.223545 0.537050 0.221216 0.012100
3 0.212031 0.512500 0.241656 0.030000
5 0.318435 0.477300 0.049030 0.030800
1 0.298254 0.444750 0.060931 0.019500
0 0.838034 0.220500 0.255369 0.207800
2 0.857891 0.267300 0.109573 0.036800
4 0.856274 0.316450 0.197671 0.012100
3 0.847671 0.300700 0.212290 0.016800
5 0.939327 0.272700 0.048642 0.031800
1 0.919082 0.240250 0.059897 0.018100
