0 0.348247 0.873800 0.594935 0.219400
4 0.589416 0.974050 0.099351 0.012900
3 0.522792 0.956400 0.228701 0.017800
2 0.563442 0.925200 0.155455 0.036400
1 0.601039 0.898050 0.061558 0.019300
0 0.493052 0.644750 0.297532 0.217300
4 0.499545 0.745500 0.277013 0.012000
3 0.492857 0.729000 0.285455 0.016400
2 0.563052 0.696850 0.155195 0.034900
1 0.600974 0.669300 0.060909 0.018000
0 0.178377 0.643450 0.297532 0.221500
1 0.286364 0.669300 0.060260 0.018000
4 0.187532 0.746150 0.267273 0.012300
3 0.196234 0.729550 0.247273 0.014500
2 0.247727 0.696700 0.154935 0.036600
0 0.811429 0.760850 0.309610 0.457100
2 0.800519 0.915800 0.133247 0.044200
4 0.787987 0.974150 0.254156 0.014500
3 0.802143 0.955850 0.226623 0.018300
5 0.897468 0.921900 0.059091 0.038200
1 0.873506 0.882800 0.075065 0.021800
0 0.809675 0.310050 0.312078 0.440100
4 0.828766 0.523300 0.261948 0.011400
3 0.815649 0.506550 0.287403 0.014500
1 0.923506 0.447300 0.061818 0.018400
2 0.885195 0.474900 0.154805 0.036600
0 0.491364 0.421600 0.301948 0.213600
1 0.600909 0.446950 0.061039 0.018900
2 0.563312 0.475050 0.154935 0.037900
3 0.492922 0.508000 0.288701 0.015200
4 0.505974 0.522950 0.264156 0.009500
0 0.181104 0.428350 0.291818 0.201300
1 0.285779 0.446900 0.061948 0.018000
3 0.262597 0.507200 0.115584 0.014200
4 0.286104 0.523300 0.070909 0.009200
2 0.248247 0.474350 0.154156 0.036900
0 0.496883 0.198400 0.289870 0.218600
4 0.595649 0.301750 0.084026 0.009700
3 0.588896 0.285500 0.092857 0.013400
2 0.563117 0.253150 0.154805 0.037100
1 0.600714 0.225750 0.060909 0.017300
0 0.180065 0.198650 0.292597 0.218700
2 0.247987 0.253600 0.154416 0.036600
3 0.232208 0.285900 0.176883 0.013400
1 0.286299 0.225950 0.061169 0.018700
4 0.233052 0.301650 0.177273 0.010500
