0 0.627337 0.841150 0.229834 0.201300
1 0.696223 0.858700 0.061844 0.019600
4 0.644366 0.935250 0.172983 0.011700
3 0.637644 0.918500 0.188732 0.014800
5 0.716389 0.890900 0.048912 0.031600
2 0.636556 0.886250 0.109731 0.036900
0 0.864469 0.849650 0.218822 0.189100
4 0.905506 0.936850 0.113188 0.010300
3 0.878681 0.920950 0.163764 0.015700
5 0.946991 0.893000 0.048912 0.031800
1 0.925736 0.860000 0.061972 0.018800
2 0.866005 0.887600 0.111012 0.037400
0 0.513636 0.638350 0.267478 0.199500
4 0.561460 0.730150 0.140845 0.010700
3 0.537644 0.713050 0.186940 0.015300
5 0.616325 0.685950 0.048271 0.031300
1 0.595839 0.653150 0.060307 0.018300
2 0.536108 0.680400 0.110115 0.036400
0 0.398592 0.844450 0.219462 0.204100
3 0.400576 0.922450 0.193982 0.016100
4 0.394878 0.938350 0.208963 0.011700
1 0.462996 0.861200 0.060179 0.019200
5 0.482650 0.894900 0.048528 0.031600
2 0.401985 0.889450 0.110499 0.037900
0 0.157618 0.845800 0.228681 0.201400
4 0.158003 0.938400 0.208195 0.013600
1 0.226569 0.861750 0.061076 0.018900
3 0.159347 0.922400 0.207298 0.015200
5 0.246863 0.894900 0.047631 0.031600
2 0.166773 0.889450 0.110499 0.036900
0 0.169526 0.647850 0.270935 0.176700
3 0.180602 0.712950 0.222663 0.016100
4 0.187196 0.728250 0.210755 0.011300
5 0.277017 0.684450 0.048015 0.030700
1 0.255890 0.651400 0.060563 0.018600
2 0.196031 0.679200 0.110371 0.037000
0 0.841677 0.635950 0.266453 0.201100
2 0.868246 0.680500 0.111140 0.037400
1 0.928745 0.652650 0.060563 0.018900
4 0.869270 0.730050 0.188988 0.011300
3 0.857939 0.713050 0.208835 0.014700
5 0.949232 0.685450 0.048528 0.030500
