0 0.289559 0.434050 0.241115 0.214700
5 0.385019 0.490700 0.047860 0.029000
4 0.309014 0.534950 0.187160 0.011700
3 0.306420 0.518350 0.187160 0.016100
1 0.365175 0.458500 0.060830 0.018800
2 0.304410 0.486000 0.108690 0.036200
0 0.746044 0.829650 0.365759 0.275700
5 0.892542 0.907200 0.047082 0.029200
1 0.871401 0.875300 0.062127 0.018600
2 0.811089 0.902550 0.110117 0.036300
4 0.845655 0.950750 0.123217 0.012100
3 0.847147 0.935550 0.117380 0.012900
0 0.281518 0.829300 0.391310 0.264400
4 0.392412 0.950700 0.140208 0.012400
1 0.425681 0.875350 0.060700 0.018500
5 0.447082 0.907950 0.048508 0.030900
2 0.366796 0.902750 0.111025 0.036500
3 0.396498 0.935750 0.128664 0.013900
0 0.689429 0.436550 0.313748 0.212100
4 0.687095 0.534800 0.301297 0.012600
1 0.799481 0.458250 0.062257 0.019300
3 0.693904 0.519000 0.287419 0.016400
2 0.738911 0.486000 0.111284 0.037600
5 0.820039 0.490400 0.049157 0.031200
0 0.730610 0.217750 0.333593 0.210100
1 0.850584 0.240150 0.061479 0.018300
5 0.871855 0.272650 0.046693 0.030900
3 0.796563 0.299350 0.180156 0.016700
4 0.784176 0.316050 0.208820 0.009500
2 0.791051 0.267300 0.111803 0.036000
0 0.318807 0.222600 0.348898 0.201600
5 0.467056 0.272400 0.047471 0.030000
3 0.380350 0.298250 0.207134 0.016100
4 0.388457 0.315950 0.191180 0.012300
1 0.447211 0.240200 0.060182 0.018600
2 0.386316 0.267650 0.110376 0.036300
