0 0.207031 0.878450 0.273958 0.209500
5 0.316732 0.932150 0.049609 0.029700
2 0.234766 0.926900 0.110417 0.036600
4 0.226823 0.975600 0.209896 0.011600
3 0.228646 0.959250 0.207552 0.014500
1 0.295117 0.899650 0.060286 0.018700
0 0.518750 0.876350 0.283333 0.207300
2 0.554622 0.925400 0.111068 0.036800
4 0.549935 0.973350 0.202734 0.011300
3 0.549219 0.957950 0.205208 0.015500
5 0.634896 0.931200 0.047656 0.031600
1 0.613997 0.898150 0.062370 0.018700
0 0.788477 0.876800 0.242057 0.208800
2 0.798307 0.925350 0.110417 0.036300
4 0.792578 0.973400 0.208594 0.011800
3 0.792383 0.958150 0.208203 0.015500
5 0.880859 0.932300 0.051042 0.033400
1 0.859635 0.898500 0.060677 0.018400
0 0.676562 0.655500 0.257031 0.216000
2 0.696940 0.707700 0.110026 0.036400
4 0.721289 0.756400 0.141276 0.011000
3 0.712370 0.740050 0.155990 0.015500
5 0.777995 0.713200 0.048958 0.031600
1 0.756836 0.680600 0.060286 0.018400
0 0.307617 0.654600 0.378516 0.215400
2 0.390039 0.708350 0.108203 0.035700
4 0.404297 0.755700 0.161979 0.010000
3 0.400977 0.740650 0.171224 0.015500
1 0.450195 0.681000 0.060807 0.018800
5 0.471484 0.713250 0.047656 0.031300
0 0.749023 0.437800 0.367839 0.209400
2 0.823763 0.488600 0.110547 0.036600
5 0.905404 0.494200 0.051693 0.032600
1 0.883268 0.461300 0.060286 0.018400
3 0.840234 0.520100 0.158594 0.015000
4 0.835677 0.536250 0.167187 0.010500
0 0.348698 0.437350 0.306771 0.212100
2 0.395573 0.488600 0.111979 0.036600
4 0.404818 0.536450 0.170313 0.011700
1 0.455078 0.461100 0.061979 0.018400
3 0.402279 0.521550 0.180339 0.014500
5 0.476042 0.494200 0.048177 0.031400
0 0.388281 0.215600 0.416146 0.207800
2 0.490755 0.265500 0.108594 0.036400
4 0.509310 0.313100 0.155339 0.010400
3 0.499935 0.297400 0.175911 0.015200
5 0.570833 0.270700 0.048958 0.031200
1 0.550846 0.238000 0.060807 0.018800
