0 0.148514 0.885350 0.236822 0.225300
1 0.218282 0.915550 0.062145 0.018700
3 0.149160 0.976050 0.231137 0.013900
4 0.150452 0.991350 0.230362 0.011100
5 0.239470 0.948100 0.047933 0.031000
2 0.159884 0.943000 0.113824 0.036600
0 0.850452 0.647800 0.231395 0.238200
4 0.872868 0.759450 0.152455 0.011100
3 0.871705 0.744500 0.152972 0.016600
5 0.934690 0.716800 0.049225 0.031400
1 0.913437 0.684550 0.061240 0.019100
2 0.854070 0.711550 0.111499 0.037100
0 0.858721 0.884100 0.238372 0.228000
3 0.949677 0.976800 0.053359 0.013600
4 0.936886 0.991250 0.078682 0.011500
2 0.917248 0.953050 0.116408 0.020300
2 0.798320 0.952300 0.114729 0.022200
5 0.917248 0.908450 0.117442 0.026900
5 0.798579 0.909300 0.114987 0.026400
1 0.952907 0.929550 0.036822 0.011900
1 0.833204 0.930250 0.044186 0.013700
0 0.388437 0.882400 0.236047 0.230200
4 0.385530 0.990850 0.225323 0.010500
3 0.398062 0.968900 0.198191 0.029200
5 0.481525 0.931750 0.047545 0.030500
1 0.461628 0.899550 0.060207 0.018900
2 0.402003 0.927100 0.110724 0.036000
0 0.623773 0.883950 0.224289 0.229500
5 0.709496 0.946800 0.048966 0.030000
3 0.626292 0.975200 0.200646 0.014800
2 0.630039 0.942550 0.111240 0.037300
1 0.690568 0.915200 0.062274 0.018600
4 0.620413 0.991350 0.213695 0.012300
0 0.202196 0.647100 0.238501 0.237600
4 0.204716 0.759500 0.209690 0.010800
3 0.211434 0.744050 0.194444 0.014700
5 0.294767 0.717000 0.048966 0.031600
2 0.213760 0.711300 0.110724 0.036600
1 0.273902 0.683800 0.060207 0.018400
0 0.578941 0.648350 0.188630 0.236300
1 0.628682 0.683900 0.061240 0.018600
5 0.648256 0.716350 0.048966 0.029700
3 0.579264 0.743900 0.169638 0.013600
4 0.580168 0.759050 0.167571 0.012300
2 0.567765 0.711650 0.110724 0.036900
