0 0.818473 0.880500 0.296736 0.201800
2 0.859334 0.924400 0.109008 0.036600
5 0.940274 0.929500 0.048172 0.030000
3 0.815144 0.956500 0.278329 0.015200
1 0.919778 0.897000 0.061227 0.018600
4 0.838903 0.972800 0.232898 0.011400
0 0.814360 0.420000 0.306527 0.193200
2 0.856658 0.461800 0.110705 0.036400
3 0.808029 0.492600 0.287337 0.015600
4 0.833486 0.509400 0.236423 0.012400
1 0.917037 0.433900 0.062272 0.018600
5 0.937598 0.465900 0.046997 0.029600
0 0.219517 0.878000 0.275587 0.204000
2 0.249413 0.924100 0.111097 0.036000
1 0.309856 0.897250 0.062272 0.018300
5 0.330352 0.930050 0.048172 0.030300
4 0.215927 0.972500 0.260836 0.009800
3 0.237924 0.957350 0.213446 0.016100
0 0.822846 0.232400 0.289034 0.161800
2 0.857572 0.256400 0.109922 0.036400
4 0.820431 0.304600 0.269060 0.010600
5 0.939360 0.261650 0.048956 0.030300
3 0.820235 0.288000 0.266580 0.015600
1 0.917950 0.229250 0.061488 0.019300
0 0.292755 0.211150 0.393864 0.204900
1 0.443603 0.229850 0.060836 0.018100
2 0.383290 0.256450 0.111488 0.036100
3 0.290339 0.289250 0.377285 0.017100
4 0.322454 0.305550 0.311488 0.012500
5 0.464099 0.262350 0.047520 0.032300
0 0.517559 0.882650 0.270627 0.192500
2 0.545300 0.924150 0.110966 0.036300
1 0.606136 0.897000 0.061880 0.018600
5 0.626632 0.929700 0.048564 0.031600
3 0.513969 0.957150 0.255091 0.017700
4 0.522193 0.972400 0.238120 0.010400
