0 0.200000 0.876300 0.283009 0.220800
1 0.295331 0.902500 0.061738 0.018800
5 0.316278 0.935500 0.048379 0.031800
3 0.225875 0.962500 0.209209 0.015600
4 0.248054 0.978600 0.164851 0.011800
2 0.235084 0.929900 0.111154 0.036400
0 0.515110 0.874650 0.288327 0.214500
1 0.613619 0.899750 0.059403 0.017100
5 0.634047 0.931550 0.048119 0.030700
3 0.543774 0.959200 0.207393 0.015200
4 0.562905 0.975450 0.170169 0.011700
2 0.553372 0.926750 0.110895 0.037300
0 0.303632 0.213150 0.396887 0.221500
3 0.378729 0.300800 0.223087 0.015000
4 0.403502 0.316150 0.173281 0.011100
5 0.476135 0.273950 0.048768 0.031300
1 0.455318 0.241000 0.060830 0.018400
2 0.395266 0.268450 0.110117 0.037100
0 0.821984 0.658250 0.297147 0.210900
1 0.925097 0.664600 0.060571 0.018600
5 0.945136 0.697300 0.047211 0.030200
3 0.844488 0.731900 0.234760 0.030200
4 0.833268 0.756450 0.254864 0.010500
2 0.865629 0.692100 0.109987 0.036400
0 0.814591 0.876450 0.295331 0.219100
1 0.916278 0.902200 0.060571 0.018200
5 0.936835 0.934900 0.047990 0.032200
3 0.864591 0.962750 0.172503 0.013900
4 0.885733 0.978150 0.130999 0.011100
2 0.857198 0.929600 0.109987 0.036600
0 0.511673 0.659000 0.297795 0.212200
1 0.615045 0.682300 0.059663 0.018600
5 0.635798 0.715000 0.047471 0.031600
3 0.572827 0.742550 0.152399 0.015300
4 0.569326 0.758100 0.161479 0.011400
2 0.554540 0.709700 0.110117 0.036800
0 0.199287 0.658750 0.273022 0.210500
4 0.225292 0.756500 0.198962 0.011600
1 0.289494 0.681150 0.060441 0.018900
3 0.200454 0.739200 0.247341 0.016000
5 0.310376 0.713450 0.047471 0.031300
2 0.229183 0.708400 0.110765 0.036000
0 0.760960 0.439450 0.364981 0.212700
5 0.917315 0.494250 0.048379 0.030700
1 0.896952 0.461600 0.061089 0.018400
4 0.840402 0.537150 0.183009 0.012300
3 0.834047 0.520700 0.197795 0.015200
2 0.837743 0.488800 0.109728 0.037000
0 0.776005 0.213750 0.371466 0.220900
1 0.915370 0.241100 0.061608 0.018600
4 0.865824 0.316200 0.168482 0.011800
3 0.819455 0.301100 0.261997 0.015800
5 0.935992 0.273800 0.047860 0.031400
2 0.855577 0.268650 0.111673 0.036700
0 0.329896 0.437050 0.338911 0.216500
5 0.473281 0.494800 0.047730 0.030800
1 0.453048 0.461950 0.061738 0.018900
4 0.402205 0.537450 0.171206 0.011300
2 0.393191 0.489300 0.109857 0.036800
3 0.370817 0.522750 0.234760 0.016100
