0 0.524707 0.445800 0.266580 0.193200
4 0.524187 0.536050 0.247334 0.011100
3 0.522237 0.520700 0.252796 0.016800
1 0.611899 0.460150 0.061508 0.018900
2 0.552406 0.487600 0.109233 0.035800
5 0.632900 0.492700 0.047594 0.030800
0 0.540117 0.880950 0.244083 0.202700
4 0.565605 0.974850 0.172822 0.010700
3 0.558453 0.959000 0.186346 0.016400
5 0.636606 0.932150 0.046424 0.030300
1 0.615995 0.900200 0.061899 0.018600
2 0.556502 0.927350 0.110143 0.035700
0 0.829259 0.876600 0.264499 0.215400
5 0.933420 0.931600 0.047594 0.030200
1 0.912809 0.899850 0.062289 0.018900
3 0.855982 0.958800 0.182705 0.015200
4 0.857737 0.975400 0.179974 0.011600
2 0.852536 0.927300 0.109493 0.035800
0 0.198375 0.435150 0.285176 0.214900
1 0.294863 0.444650 0.061248 0.018100
4 0.207152 0.535250 0.247594 0.011100
3 0.203901 0.512350 0.256177 0.029500
5 0.315865 0.477100 0.047854 0.031600
2 0.235696 0.471700 0.109883 0.036000
0 0.509818 0.218850 0.297919 0.206700
2 0.551821 0.265650 0.111183 0.036300
3 0.551886 0.297550 0.186476 0.017100
4 0.548830 0.313750 0.194668 0.010500
5 0.632510 0.271150 0.048895 0.030500
1 0.612224 0.238450 0.060858 0.018700
0 0.200715 0.216150 0.281014 0.214500
2 0.235306 0.235800 0.111964 0.037000
5 0.316320 0.241200 0.048765 0.029400
1 0.295254 0.208650 0.061248 0.018100
4 0.226268 0.308200 0.210923 0.027200
3 0.223602 0.276850 0.215475 0.030900
0 0.214304 0.880700 0.251756 0.199600
1 0.294148 0.897350 0.060858 0.018700
3 0.209948 0.957000 0.237321 0.015000
4 0.214629 0.972200 0.230039 0.011000
5 0.314629 0.930050 0.047204 0.031300
2 0.233420 0.924900 0.108973 0.036800
0 0.721001 0.664850 0.228739 0.197700
2 0.728804 0.707400 0.110143 0.036000
1 0.787841 0.680200 0.061248 0.018800
5 0.808583 0.712750 0.048895 0.030900
3 0.717295 0.740300 0.208583 0.015200
4 0.726463 0.756200 0.193368 0.010400
0 0.304746 0.658950 0.263849 0.206700
2 0.330884 0.706500 0.109883 0.036800
4 0.331795 0.755400 0.188947 0.011400
3 0.352146 0.738950 0.145904 0.017500
5 0.411053 0.712100 0.047594 0.031800
1 0.390832 0.679350 0.061508 0.018700
0 0.830949 0.453250 0.277243 0.180900
5 0.943563 0.493250 0.048895 0.031900
2 0.863654 0.488000 0.110663 0.036600
4 0.829519 0.536100 0.259818 0.012600
3 0.827503 0.520100 0.263069 0.018000
1 0.923862 0.460400 0.060728 0.018400
0 0.834200 0.232100 0.265540 0.185200
2 0.860403 0.267900 0.111964 0.036600
1 0.920286 0.240600 0.061118 0.018600
4 0.830884 0.316850 0.248765 0.011700
3 0.837906 0.300100 0.235241 0.015800
5 0.941352 0.273600 0.048895 0.031600
