0 0.857208 0.234100 0.207995 0.181600
2 0.852883 0.271000 0.110747 0.036000
4 0.870315 0.317800 0.159240 0.011000
3 0.855570 0.302800 0.186107 0.014200
5 0.933159 0.276400 0.049279 0.031600
1 0.912647 0.243950 0.060682 0.018100
0 0.624115 0.217800 0.229358 0.215400
2 0.632700 0.271250 0.110223 0.035500
1 0.693512 0.244650 0.061206 0.019500
3 0.619397 0.303350 0.215465 0.015500
5 0.712713 0.276550 0.047444 0.030700
4 0.635649 0.318450 0.186107 0.012500
0 0.584928 0.887250 0.498296 0.190900
2 0.723526 0.925200 0.111009 0.037000
3 0.736959 0.956800 0.161206 0.015600
5 0.803539 0.930300 0.048493 0.031800
4 0.747248 0.973650 0.143250 0.010900
1 0.783683 0.898000 0.061730 0.018600
0 0.769594 0.436950 0.384273 0.183900
1 0.913565 0.444050 0.061206 0.018900
4 0.876737 0.518400 0.145609 0.011400
3 0.872805 0.501950 0.153473 0.016700
5 0.933814 0.475800 0.047969 0.029400
2 0.853408 0.471050 0.109699 0.035700
0 0.253473 0.310400 0.429358 0.404600
2 0.325885 0.425850 0.108126 0.036300
4 0.268611 0.496300 0.308650 0.028400
3 0.259436 0.464700 0.325950 0.031600
5 0.406029 0.430400 0.048231 0.030800
1 0.385583 0.398800 0.060026 0.018400
0 0.564613 0.671800 0.477588 0.184400
2 0.694364 0.707350 0.109830 0.036300
4 0.718742 0.754850 0.144430 0.010500
3 0.709043 0.738750 0.162779 0.016300
5 0.774574 0.712250 0.048231 0.029500
1 0.754522 0.680000 0.061337 0.018400
