0 0.809751 0.207400 0.304843 0.217600
2 0.732395 0.266350 0.062696 0.029900
2 0.731479 0.235150 0.064267 0.031100
5 0.889332 0.234850 0.123953 0.027700
5 0.889071 0.266950 0.123429 0.029100
4 0.813809 0.309450 0.195419 0.010100
1 0.799542 0.271850 0.030759 0.012100
1 0.799084 0.239500 0.032723 0.010200
3 0.813940 0.295200 0.123168 0.013600
0 0.179188 0.874500 0.301571 0.221200
1 0.286322 0.901150 0.061649 0.019500
3 0.243390 0.960400 0.155628 0.017400
4 0.229581 0.976200 0.184555 0.010800
2 0.247709 0.928400 0.154581 0.036000
0 0.811060 0.648700 0.310602 0.213600
4 0.892474 0.749100 0.130497 0.008800
3 0.917539 0.734700 0.081414 0.015200
2 0.884031 0.701600 0.154974 0.036000
1 0.921793 0.674750 0.060340 0.018300
0 0.179319 0.207600 0.303927 0.218200
2 0.099018 0.235050 0.065052 0.029900
2 0.096401 0.266750 0.065314 0.027900
1 0.161453 0.239600 0.028403 0.013200
1 0.161453 0.270650 0.028403 0.012500
5 0.252683 0.234400 0.123953 0.030600
5 0.252683 0.266100 0.123168 0.028400
3 0.176832 0.294500 0.080890 0.014200
4 0.176440 0.309150 0.134031 0.010100
0 0.491296 0.207450 0.306414 0.217300
2 0.409097 0.266250 0.067408 0.027500
2 0.408312 0.234600 0.066099 0.030600
5 0.566165 0.265250 0.123168 0.028100
5 0.566361 0.234450 0.123560 0.029700
1 0.476178 0.271100 0.029319 0.012600
3 0.491754 0.295300 0.100000 0.015800
4 0.492016 0.309600 0.171990 0.009800
1 0.476178 0.239650 0.029319 0.012900
0 0.813351 0.873400 0.309162 0.222000
1 0.862042 0.901600 0.059162 0.018400
2 0.823691 0.928900 0.155236 0.036600
3 0.857199 0.961050 0.080628 0.014500
4 0.836976 0.976750 0.119764 0.011500
0 0.495615 0.873850 0.300654 0.219900
1 0.603403 0.901250 0.059162 0.018900
2 0.565641 0.928500 0.155628 0.036000
3 0.576636 0.960200 0.123953 0.018400
4 0.594634 0.976500 0.084293 0.011000
0 0.494503 0.650050 0.305497 0.214900
4 0.558639 0.750200 0.159686 0.011800
3 0.582199 0.735050 0.111257 0.014500
2 0.564921 0.701850 0.152880 0.035700
1 0.602421 0.674900 0.061126 0.018800
0 0.178272 0.428850 0.308377 0.213300
4 0.259162 0.529550 0.122513 0.008300
3 0.282592 0.512700 0.076440 0.016000
2 0.247709 0.481550 0.153272 0.036300
1 0.286584 0.454550 0.060864 0.018100
0 0.492736 0.429600 0.302225 0.213600
4 0.571859 0.529500 0.131937 0.011000
3 0.599411 0.512800 0.076571 0.016200
2 0.564791 0.481400 0.152618 0.036000
1 0.602356 0.454250 0.059686 0.019300
0 0.811387 0.429000 0.312304 0.216800
4 0.893521 0.528450 0.126832 0.012100
3 0.932788 0.511300 0.049346 0.016200
2 0.885668 0.480250 0.151440 0.035100
1 0.922709 0.453800 0.060340 0.018200
0 0.180170 0.649450 0.306414 0.214100
4 0.256479 0.749350 0.129974 0.010100
3 0.284097 0.734650 0.073429 0.014900
2 0.247775 0.701550 0.154974 0.035100
1 0.286322 0.674850 0.060602 0.019300
