0 0.541057 0.668800 0.242689 0.196400
2 0.554765 0.710500 0.110052 0.036600
1 0.614817 0.683600 0.060966 0.018200
5 0.635313 0.716100 0.048695 0.030200
4 0.573760 0.758850 0.151958 0.010700
3 0.575914 0.742600 0.146867 0.015600
0 0.192493 0.658500 0.307441 0.218600
3 0.230483 0.743150 0.204308 0.014900
2 0.237663 0.711000 0.110052 0.036400
4 0.253851 0.758000 0.158355 0.011600
5 0.318799 0.715950 0.048042 0.030700
1 0.298172 0.683850 0.059530 0.019100
0 0.543146 0.449300 0.233551 0.194200
2 0.553329 0.489900 0.110836 0.035800
5 0.633551 0.495150 0.049086 0.030900
3 0.550849 0.522150 0.193603 0.016700
1 0.612533 0.462650 0.061097 0.019700
4 0.571932 0.538450 0.151175 0.011100
0 0.508159 0.879600 0.299086 0.209400
2 0.552023 0.929450 0.109530 0.035700
5 0.631984 0.933950 0.047781 0.030300
3 0.504700 0.960800 0.284334 0.015200
4 0.534334 0.977650 0.224543 0.010700
1 0.611292 0.902550 0.059399 0.018700
0 0.204178 0.884850 0.272063 0.201300
2 0.232180 0.929200 0.110052 0.036600
4 0.247520 0.977250 0.161880 0.011700
3 0.261684 0.961300 0.130157 0.015800
5 0.313251 0.934600 0.048695 0.031600
1 0.292755 0.902200 0.060705 0.018600
0 0.821084 0.663700 0.298303 0.208400
2 0.863969 0.679750 0.108877 0.035700
1 0.924739 0.652850 0.060705 0.019300
4 0.853460 0.750900 0.209791 0.026800
3 0.842950 0.720700 0.231593 0.031600
5 0.944191 0.684850 0.048695 0.031100
0 0.497911 0.225400 0.324021 0.207800
2 0.556070 0.271900 0.110052 0.035800
1 0.615013 0.244900 0.060836 0.019000
3 0.494060 0.303750 0.310313 0.018900
5 0.634661 0.276250 0.046345 0.029700
4 0.510836 0.320500 0.277285 0.012000
0 0.209856 0.234150 0.259138 0.187100
2 0.235183 0.272600 0.111619 0.036000
4 0.228786 0.320500 0.200914 0.012400
3 0.206658 0.304350 0.244125 0.014500
5 0.314687 0.277700 0.046606 0.030000
1 0.294060 0.245900 0.060966 0.018000
0 0.844582 0.228300 0.244517 0.200000
2 0.861031 0.271600 0.110836 0.036800
1 0.920300 0.244550 0.061227 0.017900
3 0.858681 0.304850 0.195170 0.016700
4 0.871214 0.321000 0.168538 0.011800
5 0.941253 0.276300 0.047781 0.030200
0 0.202742 0.448550 0.272324 0.197700
2 0.234465 0.491650 0.112010 0.035500
4 0.246671 0.540100 0.163055 0.011800
5 0.313708 0.496700 0.047781 0.030200
3 0.237272 0.524450 0.179243 0.014700
1 0.292820 0.464200 0.061097 0.018400
0 0.813708 0.882600 0.279112 0.203400
2 0.847128 0.929450 0.110444 0.036300
4 0.848238 0.977550 0.187076 0.010700
3 0.826632 0.961950 0.230287 0.015500
5 0.927807 0.934700 0.047781 0.031600
1 0.907115 0.902250 0.060444 0.019100
0 0.838381 0.439650 0.267624 0.214500
2 0.865601 0.492750 0.111097 0.036300
1 0.924739 0.465550 0.060444 0.018100
3 0.850000 0.524300 0.220104 0.016000
4 0.840796 0.540250 0.240078 0.010500
5 0.945953 0.498100 0.048042 0.031600
