0 0.506418 0.652500 0.301926 0.219800
4 0.587869 0.753700 0.125674 0.011800
3 0.619063 0.736650 0.065854 0.018900
2 0.577728 0.704400 0.154685 0.037400
1 0.616046 0.676450 0.061104 0.018900
0 0.820539 0.651500 0.302182 0.218200
3 0.903787 0.737300 0.121823 0.015600
4 0.916431 0.753000 0.099872 0.011000
2 0.891849 0.704350 0.154429 0.037700
1 0.930488 0.676500 0.060462 0.018800
0 0.188832 0.768900 0.313736 0.456000
1 0.293068 0.893150 0.073427 0.023100
4 0.262580 0.985600 0.148780 0.013600
3 0.250449 0.965800 0.168164 0.020800
2 0.247882 0.926100 0.184339 0.043600
0 0.186842 0.202600 0.313864 0.221400
4 0.266945 0.305300 0.138511 0.011600
3 0.291078 0.289850 0.089217 0.017100
2 0.262580 0.256300 0.154172 0.036400
1 0.300834 0.228850 0.060462 0.019100
0 0.508472 0.202000 0.302953 0.219200
4 0.576958 0.304800 0.150578 0.010000
3 0.600128 0.287900 0.102696 0.016800
2 0.579782 0.256300 0.153659 0.036800
1 0.617009 0.228550 0.061489 0.018700
0 0.506932 0.428050 0.303979 0.217700
2 0.425032 0.452100 0.063671 0.030000
2 0.426765 0.484300 0.061489 0.028400
4 0.507445 0.529200 0.151220 0.011600
5 0.582542 0.484250 0.122721 0.028500
3 0.508858 0.511300 0.102953 0.016800
5 0.582863 0.453000 0.122080 0.029800
1 0.492619 0.489950 0.028113 0.011900
1 0.492490 0.457000 0.028113 0.011000
0 0.822208 0.880700 0.303209 0.225800
4 0.822465 0.986550 0.152760 0.010100
3 0.847818 0.971100 0.102567 0.015800
2 0.825674 0.937400 0.154300 0.036800
1 0.863479 0.909500 0.060719 0.019200
0 0.507766 0.881300 0.304621 0.225800
3 0.606611 0.970900 0.087933 0.015200
4 0.581579 0.986350 0.138511 0.011700
2 0.577599 0.937400 0.153915 0.036600
1 0.615982 0.909600 0.060719 0.019600
0 0.186200 0.427200 0.316688 0.218000
2 0.261168 0.479200 0.153915 0.036800
1 0.299358 0.451200 0.061361 0.020200
3 0.269255 0.511050 0.130552 0.017100
4 0.243710 0.527750 0.182670 0.010100
0 0.819320 0.201750 0.294095 0.220500
2 0.733890 0.260500 0.069833 0.029800
4 0.820668 0.304850 0.152246 0.011100
3 0.820988 0.288550 0.167522 0.018700
5 0.895892 0.260800 0.122978 0.030000
5 0.896085 0.228550 0.122080 0.030900
1 0.806547 0.265900 0.035430 0.011600
1 0.806033 0.233650 0.035173 0.012900
2 0.733248 0.228650 0.071887 0.030900
0 0.820218 0.427150 0.300513 0.217700
4 0.900193 0.528700 0.127214 0.012000
3 0.931130 0.511050 0.068421 0.018300
2 0.890308 0.479700 0.155199 0.037600
1 0.927985 0.451500 0.061104 0.018600
