0 0.504545 0.438350 0.313766 0.212700
4 0.510000 0.530150 0.278961 0.026100
3 0.515844 0.499500 0.265195 0.032200
5 0.633052 0.463800 0.048182 0.031400
1 0.611818 0.431350 0.062338 0.018900
2 0.552468 0.458700 0.110909 0.036600
0 0.200649 0.447150 0.288312 0.195300
4 0.224870 0.537250 0.237792 0.011100
3 0.202597 0.521400 0.282078 0.016400
5 0.314935 0.494000 0.047532 0.031200
1 0.294026 0.461900 0.063117 0.018600
2 0.233831 0.488750 0.110000 0.036300
0 0.743961 0.222900 0.265584 0.201800
4 0.753831 0.316550 0.226623 0.011100
5 0.851494 0.273050 0.046364 0.030900
1 0.831104 0.241200 0.061429 0.019600
3 0.740195 0.300450 0.253377 0.015500
2 0.771234 0.268850 0.110519 0.036900
0 0.325649 0.224250 0.270260 0.198300
4 0.362338 0.315850 0.191948 0.011100
3 0.327727 0.299100 0.258312 0.014200
5 0.428961 0.272200 0.047532 0.030000
1 0.408571 0.239850 0.062857 0.018900
2 0.348506 0.267100 0.110779 0.036600
0 0.743961 0.876900 0.374675 0.213800
2 0.824675 0.926900 0.111688 0.036400
3 0.740909 0.960150 0.355844 0.016100
5 0.905065 0.931850 0.047792 0.030500
1 0.885000 0.899550 0.060909 0.019900
4 0.764870 0.975450 0.308701 0.009500
0 0.286299 0.880450 0.333636 0.211100
2 0.345909 0.930050 0.112078 0.036900
3 0.338636 0.962750 0.202468 0.014500
4 0.356169 0.978600 0.172597 0.011400
5 0.426883 0.934200 0.047532 0.030000
1 0.406104 0.902650 0.062857 0.018900
0 0.819610 0.663050 0.303896 0.204300
2 0.864416 0.678700 0.111688 0.036600
4 0.841494 0.749900 0.239351 0.026800
3 0.827987 0.718050 0.266104 0.029700
5 0.945065 0.683600 0.046494 0.030200
1 0.923896 0.651300 0.060779 0.018400
0 0.505649 0.657900 0.308961 0.217600
4 0.517922 0.750600 0.261558 0.026800
2 0.552987 0.693650 0.111169 0.036900
3 0.501558 0.726550 0.293506 0.016100
5 0.633442 0.699000 0.046364 0.030600
1 0.612532 0.666500 0.061169 0.018600
0 0.200909 0.662150 0.285714 0.212300
3 0.242273 0.719050 0.178312 0.029700
5 0.317143 0.683650 0.047013 0.030500
2 0.236429 0.678700 0.110000 0.036400
1 0.295519 0.651050 0.061169 0.019300
4 0.255844 0.750750 0.153766 0.028100
0 0.834221 0.441000 0.280909 0.210000
4 0.843182 0.537650 0.236494 0.010700
3 0.834805 0.522300 0.252468 0.015200
5 0.946753 0.494700 0.048312 0.030000
1 0.926104 0.461950 0.061818 0.019100
2 0.865844 0.489500 0.110390 0.036000
