0 0.523303 0.433300 0.277154 0.201800
2 0.553655 0.476650 0.110966 0.037500
4 0.524543 0.525750 0.248303 0.010500
3 0.518277 0.509400 0.262141 0.014800
5 0.634204 0.482250 0.048042 0.030900
1 0.614295 0.449400 0.061227 0.018600
0 0.819909 0.433500 0.271149 0.201400
2 0.842689 0.476800 0.111488 0.036400
4 0.837272 0.525150 0.200653 0.010300
3 0.841906 0.508900 0.187728 0.016000
5 0.922585 0.482250 0.047520 0.030900
1 0.901110 0.449750 0.059661 0.017700
0 0.852089 0.871700 0.219321 0.210000
2 0.828655 0.920850 0.110052 0.037100
4 0.846018 0.968300 0.155222 0.011800
3 0.835117 0.953300 0.178590 0.014200
5 0.909399 0.925300 0.046997 0.030200
1 0.889099 0.894600 0.060444 0.016600
0 0.622650 0.871950 0.229112 0.210900
5 0.710836 0.926600 0.048042 0.031000
2 0.629896 0.921550 0.110183 0.037100
4 0.649739 0.970400 0.151436 0.011800
3 0.643342 0.953850 0.160313 0.013900
1 0.689426 0.894150 0.062141 0.018700
0 0.157441 0.871700 0.213577 0.210000
2 0.157245 0.920800 0.110574 0.036600
5 0.238120 0.926300 0.047781 0.030800
4 0.154765 0.968700 0.195692 0.011600
3 0.164099 0.953100 0.176501 0.016000
1 0.217950 0.893550 0.062533 0.018900
0 0.388903 0.870550 0.219582 0.207300
2 0.392102 0.918650 0.109791 0.037500
5 0.473172 0.924100 0.048695 0.032200
3 0.386815 0.950700 0.202872 0.016600
4 0.386749 0.966300 0.201697 0.012400
1 0.453003 0.891750 0.060836 0.018300
0 0.845757 0.659150 0.231462 0.212700
1 0.913642 0.682800 0.061749 0.019200
3 0.844843 0.742300 0.209269 0.014200
5 0.934595 0.715050 0.047781 0.030500
2 0.854047 0.710400 0.110705 0.036000
4 0.844452 0.758750 0.208486 0.011700
0 0.625979 0.660300 0.223760 0.211400
1 0.692559 0.684000 0.061097 0.019200
5 0.712663 0.716100 0.047781 0.030800
3 0.627480 0.743100 0.198825 0.015800
4 0.632311 0.759450 0.189164 0.011300
2 0.632115 0.710800 0.111227 0.036000
0 0.390274 0.660600 0.221279 0.210000
4 0.407180 0.758600 0.166841 0.010000
2 0.394060 0.710750 0.110574 0.036300
1 0.453982 0.683650 0.061488 0.019500
5 0.474869 0.715300 0.046345 0.030200
3 0.393995 0.742600 0.187467 0.014200
0 0.151501 0.659300 0.223629 0.211600
2 0.155287 0.710550 0.111097 0.037300
4 0.146997 0.758450 0.205222 0.010700
3 0.146736 0.742800 0.208094 0.014800
5 0.236488 0.715300 0.046867 0.032000
1 0.215405 0.682950 0.062402 0.019300
0 0.204569 0.433450 0.274151 0.200700
2 0.236162 0.477500 0.109138 0.035200
5 0.315535 0.482400 0.048825 0.031600
4 0.217950 0.525650 0.227023 0.012500
3 0.223303 0.508600 0.212663 0.015000
1 0.295561 0.450150 0.061097 0.021100
0 0.821475 0.221550 0.264883 0.208900
2 0.847650 0.271900 0.110444 0.035800
5 0.928590 0.276900 0.047781 0.031000
3 0.828394 0.303200 0.227285 0.014200
1 0.906919 0.244550 0.060313 0.020100
4 0.828394 0.320450 0.228329 0.010300
0 0.531919 0.221650 0.258355 0.211300
2 0.555352 0.271200 0.109661 0.036600
1 0.615274 0.244200 0.061880 0.018400
5 0.634661 0.276800 0.046345 0.030000
3 0.545235 0.303250 0.215013 0.018100
4 0.540601 0.320150 0.220104 0.009700
0 0.196606 0.218050 0.293995 0.219900
5 0.316775 0.277450 0.048172 0.030300
2 0.235901 0.272100 0.108877 0.036000
3 0.242493 0.304050 0.175587 0.016100
4 0.249021 0.320800 0.161488 0.011400
1 0.295692 0.244850 0.061358 0.018900
