0 0.651311 0.871400 0.179948 0.201800
3 0.649672 0.925200 0.159895 0.033600
5 0.715596 0.891000 0.048231 0.030200
1 0.694561 0.858900 0.057536 0.019200
4 0.663368 0.957600 0.134076 0.025800
2 0.633552 0.886000 0.109567 0.036000
0 0.813761 0.656600 0.270249 0.213400
4 0.851638 0.755750 0.170642 0.011300
3 0.818218 0.739850 0.233028 0.013700
5 0.920839 0.712700 0.047182 0.030800
1 0.901245 0.680250 0.061992 0.019700
2 0.840170 0.707200 0.108126 0.035800
0 0.517366 0.660750 0.289515 0.206700
4 0.545151 0.755900 0.204587 0.011000
3 0.511271 0.740300 0.270511 0.014800
5 0.633879 0.712900 0.048100 0.029600
1 0.612975 0.680900 0.061075 0.018600
2 0.552294 0.707400 0.109305 0.036000
0 0.157077 0.875150 0.216121 0.193700
4 0.186632 0.956500 0.137615 0.026600
3 0.175491 0.926450 0.156488 0.030500
5 0.239974 0.891100 0.046920 0.031800
1 0.218742 0.859200 0.062385 0.020000
2 0.158781 0.886200 0.112058 0.035200
0 0.205046 0.235500 0.276409 0.183600
5 0.317300 0.276650 0.047182 0.030500
1 0.296003 0.244150 0.061730 0.018100
4 0.245347 0.319150 0.171691 0.012900
3 0.229161 0.303600 0.203801 0.015000
2 0.235976 0.271500 0.110485 0.036000
0 0.527720 0.238700 0.265138 0.177800
4 0.542202 0.319100 0.212320 0.011800
3 0.536239 0.303950 0.222674 0.015300
5 0.633814 0.276750 0.049017 0.031300
1 0.612975 0.244350 0.061075 0.018700
2 0.553014 0.271450 0.109961 0.035500
0 0.814744 0.220150 0.281651 0.212700
5 0.929948 0.260350 0.047575 0.030300
4 0.817235 0.319300 0.256488 0.011400
3 0.814548 0.294800 0.261861 0.032200
1 0.908257 0.228500 0.062910 0.019600
2 0.848165 0.255500 0.110747 0.035000
0 0.191678 0.437000 0.302359 0.215400
1 0.296134 0.431750 0.063041 0.019300
5 0.316448 0.463700 0.048100 0.031800
4 0.223001 0.530000 0.221363 0.025800
3 0.208912 0.498750 0.247182 0.029900
2 0.235321 0.458300 0.110223 0.036000
0 0.517038 0.440350 0.288073 0.213300
4 0.554849 0.529550 0.189122 0.027300
3 0.554653 0.496400 0.190564 0.031800
5 0.634076 0.463450 0.047706 0.031100
1 0.613761 0.432300 0.062123 0.019200
2 0.554260 0.458650 0.110354 0.034300
0 0.826737 0.440700 0.258191 0.208800
5 0.927785 0.494900 0.049279 0.030600
4 0.860944 0.536250 0.159633 0.011300
3 0.841022 0.522000 0.202883 0.015000
1 0.906881 0.461950 0.060419 0.018300
2 0.846592 0.489400 0.108650 0.036000
0 0.196461 0.655900 0.286501 0.213400
1 0.290236 0.679050 0.063041 0.018900
4 0.217169 0.753500 0.218873 0.011400
3 0.220970 0.738600 0.211533 0.014400
5 0.311140 0.711150 0.050066 0.030700
2 0.230931 0.705850 0.108257 0.036700
0 0.847510 0.870050 0.193578 0.202700
4 0.849083 0.964500 0.163434 0.011600
3 0.843775 0.948450 0.175098 0.014700
5 0.917955 0.921900 0.048231 0.031600
1 0.897117 0.890150 0.062385 0.018700
2 0.836894 0.917100 0.108126 0.035800
0 0.399017 0.873050 0.205111 0.198500
4 0.430341 0.957100 0.123067 0.025200
3 0.414155 0.925700 0.156225 0.030200
5 0.475623 0.890700 0.048231 0.030200
1 0.455374 0.859200 0.060944 0.019200
2 0.395609 0.886100 0.111009 0.035200
