0 0.779779 0.430050 0.320026 0.219900
2 0.828544 0.482750 0.110923 0.036700
4 0.815475 0.531650 0.241873 0.011700
3 0.778804 0.515300 0.310793 0.014800
5 0.909753 0.488250 0.046814 0.029500
1 0.889402 0.455050 0.062029 0.019300
0 0.293888 0.433350 0.459558 0.208900
4 0.315150 0.523100 0.406632 0.025000
2 0.413589 0.451000 0.110403 0.036600
1 0.473472 0.423700 0.061118 0.018600
5 0.493693 0.456600 0.047204 0.030000
3 0.293043 0.492750 0.450325 0.028500
0 0.283875 0.656250 0.371912 0.207500
2 0.360858 0.703950 0.110793 0.036900
4 0.387061 0.752300 0.162939 0.012000
3 0.370351 0.736700 0.192978 0.015800
1 0.420611 0.676800 0.062809 0.019200
5 0.441547 0.709300 0.047204 0.030600
0 0.772107 0.658250 0.272432 0.207500
2 0.799220 0.704250 0.109753 0.036300
4 0.837451 0.752300 0.136281 0.012000
1 0.859363 0.676900 0.060728 0.018800
5 0.880039 0.708850 0.047204 0.029700
3 0.825488 0.736050 0.158908 0.016100
0 0.287711 0.880450 0.357477 0.201300
2 0.359103 0.924450 0.110663 0.037500
1 0.417750 0.896900 0.060468 0.018400
5 0.439272 0.929400 0.047334 0.031400
3 0.357672 0.956500 0.188687 0.014400
4 0.342458 0.973300 0.225098 0.010200
0 0.271651 0.211150 0.314954 0.212700
2 0.322042 0.261400 0.110923 0.036600
3 0.297919 0.293300 0.238492 0.012600
5 0.403056 0.266600 0.047204 0.030600
1 0.383160 0.234150 0.060728 0.019300
4 0.314629 0.310050 0.206112 0.009500
0 0.791352 0.208700 0.288036 0.213600
2 0.826788 0.261750 0.109753 0.036300
1 0.887321 0.234750 0.061508 0.018900
5 0.908127 0.266800 0.046424 0.030600
3 0.846489 0.293800 0.172042 0.015200
4 0.860273 0.309000 0.146554 0.010400
