0 0.541710 0.443000 0.243473 0.207800
3 0.575131 0.523650 0.146867 0.015500
5 0.636227 0.497100 0.048433 0.032200
1 0.615078 0.464450 0.060444 0.018900
2 0.555483 0.491700 0.109138 0.036000
4 0.585313 0.539800 0.133029 0.011400
0 0.332963 0.658400 0.284204 0.215800
1 0.430548 0.683600 0.061880 0.018600
4 0.369648 0.758700 0.192298 0.010600
3 0.347911 0.743300 0.233943 0.015200
5 0.449869 0.716350 0.048042 0.030300
2 0.369713 0.710100 0.110444 0.036000
0 0.724347 0.658900 0.259661 0.216800
4 0.766775 0.759450 0.152089 0.011700
3 0.760770 0.744450 0.163577 0.013300
5 0.827154 0.716400 0.049086 0.031600
1 0.806397 0.684800 0.061880 0.020200
2 0.746540 0.711750 0.109530 0.035700
0 0.845627 0.225250 0.246084 0.208900
1 0.922650 0.245700 0.060966 0.019200
5 0.943407 0.278200 0.047389 0.031200
2 0.862728 0.272850 0.110836 0.036300
4 0.859856 0.320650 0.195692 0.012300
3 0.851828 0.304600 0.210183 0.016400
0 0.226436 0.444400 0.235901 0.205800
1 0.298368 0.464800 0.060966 0.019600
4 0.229634 0.540050 0.205222 0.011100
3 0.230222 0.523950 0.204047 0.015500
5 0.318407 0.496800 0.049086 0.030600
2 0.238055 0.491900 0.111619 0.036000
0 0.836815 0.447600 0.268407 0.197400
1 0.923629 0.464100 0.061880 0.018600
4 0.867624 0.538800 0.181462 0.010200
3 0.861031 0.523300 0.193864 0.014400
5 0.943211 0.496650 0.047520 0.029900
2 0.862010 0.491100 0.109661 0.036400
0 0.184465 0.222950 0.312794 0.207700
1 0.293734 0.243950 0.060574 0.019300
3 0.179961 0.302800 0.300392 0.016400
5 0.315013 0.276100 0.047781 0.030600
2 0.234595 0.271600 0.111227 0.036600
4 0.200783 0.319750 0.257180 0.011700
0 0.795627 0.884200 0.271932 0.207400
3 0.796932 0.962600 0.243734 0.014400
4 0.791645 0.978750 0.256658 0.011700
1 0.884530 0.902700 0.061488 0.018600
5 0.905157 0.935500 0.048695 0.031200
2 0.825065 0.929500 0.111488 0.035400
0 0.508877 0.232750 0.298172 0.190500
1 0.610117 0.243850 0.060966 0.018900
5 0.630614 0.276200 0.047389 0.030600
3 0.502807 0.302550 0.283943 0.014500
4 0.531789 0.319600 0.229112 0.011400
2 0.550457 0.271000 0.109791 0.036600
0 0.515796 0.879450 0.291384 0.212700
1 0.614491 0.902650 0.061097 0.018900
3 0.532637 0.962100 0.234465 0.014200
5 0.636031 0.935200 0.046997 0.030800
4 0.562859 0.977550 0.176110 0.011100
2 0.555091 0.930300 0.110444 0.036800
0 0.220104 0.879750 0.250392 0.212100
4 0.251436 0.971650 0.163969 0.026500
3 0.239164 0.938350 0.187467 0.032500
5 0.318146 0.905200 0.048564 0.030000
1 0.297128 0.872700 0.060052 0.019200
2 0.237794 0.899550 0.110313 0.036300
