0 0.326135 0.211650 0.409987 0.217300
4 0.383268 0.312600 0.267704 0.011400
1 0.483268 0.237350 0.061479 0.020100
5 0.503307 0.269750 0.047601 0.031100
3 0.355188 0.297550 0.326200 0.017100
2 0.422957 0.264600 0.111025 0.036000
0 0.845914 0.664250 0.237613 0.195500
2 0.857652 0.705850 0.109339 0.035700
1 0.917575 0.678300 0.060571 0.019000
4 0.885863 0.754000 0.132296 0.010400
3 0.867639 0.738000 0.169520 0.014800
5 0.938911 0.710750 0.046693 0.029700
0 0.512322 0.655450 0.293645 0.214900
3 0.520298 0.715400 0.248898 0.031600
4 0.526978 0.746400 0.235798 0.026800
2 0.549287 0.674450 0.111284 0.036300
5 0.630350 0.680300 0.047471 0.031600
1 0.609209 0.647800 0.062257 0.019600
0 0.210700 0.653650 0.256420 0.219300
2 0.232620 0.673450 0.109857 0.035700
1 0.292218 0.646450 0.061479 0.019700
5 0.312581 0.678450 0.047471 0.030700
3 0.223152 0.714000 0.209987 0.029000
4 0.244617 0.745700 0.166278 0.028400
0 0.824643 0.435550 0.284825 0.214900
2 0.860441 0.485400 0.111543 0.035800
1 0.919974 0.458650 0.062257 0.019300
5 0.940208 0.490300 0.047730 0.031000
3 0.855901 0.517750 0.197925 0.014700
4 0.873476 0.534000 0.164073 0.013200
0 0.774773 0.214750 0.355772 0.212100
1 0.903632 0.236850 0.060441 0.018100
5 0.924060 0.269750 0.048119 0.031100
3 0.785863 0.297000 0.305058 0.015200
4 0.796368 0.311800 0.285863 0.010600
2 0.843126 0.264450 0.111414 0.035700
0 0.181971 0.440000 0.321920 0.199600
1 0.295655 0.458150 0.059792 0.018900
5 0.316342 0.490550 0.046693 0.032500
3 0.177367 0.517550 0.309079 0.013900
4 0.201362 0.533100 0.260830 0.011000
2 0.236057 0.484600 0.110765 0.037200
0 0.513230 0.433000 0.293385 0.216000
2 0.552724 0.484200 0.110895 0.037200
1 0.612840 0.456750 0.060182 0.018300
5 0.632750 0.490600 0.048379 0.032200
3 0.571660 0.517900 0.149805 0.014800
4 0.580285 0.532750 0.135927 0.011100
0 0.196174 0.880400 0.291958 0.201600
5 0.315305 0.930550 0.048508 0.031300
1 0.295201 0.897700 0.061479 0.019200
3 0.214591 0.958300 0.227886 0.015800
4 0.238067 0.973500 0.185603 0.010800
2 0.236057 0.925100 0.111803 0.036600
0 0.821855 0.871550 0.275097 0.178700
4 0.840467 0.949150 0.215305 0.011300
3 0.819131 0.933500 0.255901 0.016400
5 0.933982 0.906000 0.047471 0.031600
1 0.912970 0.873050 0.060441 0.018100
2 0.852853 0.900150 0.110376 0.036300
0 0.509014 0.874900 0.307782 0.214800
4 0.510700 0.973900 0.279248 0.012000
5 0.635344 0.930400 0.048119 0.031800
3 0.504086 0.959000 0.289883 0.015200
2 0.554734 0.924900 0.108690 0.036800
1 0.614591 0.897850 0.061089 0.018900
