0 0.830505 0.854850 0.194171 0.255300
2 0.817228 0.895700 0.110104 0.036400
4 0.829922 0.967250 0.186788 0.027100
3 0.831347 0.936900 0.185751 0.031000
5 0.898187 0.900700 0.047150 0.030000
1 0.878303 0.868200 0.060751 0.019200
0 0.587694 0.429450 0.236010 0.191500
4 0.597085 0.516950 0.211010 0.012300
1 0.655181 0.440950 0.062176 0.019900
3 0.594171 0.501050 0.214249 0.014500
5 0.677073 0.472950 0.048705 0.030300
2 0.595207 0.468050 0.110622 0.035700
0 0.365026 0.428350 0.202073 0.191500
1 0.417876 0.441000 0.060104 0.019000
5 0.438342 0.473400 0.049482 0.029400
4 0.366516 0.516200 0.197021 0.011400
3 0.368459 0.501150 0.188472 0.016100
2 0.358355 0.468200 0.111788 0.036000
0 0.144689 0.427500 0.233161 0.189800
1 0.215415 0.440850 0.062176 0.019300
4 0.153433 0.514800 0.195466 0.010400
3 0.141516 0.500650 0.216710 0.013300
5 0.234391 0.473550 0.047798 0.030900
2 0.154858 0.467650 0.110233 0.036300
0 0.801295 0.204900 0.208549 0.209400
1 0.857902 0.227200 0.062176 0.019600
3 0.801036 0.286200 0.203627 0.015800
5 0.877915 0.259250 0.049093 0.031900
4 0.836528 0.301350 0.132902 0.012300
2 0.796373 0.254000 0.109326 0.036600
0 0.579793 0.212700 0.216321 0.195800
1 0.633420 0.227200 0.062176 0.018800
4 0.587176 0.302950 0.184974 0.011100
5 0.654663 0.260250 0.046632 0.032100
3 0.579598 0.287500 0.198316 0.016800
2 0.574158 0.254550 0.112306 0.037100
0 0.364184 0.209500 0.194171 0.201600
4 0.388342 0.302050 0.139378 0.012500
3 0.368394 0.286700 0.176943 0.015400
5 0.432189 0.259050 0.048575 0.030700
1 0.411917 0.226500 0.061658 0.018600
2 0.351813 0.254200 0.109845 0.037000
0 0.139378 0.207950 0.208031 0.208300
4 0.140415 0.303100 0.182902 0.011800
5 0.217293 0.259000 0.049093 0.031000
1 0.196567 0.226800 0.061528 0.019600
3 0.134845 0.287000 0.190155 0.016000
2 0.135816 0.254900 0.108420 0.037600
0 0.628303 0.889800 0.241839 0.186400
2 0.593459 0.895550 0.110492 0.037100
1 0.654469 0.868200 0.061269 0.018600
5 0.674935 0.900550 0.047539 0.030300
3 0.621244 0.935200 0.158031 0.029400
4 0.616775 0.967150 0.167487 0.026700
0 0.710881 0.630950 0.350000 0.146900
1 0.835816 0.618900 0.061269 0.017800
5 0.856736 0.651950 0.049741 0.030500
4 0.794301 0.694500 0.174093 0.012400
3 0.766192 0.679200 0.231347 0.015000
2 0.775130 0.645800 0.108808 0.036600
0 0.811788 0.424700 0.181347 0.201800
1 0.853692 0.440950 0.061269 0.019900
5 0.873251 0.472650 0.046244 0.030300
3 0.815479 0.501100 0.166451 0.015200
4 0.830959 0.516500 0.135751 0.012000
2 0.793264 0.467750 0.110363 0.035700
