0 0.212874 0.660800 0.253576 0.206200
4 0.232120 0.755200 0.190117 0.011800
3 0.210273 0.731450 0.237191 0.029700
5 0.311378 0.693600 0.052926 0.035000
1 0.289077 0.657500 0.068140 0.020800
2 0.221391 0.687650 0.122627 0.040700
0 0.801951 0.656500 0.306372 0.213800
1 0.903056 0.673600 0.068791 0.021600
5 0.925878 0.710600 0.054096 0.035000
3 0.795254 0.740350 0.285176 0.015500
4 0.827243 0.755500 0.233160 0.012000
2 0.835371 0.704500 0.122237 0.040800
0 0.510923 0.872600 0.353966 0.196400
1 0.635176 0.879400 0.066710 0.020800
5 0.657932 0.916400 0.054746 0.035200
4 0.579324 0.961450 0.190117 0.011300
3 0.565085 0.946000 0.216515 0.015000
2 0.569116 0.910100 0.125488 0.041000
0 0.533225 0.656550 0.245384 0.210500
3 0.540052 0.739200 0.203121 0.017400
5 0.631469 0.711950 0.046554 0.031300
1 0.610598 0.679100 0.061508 0.019200
4 0.562029 0.755050 0.167230 0.011300
2 0.550000 0.705950 0.110663 0.034500
0 0.817295 0.224600 0.275943 0.192000
4 0.856762 0.312000 0.172042 0.010800
1 0.908322 0.236400 0.060858 0.018800
3 0.851951 0.295650 0.176723 0.014500
5 0.928999 0.268900 0.047594 0.031000
2 0.848765 0.263700 0.110793 0.037400
0 0.515280 0.224200 0.285436 0.200000
5 0.631339 0.256600 0.048635 0.031600
3 0.536086 0.291700 0.220676 0.031800
4 0.527568 0.314800 0.236411 0.011000
1 0.610598 0.223950 0.058908 0.018900
2 0.550130 0.250700 0.109883 0.036000
0 0.192263 0.213050 0.300260 0.219500
3 0.199610 0.297250 0.261899 0.016100
1 0.294863 0.238000 0.062289 0.019200
5 0.315930 0.270850 0.047464 0.031300
4 0.221196 0.314150 0.218726 0.014500
2 0.234785 0.265100 0.110923 0.036600
0 0.204811 0.439600 0.278283 0.206200
3 0.209948 0.518100 0.240962 0.015800
4 0.226333 0.533200 0.207672 0.012600
1 0.290832 0.451250 0.069311 0.021100
5 0.313849 0.487900 0.053706 0.034400
2 0.225098 0.482050 0.120936 0.041700
0 0.819701 0.437000 0.272432 0.211400
4 0.840117 0.535600 0.206372 0.010600
3 0.831925 0.519450 0.221977 0.014700
1 0.908453 0.459750 0.060858 0.018900
5 0.929129 0.492500 0.047854 0.030800
2 0.848309 0.486950 0.109883 0.037100
0 0.524707 0.446000 0.280884 0.189800
1 0.614954 0.464750 0.057477 0.017900
5 0.634395 0.495400 0.045904 0.029200
3 0.566125 0.521300 0.192588 0.013200
4 0.575618 0.534150 0.171782 0.009500
2 0.557087 0.490850 0.104551 0.035500
