0 0.192542 0.898200 0.311933 0.168000
4 0.186770 0.973100 0.290791 0.010600
3 0.187224 0.958200 0.290661 0.014800
5 0.316861 0.929600 0.047471 0.030000
1 0.296628 0.897900 0.060960 0.019600
2 0.236706 0.924700 0.109728 0.036000
0 0.824254 0.665300 0.297795 0.194200
3 0.819909 0.737200 0.282101 0.015200
4 0.829572 0.752900 0.261997 0.011400
5 0.945979 0.710100 0.049157 0.031000
1 0.924968 0.677350 0.061349 0.019700
2 0.865435 0.704350 0.110117 0.036300
0 0.540272 0.656300 0.244747 0.207800
5 0.635279 0.709000 0.047211 0.031400
2 0.554994 0.703850 0.110506 0.037100
3 0.572374 0.736800 0.152270 0.014400
4 0.580804 0.752500 0.139559 0.011800
1 0.615240 0.676900 0.061089 0.019200
0 0.834241 0.215850 0.278080 0.207300
4 0.861868 0.312350 0.196109 0.011300
3 0.876719 0.296300 0.165110 0.016600
5 0.945914 0.268750 0.047730 0.030500
1 0.924773 0.236750 0.061738 0.018900
2 0.865370 0.264050 0.110246 0.036300
0 0.509857 0.213800 0.296239 0.211400
4 0.509274 0.310400 0.277173 0.011400
1 0.611738 0.219050 0.061349 0.018900
5 0.631582 0.252000 0.047082 0.031600
2 0.551816 0.246300 0.110895 0.036600
3 0.510636 0.285750 0.271077 0.029700
0 0.192931 0.215150 0.297147 0.207300
4 0.259079 0.303000 0.142023 0.026800
3 0.247990 0.271100 0.164981 0.031200
2 0.234436 0.230450 0.110117 0.036300
1 0.294488 0.203400 0.060571 0.018600
5 0.314981 0.235600 0.048379 0.031600
0 0.821141 0.879850 0.279377 0.204500
4 0.827951 0.971350 0.169261 0.012100
3 0.814851 0.956100 0.194163 0.015800
5 0.898054 0.928300 0.048768 0.030200
1 0.876654 0.895650 0.061479 0.019100
2 0.817315 0.923050 0.111154 0.037100
0 0.507588 0.434150 0.298444 0.210500
2 0.548508 0.484000 0.108949 0.036600
5 0.629572 0.489500 0.047730 0.030800
3 0.522438 0.516500 0.243580 0.015800
4 0.544488 0.532650 0.199222 0.010500
1 0.609274 0.457000 0.061089 0.018400
0 0.215240 0.436000 0.253826 0.209400
2 0.234047 0.484000 0.110636 0.035200
4 0.243191 0.532900 0.173281 0.011600
3 0.236381 0.516750 0.183528 0.015500
5 0.315175 0.489850 0.048508 0.030500
1 0.294488 0.457300 0.062127 0.018800
0 0.195720 0.658500 0.292866 0.206800
2 0.235019 0.689900 0.111284 0.036400
1 0.295136 0.663000 0.061608 0.019000
3 0.193839 0.730450 0.274578 0.031100
5 0.315953 0.695350 0.047211 0.030700
4 0.200519 0.754150 0.264332 0.012100
0 0.529637 0.881050 0.260311 0.199100
1 0.613359 0.896000 0.060700 0.019200
5 0.633074 0.928200 0.049546 0.031600
4 0.526848 0.972450 0.242802 0.012300
3 0.557912 0.956900 0.180156 0.016400
2 0.552789 0.923400 0.109209 0.036600
0 0.820558 0.434350 0.284436 0.210100
2 0.855123 0.483700 0.109209 0.036600
3 0.888132 0.516300 0.123606 0.014200
4 0.880415 0.531250 0.140078 0.011700
5 0.935668 0.488600 0.047471 0.029400
1 0.915694 0.456550 0.061479 0.018300
