0 0.186180 0.206194 0.311082 0.218182
3 0.253651 0.292308 0.149283 0.014785
2 0.233963 0.259341 0.107823 0.036563
1 0.293546 0.231968 0.061408 0.017982
5 0.313885 0.264635 0.049413 0.029970
4 0.254889 0.307592 0.147849 0.011389
0 0.508801 0.206194 0.300782 0.216783
1 0.611278 0.232517 0.061147 0.017882
5 0.631551 0.264735 0.047197 0.031568
3 0.571252 0.291608 0.149283 0.018182
4 0.574967 0.307443 0.137940 0.010490
2 0.550978 0.259141 0.107432 0.037562
0 0.820730 0.205944 0.301956 0.217283
4 0.889374 0.307243 0.137288 0.010290
1 0.923142 0.232268 0.060365 0.018981
5 0.943351 0.264635 0.048370 0.030769
3 0.883312 0.291858 0.144459 0.015485
2 0.862386 0.259291 0.109909 0.036064
0 0.510235 0.426673 0.298957 0.215385
1 0.616754 0.452298 0.061147 0.019481
2 0.579205 0.479670 0.155541 0.036863
3 0.592112 0.513087 0.120860 0.013187
4 0.537288 0.527023 0.227901 0.012088
0 0.819296 0.427872 0.300391 0.212188
1 0.923142 0.452647 0.062190 0.018981
5 0.943220 0.484266 0.048110 0.029670
3 0.895828 0.511289 0.124902 0.018382
4 0.908996 0.528122 0.097523 0.009491
2 0.862973 0.479570 0.109257 0.036064
0 0.186506 0.764036 0.317731 0.446354
1 0.295502 0.887063 0.073664 0.022677
2 0.249087 0.919780 0.186310 0.043157
3 0.258866 0.959341 0.153716 0.016783
4 0.210365 0.977073 0.255671 0.014086
0 0.510365 0.650100 0.301825 0.214885
3 0.602999 0.733966 0.086571 0.014186
1 0.611017 0.675874 0.060626 0.019281
5 0.630900 0.708242 0.046936 0.029071
4 0.593481 0.750999 0.103781 0.008492
2 0.550913 0.702797 0.109387 0.036563
0 0.820795 0.649151 0.298175 0.217982
1 0.923077 0.677123 0.061799 0.018981
5 0.944068 0.708292 0.048501 0.029171
3 0.916362 0.736114 0.084094 0.012088
4 0.886897 0.751449 0.140156 0.009590
2 0.864863 0.703746 0.106519 0.035265
0 0.627836 0.874825 0.540939 0.222577
1 0.854759 0.902797 0.061799 0.020180
2 0.813364 0.930270 0.159452 0.035964
3 0.798305 0.962338 0.179661 0.013586
4 0.774185 0.978022 0.230248 0.009790
0 0.186701 0.428372 0.308475 0.214985
3 0.285137 0.510589 0.098305 0.017383
4 0.262190 0.527572 0.146284 0.010989
2 0.261734 0.480070 0.153194 0.037463
1 0.298827 0.452398 0.060235 0.019281
