0 0.831258 0.216700 0.273411 0.216000
1 0.921336 0.242050 0.061089 0.018700
3 0.849157 0.300400 0.214527 0.015200
4 0.872503 0.317150 0.168612 0.012300
5 0.941699 0.273900 0.048379 0.031200
2 0.860830 0.268800 0.110765 0.035800
0 0.191245 0.670150 0.297406 0.200300
2 0.234176 0.708500 0.113748 0.036600
1 0.292737 0.681650 0.061479 0.018300
4 0.196239 0.758150 0.266148 0.012900
3 0.197536 0.740700 0.259144 0.015200
5 0.313165 0.714000 0.048379 0.031200
0 0.823541 0.435300 0.293774 0.223800
1 0.922633 0.445850 0.060571 0.018300
3 0.846368 0.514150 0.223995 0.030300
4 0.838392 0.536450 0.240208 0.012900
5 0.942737 0.478700 0.049416 0.031600
2 0.861933 0.473200 0.109857 0.037200
0 0.508820 0.444450 0.301167 0.204500
2 0.551102 0.488500 0.110506 0.036000
1 0.611089 0.461700 0.062646 0.019600
5 0.631453 0.494550 0.048379 0.030900
3 0.508366 0.520800 0.276394 0.015800
4 0.536511 0.536400 0.221141 0.013200
0 0.188003 0.437550 0.302853 0.220900
1 0.291699 0.460750 0.062257 0.019900
2 0.231388 0.487850 0.110246 0.036300
4 0.268936 0.535400 0.119196 0.012600
3 0.252399 0.520350 0.146563 0.016700
5 0.311933 0.492450 0.048768 0.030900
0 0.223346 0.882400 0.234241 0.199000
4 0.242542 0.975000 0.174060 0.010000
3 0.242088 0.960000 0.172633 0.014200
5 0.313748 0.932350 0.047730 0.030500
1 0.293256 0.900250 0.061479 0.019500
2 0.233398 0.927400 0.109598 0.035200
0 0.821012 0.659200 0.295460 0.210800
4 0.881971 0.757800 0.152270 0.011000
3 0.868936 0.742050 0.178080 0.016700
5 0.943385 0.714650 0.048119 0.030500
1 0.923671 0.682900 0.061089 0.019200
2 0.863489 0.710000 0.109339 0.036600
0 0.522568 0.668350 0.274189 0.195100
2 0.552918 0.708600 0.109728 0.036000
3 0.523671 0.740800 0.246822 0.016400
4 0.521206 0.758050 0.255901 0.012300
5 0.632815 0.714900 0.048249 0.032800
1 0.612776 0.682050 0.060571 0.018900
0 0.506680 0.878000 0.311933 0.213800
4 0.526005 0.977850 0.245266 0.011100
3 0.501038 0.962750 0.293126 0.017100
5 0.633398 0.934800 0.047860 0.030600
1 0.612257 0.902250 0.061868 0.019300
2 0.553372 0.929750 0.111154 0.036300
0 0.809598 0.888300 0.238132 0.193600
3 0.809792 0.961650 0.212062 0.015300
2 0.821336 0.928900 0.110376 0.036000
4 0.821012 0.977000 0.189105 0.011400
5 0.901427 0.934050 0.046693 0.030500
1 0.881388 0.901450 0.060830 0.019300
0 0.531518 0.218600 0.256809 0.216000
1 0.613554 0.241850 0.060311 0.019300
5 0.634306 0.274100 0.047601 0.031400
3 0.539948 0.301200 0.218677 0.014200
4 0.555512 0.317300 0.187289 0.010800
2 0.553891 0.268950 0.110117 0.035700
0 0.216667 0.227550 0.249676 0.192500
1 0.294747 0.240300 0.061089 0.018400
5 0.314591 0.272450 0.048379 0.030500
3 0.240986 0.300050 0.174838 0.014700
4 0.237354 0.315550 0.183398 0.010700
2 0.233917 0.267400 0.110376 0.036400
