0 0.151098 0.656900 0.218475 0.218200
2 0.153165 0.710200 0.110207 0.036400
5 0.233979 0.714850 0.047545 0.030700
4 0.163566 0.758250 0.168217 0.011100
3 0.167377 0.741700 0.160078 0.016000
1 0.213501 0.682750 0.060853 0.019500
0 0.844832 0.430750 0.223256 0.205500
2 0.850258 0.444300 0.109819 0.036600
4 0.853101 0.517100 0.196124 0.029000
3 0.844251 0.484150 0.210465 0.033500
5 0.931525 0.449900 0.047287 0.031400
1 0.911822 0.417600 0.060853 0.018000
0 0.154910 0.428050 0.223773 0.204100
4 0.153488 0.515400 0.198966 0.025600
2 0.156525 0.443200 0.107881 0.036600
1 0.217248 0.416000 0.061628 0.019400
5 0.235982 0.448600 0.048966 0.031600
3 0.157817 0.482450 0.188760 0.033100
0 0.397545 0.430200 0.208010 0.207000
2 0.395026 0.444350 0.109173 0.036300
3 0.398127 0.484750 0.187209 0.032500
4 0.400194 0.517650 0.189276 0.028700
1 0.454780 0.417050 0.060724 0.018300
5 0.475840 0.449400 0.047287 0.030600
0 0.618734 0.430450 0.232558 0.204900
2 0.629005 0.475700 0.109690 0.036600
5 0.709819 0.481050 0.047545 0.030500
4 0.643023 0.525200 0.164341 0.013600
3 0.625388 0.507400 0.199871 0.016400
1 0.689341 0.448300 0.059819 0.020200
0 0.852778 0.875550 0.202196 0.208900
2 0.819057 0.890750 0.109690 0.035900
3 0.861176 0.931350 0.108140 0.027500
4 0.855491 0.963600 0.125194 0.026800
5 0.899419 0.895950 0.047674 0.031900
1 0.880233 0.863450 0.062791 0.019500
0 0.857558 0.658100 0.205556 0.215000
2 0.850517 0.693550 0.109302 0.037300
1 0.910530 0.665700 0.061111 0.018800
5 0.931525 0.698250 0.047028 0.031100
3 0.857687 0.734100 0.178165 0.029400
4 0.862468 0.758000 0.166796 0.011400
0 0.393023 0.221350 0.217829 0.203100
2 0.395478 0.267300 0.109561 0.036600
1 0.454780 0.239800 0.061499 0.018400
4 0.388372 0.316550 0.203876 0.010300
3 0.394832 0.299950 0.191731 0.012900
5 0.476550 0.272550 0.047933 0.031300
0 0.621189 0.215750 0.235917 0.212700
2 0.633463 0.266000 0.111370 0.036000
4 0.623320 0.314850 0.210724 0.011100
3 0.622481 0.299400 0.214470 0.015000
5 0.713889 0.271500 0.047933 0.030800
1 0.692636 0.238950 0.061240 0.018700
0 0.849031 0.222450 0.218475 0.207300
2 0.849612 0.267000 0.110853 0.036000
4 0.846641 0.316250 0.199483 0.011100
1 0.909367 0.239900 0.062403 0.019600
5 0.929974 0.272050 0.047287 0.030300
3 0.843088 0.298750 0.200646 0.015500
0 0.622416 0.875800 0.235530 0.208600
2 0.635336 0.923300 0.109948 0.036600
3 0.635207 0.955900 0.192119 0.014800
5 0.715245 0.928650 0.047287 0.030300
1 0.695284 0.896000 0.060336 0.018000
4 0.618863 0.972400 0.222222 0.013600
0 0.153036 0.213400 0.226227 0.222000
2 0.158527 0.235200 0.108527 0.036600
5 0.239212 0.240050 0.048966 0.031100
1 0.218152 0.207850 0.060853 0.019300
4 0.170672 0.308400 0.170284 0.027600
3 0.174289 0.276400 0.165116 0.030000
0 0.161111 0.875450 0.198708 0.210100
2 0.153618 0.923300 0.109819 0.036000
1 0.214147 0.896700 0.061111 0.019200
5 0.233915 0.928650 0.047674 0.030300
4 0.162274 0.972450 0.175711 0.012300
3 0.161693 0.956200 0.172481 0.015200
0 0.622933 0.658850 0.234238 0.215300
2 0.632106 0.709900 0.109432 0.035800
4 0.626615 0.758300 0.203876 0.011600
1 0.692636 0.682950 0.061240 0.018700
5 0.713695 0.715900 0.047545 0.031000
3 0.617377 0.741850 0.219251 0.015500
0 0.382364 0.658550 0.236822 0.214700
2 0.395090 0.710050 0.109044 0.036900
5 0.475840 0.715400 0.047287 0.030600
3 0.379651 0.742100 0.226744 0.015200
4 0.397222 0.758450 0.186434 0.011100
1 0.455556 0.682400 0.062016 0.019600
0 0.386886 0.875950 0.232429 0.209700
2 0.397674 0.923900 0.110594 0.036000
4 0.384044 0.972750 0.219767 0.011100
3 0.388501 0.955300 0.212403 0.015200
5 0.477519 0.928750 0.047287 0.030500
1 0.456331 0.896450 0.061499 0.018900
