0 0.180906 0.208500 0.294882 0.217600
4 0.270407 0.310500 0.092257 0.010600
3 0.274278 0.294900 0.083465 0.014400
5 0.302297 0.267450 0.048425 0.031100
1 0.281693 0.235300 0.059449 0.017200
2 0.222113 0.261900 0.109580 0.036200
0 0.494094 0.209300 0.304199 0.218200
2 0.564042 0.262250 0.154331 0.036300
1 0.601706 0.235550 0.061155 0.018100
3 0.581955 0.294600 0.108793 0.014200
4 0.552034 0.310200 0.169423 0.010800
0 0.811877 0.209600 0.305643 0.215400
4 0.878937 0.310100 0.157087 0.011600
3 0.902034 0.294350 0.107743 0.018700
2 0.883333 0.262400 0.154593 0.035800
1 0.922244 0.235450 0.060761 0.018100
0 0.179068 0.429400 0.299869 0.212200
4 0.246982 0.528450 0.140420 0.010700
1 0.282021 0.453350 0.060105 0.018100
3 0.278740 0.512050 0.077428 0.014900
5 0.302231 0.485800 0.047769 0.030200
2 0.221982 0.480200 0.107218 0.035200
0 0.810039 0.430500 0.304856 0.214400
4 0.836024 0.530250 0.230577 0.012100
3 0.869029 0.514150 0.163255 0.014700
5 0.936549 0.486600 0.049738 0.030000
1 0.916339 0.454400 0.060236 0.019000
2 0.855840 0.481400 0.108530 0.036000
0 0.491207 0.430500 0.304199 0.212200
4 0.536614 0.529450 0.189239 0.010100
3 0.552822 0.514150 0.153937 0.015100
5 0.616995 0.486550 0.048688 0.030500
1 0.596457 0.454550 0.061155 0.018900
2 0.536155 0.481500 0.111680 0.036000
0 0.180971 0.873750 0.297113 0.222700
4 0.242388 0.976850 0.150131 0.010500
3 0.273491 0.961650 0.084252 0.015300
1 0.281890 0.901450 0.060367 0.018100
5 0.302362 0.934100 0.047244 0.030200
2 0.224606 0.928750 0.114042 0.036300
0 0.492913 0.648250 0.299475 0.217300
3 0.516535 0.734650 0.227822 0.014500
1 0.596850 0.674750 0.061155 0.018900
5 0.617126 0.706800 0.048688 0.029200
4 0.515748 0.750800 0.230184 0.010800
2 0.536680 0.701900 0.110630 0.035800
0 0.179396 0.648050 0.297638 0.215900
3 0.278346 0.734800 0.089764 0.013400
4 0.208990 0.749900 0.229528 0.010000
2 0.249541 0.702100 0.154724 0.036200
1 0.287205 0.675000 0.061024 0.018600
0 0.636286 0.874350 0.576247 0.220700
1 0.872507 0.885300 0.073360 0.022400
2 0.827362 0.918250 0.185171 0.043500
3 0.833793 0.957600 0.160761 0.017400
4 0.831102 0.975250 0.166929 0.012300
5 0.852428 0.788900 0.080709 0.035400
0 0.811155 0.647800 0.309974 0.218200
1 0.921982 0.675100 0.060761 0.018800
2 0.884383 0.701950 0.153018 0.035500
3 0.893176 0.734700 0.125984 0.015400
4 0.879528 0.750300 0.158268 0.011200
