0 0.874869 0.429200 0.176893 0.188200
1 0.923695 0.451600 0.050783 0.015400
5 0.941253 0.479600 0.040731 0.025800
3 0.885836 0.502250 0.147650 0.012100
4 0.874869 0.516950 0.170366 0.010300
2 0.872454 0.474450 0.091645 0.030900
0 0.363969 0.422050 0.164491 0.207300
5 0.423499 0.479250 0.041253 0.025300
1 0.405418 0.452150 0.052611 0.016300
4 0.366580 0.517600 0.147258 0.011600
2 0.354047 0.474450 0.093995 0.030500
3 0.376371 0.502900 0.129765 0.015200
0 0.575470 0.218250 0.216449 0.184900
1 0.640209 0.236600 0.052219 0.016000
4 0.576632 0.303350 0.199478 0.011300
2 0.589164 0.259650 0.095039 0.030500
5 0.657572 0.263850 0.041514 0.024700
3 0.589883 0.288200 0.171410 0.014000
0 0.731266 0.650850 0.241906 0.189300
1 0.811619 0.672150 0.050392 0.016700
5 0.829308 0.698800 0.040339 0.025600
3 0.752350 0.722350 0.193211 0.014100
4 0.770366 0.738350 0.156658 0.008900
2 0.760966 0.694600 0.092689 0.029600
0 0.696540 0.864900 0.207180 0.206200
5 0.776044 0.925000 0.039817 0.025200
1 0.758943 0.898650 0.049217 0.014700
4 0.696736 0.959100 0.197389 0.012000
3 0.709922 0.943950 0.168930 0.012300
2 0.711423 0.920750 0.086292 0.029100
0 0.355966 0.220280 0.208016 0.184900
2 0.365992 0.260000 0.095170 0.030200
4 0.355157 0.302750 0.194909 0.010500
3 0.363708 0.287900 0.175979 0.011800
5 0.434465 0.264350 0.041514 0.026100
1 0.416710 0.236900 0.051175 0.016000
0 0.618211 0.423900 0.325457 0.205600
1 0.740339 0.451500 0.050914 0.015600
5 0.758094 0.478800 0.040992 0.025600
3 0.689099 0.502450 0.174282 0.012300
4 0.687467 0.517600 0.178590 0.011000
2 0.689230 0.474750 0.093342 0.031100
0 0.485437 0.864450 0.215522 0.206200
1 0.537924 0.899000 0.048433 0.015200
5 0.554308 0.925000 0.038381 0.025200
3 0.488446 0.943750 0.171149 0.013700
2 0.489752 0.921950 0.086554 0.032500
4 0.478916 0.959300 0.191775 0.010600
0 0.488316 0.649990 0.239817 0.189300
4 0.462141 0.738050 0.115927 0.008900
1 0.485052 0.672000 0.051828 0.016400
5 0.501371 0.699000 0.040601 0.025200
3 0.445496 0.722200 0.146867 0.013200
2 0.433486 0.694950 0.093081 0.030700
