0 0.189776 0.221850 0.309367 0.195300
2 0.236478 0.264750 0.108839 0.035700
1 0.296702 0.237900 0.060158 0.018200
5 0.317678 0.269800 0.047493 0.029600
3 0.255673 0.296500 0.174934 0.015000
4 0.267348 0.312200 0.150264 0.011000
0 0.521834 0.213100 0.285620 0.213800
2 0.554156 0.264900 0.107520 0.033800
1 0.614776 0.238350 0.060158 0.019500
5 0.633905 0.269800 0.048549 0.030000
3 0.521372 0.297000 0.279420 0.016000
4 0.551385 0.312050 0.218602 0.011300
0 0.851319 0.208550 0.257256 0.220500
2 0.871306 0.264300 0.109894 0.035800
5 0.952243 0.269650 0.048549 0.029700
4 0.899604 0.311650 0.157256 0.010500
3 0.894723 0.295850 0.165172 0.016300
1 0.931332 0.237750 0.059763 0.018100
0 0.202441 0.436450 0.284301 0.208900
2 0.235818 0.484250 0.108839 0.035700
4 0.245053 0.532650 0.194855 0.012100
3 0.264644 0.516900 0.153298 0.015800
5 0.316425 0.489850 0.047361 0.030500
1 0.296042 0.457650 0.060422 0.018100
0 0.825396 0.654300 0.305145 0.214400
1 0.930805 0.677950 0.059499 0.017300
2 0.871174 0.704850 0.108839 0.035500
4 0.878034 0.752100 0.180871 0.011000
3 0.872230 0.737150 0.187995 0.016700
5 0.951187 0.709650 0.045910 0.029900
0 0.833707 0.906150 0.293536 0.155500
2 0.873219 0.924600 0.110554 0.035800
4 0.879090 0.972350 0.178760 0.010500
3 0.880739 0.956850 0.174934 0.014500
5 0.953166 0.930050 0.048285 0.031300
1 0.932850 0.898350 0.060422 0.017900
0 0.514776 0.872250 0.288391 0.216700
2 0.552902 0.924850 0.107652 0.035700
4 0.556266 0.972150 0.182718 0.011700
3 0.556332 0.956250 0.178628 0.013300
5 0.633443 0.929750 0.047098 0.030300
1 0.611741 0.897900 0.060686 0.018800
0 0.839380 0.441250 0.282454 0.197700
2 0.872032 0.485450 0.110554 0.036300
4 0.875594 0.532000 0.205805 0.010800
3 0.873417 0.517400 0.208575 0.016000
5 0.952968 0.490100 0.048945 0.031000
1 0.932388 0.458450 0.060818 0.018100
0 0.190106 0.654150 0.308707 0.211100
2 0.236807 0.705050 0.109235 0.035700
3 0.267216 0.736600 0.151583 0.013800
1 0.297427 0.678050 0.059499 0.018300
5 0.318272 0.710400 0.047361 0.031400
4 0.282388 0.752900 0.122032 0.011200
0 0.507124 0.660900 0.313720 0.199600
2 0.555607 0.704850 0.110422 0.035500
4 0.574538 0.753050 0.172032 0.012700
3 0.565831 0.737000 0.189446 0.014200
5 0.635686 0.709950 0.046834 0.030900
1 0.615501 0.678600 0.058971 0.018400
0 0.521108 0.432950 0.284169 0.214900
2 0.554749 0.484800 0.108971 0.036000
4 0.572955 0.532100 0.174670 0.011400
3 0.587269 0.515900 0.145251 0.014400
5 0.635158 0.489950 0.047098 0.030900
1 0.614512 0.458200 0.060686 0.017800
