0 0.817102 0.878700 0.297911 0.204000
2 0.859922 0.924300 0.110183 0.036000
5 0.940274 0.930000 0.046345 0.030000
4 0.838708 0.973250 0.232507 0.011100
1 0.919778 0.897100 0.060444 0.018400
3 0.813969 0.955950 0.279112 0.013900
0 0.515274 0.882350 0.273368 0.195300
2 0.545953 0.924050 0.109138 0.036500
4 0.522585 0.972800 0.237337 0.010400
5 0.626828 0.929050 0.047650 0.030100
3 0.513446 0.956900 0.253786 0.016800
1 0.605679 0.897250 0.061227 0.017900
0 0.290405 0.210800 0.398042 0.203800
2 0.382702 0.256850 0.108747 0.035900
5 0.463577 0.262750 0.047520 0.029500
1 0.444256 0.229750 0.061097 0.019100
4 0.322324 0.305400 0.313316 0.011400
3 0.289948 0.288850 0.377285 0.017100
0 0.219517 0.874050 0.277154 0.212700
2 0.249282 0.924550 0.108747 0.037300
3 0.238773 0.957450 0.213577 0.015900
5 0.329896 0.929100 0.048042 0.030000
1 0.309465 0.897500 0.061749 0.018600
4 0.217298 0.973300 0.262272 0.011800
0 0.812794 0.421600 0.307572 0.193200
2 0.856397 0.461100 0.109661 0.035200
5 0.938903 0.467150 0.046997 0.030700
4 0.833486 0.508800 0.240862 0.011400
1 0.916841 0.434250 0.060313 0.019300
3 0.808551 0.493000 0.286815 0.014800
0 0.820366 0.233700 0.292167 0.158400
2 0.858551 0.256300 0.107963 0.035000
4 0.822193 0.304750 0.270496 0.009500
3 0.820235 0.288850 0.265535 0.015500
5 0.939687 0.261450 0.048564 0.029700
1 0.918277 0.229550 0.059269 0.018900
