0 0.813216 0.870050 0.285286 0.223100
2 0.800391 0.925500 0.108073 0.036000
3 0.799740 0.957900 0.192448 0.013400
1 0.860807 0.898350 0.060937 0.019500
4 0.824479 0.973650 0.142187 0.010300
5 0.881120 0.930200 0.047656 0.031600
0 0.346029 0.871850 0.623828 0.219900
2 0.526823 0.914100 0.129948 0.042800
1 0.598893 0.882300 0.073047 0.021600
5 0.624284 0.920350 0.058724 0.037100
3 0.553320 0.954100 0.175130 0.017400
4 0.582552 0.972150 0.120313 0.012500
0 0.747786 0.646700 0.432292 0.216000
2 0.748763 0.674350 0.070703 0.029700
2 0.746810 0.705900 0.070964 0.028400
3 0.815755 0.729600 0.134375 0.015800
5 0.902604 0.705750 0.099479 0.028100
5 0.902995 0.673800 0.099479 0.030600
1 0.812435 0.678900 0.020182 0.013600
1 0.814518 0.711250 0.042318 0.013900
4 0.815039 0.746850 0.136328 0.011300
0 0.289844 0.646100 0.400521 0.216000
3 0.364258 0.731000 0.236328 0.014200
4 0.380599 0.747450 0.203646 0.010100
2 0.410352 0.699400 0.153776 0.037400
1 0.448958 0.671750 0.059635 0.017900
0 0.820833 0.313300 0.303385 0.439200
2 0.891992 0.475900 0.152474 0.036600
1 0.929818 0.448550 0.060937 0.018700
4 0.898503 0.524450 0.133203 0.011100
3 0.879492 0.509250 0.169922 0.017100
0 0.187956 0.311950 0.314193 0.436100
2 0.235547 0.475450 0.109375 0.036700
4 0.236523 0.523900 0.187891 0.009800
3 0.194076 0.508050 0.275130 0.013300
5 0.316927 0.480650 0.047396 0.030300
1 0.296745 0.448200 0.060156 0.017800
0 0.506706 0.311600 0.311068 0.437200
2 0.415885 0.481250 0.054948 0.030300
2 0.416276 0.448050 0.055729 0.030900
4 0.505339 0.523300 0.098177 0.011000
3 0.505078 0.506750 0.088802 0.016300
5 0.579557 0.481050 0.150000 0.030700
5 0.579297 0.448050 0.149479 0.030700
1 0.468555 0.488100 0.023047 0.013200
1 0.466797 0.453700 0.023438 0.012600
