0 0.374837 0.210050 0.224577 0.226100
5 0.461378 0.274200 0.047854 0.031800
1 0.441287 0.241400 0.060728 0.018800
4 0.418596 0.317450 0.115735 0.010100
3 0.402861 0.301400 0.148244 0.015600
2 0.381079 0.269050 0.110403 0.037700
0 0.613069 0.210350 0.246164 0.224700
1 0.540572 0.237650 0.026008 0.009500
1 0.537191 0.264150 0.030429 0.008100
5 0.681599 0.243150 0.095839 0.025900
2 0.509753 0.274900 0.023667 0.014000
2 0.525748 0.249500 0.040052 0.013200
3 0.659883 0.302350 0.143693 0.014700
4 0.651691 0.316000 0.161118 0.010800
5 0.681274 0.273050 0.097009 0.030300
0 0.510533 0.434800 0.337581 0.222000
1 0.480234 0.460400 0.031990 0.008600
1 0.479064 0.485650 0.032770 0.007500
3 0.559363 0.522400 0.225098 0.016600
4 0.575423 0.538500 0.196619 0.009200
5 0.623277 0.465800 0.095449 0.025200
5 0.623082 0.495650 0.096619 0.028900
2 0.464889 0.498850 0.050195 0.016300
2 0.454226 0.472550 0.027828 0.012300
0 0.840637 0.437300 0.269831 0.216000
4 0.854421 0.537500 0.220936 0.010800
3 0.871131 0.521400 0.189857 0.015800
5 0.950130 0.494450 0.047204 0.030300
1 0.929454 0.462400 0.060728 0.018000
2 0.868661 0.489150 0.109233 0.035700
0 0.140507 0.209850 0.244343 0.226500
1 0.062484 0.264850 0.032900 0.009300
1 0.064434 0.204800 0.031079 0.007800
1 0.062679 0.230500 0.031990 0.008800
4 0.215280 0.314800 0.092198 0.009600
3 0.215800 0.300300 0.090897 0.014600
5 0.211443 0.209850 0.099610 0.026300
2 0.047334 0.276350 0.013004 0.011300
2 0.045124 0.243150 0.021326 0.013700
2 0.043498 0.215550 0.021977 0.011700
5 0.211704 0.271800 0.098049 0.027800
5 0.211573 0.240400 0.097529 0.031800
0 0.183485 0.453700 0.286606 0.184400
1 0.279519 0.462400 0.060728 0.018800
5 0.299935 0.495200 0.046684 0.031400
3 0.244733 0.522400 0.139922 0.015600
4 0.260208 0.538450 0.112094 0.011100
2 0.220481 0.489700 0.110143 0.036600
0 0.866450 0.232600 0.237451 0.185600
4 0.876268 0.317700 0.165540 0.011600
2 0.863914 0.269400 0.110143 0.035800
1 0.924317 0.242250 0.059818 0.018700
5 0.944343 0.274400 0.048635 0.030000
3 0.861899 0.300850 0.190897 0.017100
