0 0.184915 0.878750 0.305592 0.207300
5 0.313199 0.931400 0.046424 0.031800
3 0.227958 0.958750 0.199740 0.015300
4 0.243433 0.974100 0.170351 0.010800
1 0.292653 0.899450 0.061248 0.019700
2 0.232315 0.926250 0.110923 0.035300
0 0.196684 0.447850 0.276073 0.184500
1 0.286801 0.457750 0.059688 0.017900
2 0.226918 0.484350 0.108713 0.035500
4 0.250780 0.532650 0.143953 0.009900
3 0.249480 0.517200 0.143953 0.013400
5 0.307022 0.490000 0.048114 0.031400
0 0.812614 0.879300 0.278023 0.203400
4 0.847529 0.974350 0.131990 0.010700
3 0.841417 0.957600 0.141352 0.014000
5 0.899480 0.930900 0.047854 0.030200
1 0.878674 0.899050 0.059558 0.018100
2 0.818075 0.925900 0.108713 0.036000
0 0.200845 0.223300 0.283095 0.201800
3 0.252276 0.299500 0.151365 0.015800
4 0.254226 0.315650 0.151365 0.009900
5 0.315280 0.272300 0.046424 0.030200
2 0.234590 0.267050 0.109493 0.035500
1 0.294213 0.240150 0.060728 0.019300
0 0.524187 0.888950 0.266580 0.185900
2 0.550780 0.925800 0.108843 0.036000
5 0.631339 0.931000 0.047074 0.031800
1 0.611638 0.898700 0.058388 0.018200
4 0.577178 0.974500 0.139272 0.011600
3 0.572172 0.957850 0.147724 0.014100
0 0.829064 0.218300 0.270091 0.205400
1 0.918140 0.239650 0.060208 0.018700
4 0.833160 0.313850 0.240052 0.010700
2 0.857997 0.266600 0.109753 0.035200
5 0.937906 0.271500 0.047204 0.030800
3 0.838557 0.297800 0.230299 0.017000
0 0.525878 0.219650 0.273602 0.207300
4 0.562029 0.312900 0.172432 0.011400
3 0.552146 0.296900 0.190897 0.015200
1 0.613004 0.238550 0.059818 0.018900
5 0.633225 0.269800 0.048505 0.031600
2 0.552536 0.265150 0.107932 0.035700
0 0.525683 0.449850 0.265930 0.183300
5 0.631860 0.491850 0.047594 0.030900
3 0.572562 0.518800 0.147984 0.014200
2 0.552601 0.486500 0.110663 0.036200
4 0.577763 0.535450 0.137061 0.010300
1 0.611313 0.459800 0.058778 0.018400
0 0.825943 0.434450 0.274252 0.212300
3 0.858062 0.518750 0.186346 0.014500
1 0.916515 0.459100 0.059298 0.018000
5 0.937061 0.491600 0.046034 0.031600
4 0.872237 0.534050 0.159298 0.010500
2 0.856502 0.486200 0.108062 0.036200
0 0.209168 0.657350 0.248505 0.207900
4 0.228218 0.754100 0.189337 0.011000
3 0.220676 0.738900 0.204941 0.016000
5 0.308453 0.711800 0.047074 0.030200
1 0.288427 0.679300 0.060078 0.018600
2 0.227763 0.706400 0.109103 0.036000
0 0.527763 0.660350 0.263069 0.207700
2 0.551560 0.706000 0.108843 0.036400
3 0.573992 0.738550 0.142263 0.016500
5 0.631599 0.711350 0.047074 0.030500
1 0.611704 0.678700 0.059038 0.018200
4 0.572042 0.754300 0.149025 0.011800
0 0.825683 0.671600 0.281534 0.178400
1 0.921456 0.679650 0.060078 0.018500
2 0.860338 0.706150 0.108192 0.035500
4 0.880884 0.753750 0.150845 0.011300
3 0.872757 0.738100 0.161118 0.014200
5 0.941612 0.711250 0.047334 0.030700
