0 0.619897 0.654300 0.241860 0.218000
2 0.635401 0.704150 0.110078 0.034700
4 0.617442 0.753150 0.231266 0.011100
5 0.716279 0.709650 0.047287 0.030300
3 0.620543 0.738050 0.220672 0.016100
1 0.695413 0.676650 0.060336 0.018900
0 0.718411 0.208200 0.278165 0.213400
3 0.726486 0.290400 0.252972 0.014400
5 0.825969 0.263400 0.047287 0.031800
1 0.805297 0.231150 0.061499 0.019700
2 0.745543 0.258800 0.109173 0.036000
4 0.748514 0.307500 0.209948 0.011800
0 0.302842 0.447150 0.331266 0.183300
4 0.376744 0.531000 0.174160 0.012000
3 0.366602 0.514100 0.194961 0.013600
5 0.438372 0.487800 0.047287 0.031600
1 0.417571 0.454600 0.060465 0.019200
2 0.357623 0.481650 0.109302 0.035700
0 0.853747 0.665350 0.225840 0.195700
2 0.856977 0.703900 0.109302 0.036600
5 0.938178 0.708650 0.048966 0.030300
3 0.854264 0.736550 0.217313 0.015500
4 0.905491 0.753250 0.118217 0.013900
1 0.917313 0.676200 0.062016 0.019200
0 0.793669 0.429500 0.310336 0.225200
2 0.837209 0.482100 0.109302 0.035400
3 0.812597 0.513750 0.261370 0.016700
4 0.859755 0.531300 0.169638 0.012600
5 0.916990 0.487750 0.047674 0.030900
1 0.896641 0.454900 0.060724 0.019600
