0 0.184695 0.874550 0.320104 0.183300
4 0.196822 0.948450 0.275097 0.028700
1 0.299027 0.864300 0.060571 0.018400
2 0.238781 0.891350 0.109468 0.035700
5 0.319196 0.896800 0.046693 0.030200
3 0.180610 0.925100 0.308301 0.019200
0 0.501038 0.210700 0.316213 0.212200
1 0.611933 0.233000 0.058625 0.018400
2 0.551427 0.260350 0.107523 0.036300
5 0.632101 0.265700 0.049157 0.031800
3 0.495655 0.292650 0.302075 0.015500
4 0.505577 0.308950 0.283009 0.012500
0 0.517315 0.884250 0.289364 0.192500
1 0.614332 0.894850 0.060052 0.019500
3 0.514397 0.954900 0.269261 0.016200
5 0.634436 0.927000 0.047860 0.031200
4 0.517639 0.969650 0.264851 0.012100
2 0.553307 0.922550 0.108431 0.035500
0 0.836641 0.885100 0.244747 0.192000
1 0.911868 0.894500 0.061089 0.018800
5 0.932425 0.927250 0.047471 0.031100
3 0.861997 0.955200 0.169390 0.016000
4 0.867315 0.970700 0.159274 0.011800
2 0.851167 0.922200 0.108560 0.036400
0 0.823930 0.210600 0.287289 0.221800
1 0.920428 0.233200 0.059274 0.019200
3 0.840856 0.292950 0.228534 0.014700
5 0.940726 0.265450 0.046433 0.030900
2 0.859922 0.260300 0.108690 0.035400
4 0.854410 0.309400 0.202724 0.012000
0 0.191829 0.651400 0.294942 0.212200
5 0.312905 0.689400 0.048379 0.031400
1 0.292218 0.656750 0.059663 0.019100
3 0.191829 0.723650 0.270558 0.031900
4 0.188846 0.748650 0.277562 0.011700
2 0.230804 0.684100 0.107523 0.035800
0 0.509079 0.661150 0.301427 0.195100
1 0.611543 0.674300 0.059403 0.018400
4 0.522957 0.749600 0.247730 0.012600
3 0.503956 0.734800 0.285214 0.017400
5 0.632101 0.706850 0.045785 0.029700
2 0.551102 0.701350 0.108431 0.035500
0 0.197536 0.436900 0.286122 0.199600
3 0.206485 0.514250 0.247730 0.018700
5 0.314786 0.485900 0.047730 0.031800
1 0.294034 0.453750 0.060700 0.018900
4 0.232361 0.529150 0.194423 0.011100
2 0.233528 0.480800 0.108301 0.035200
0 0.820428 0.651050 0.300000 0.214900
3 0.818093 0.733100 0.283139 0.017600
4 0.829961 0.749300 0.258625 0.013200
5 0.943839 0.705700 0.047990 0.031600
1 0.923541 0.672900 0.060830 0.018600
2 0.863489 0.700100 0.107263 0.036200
0 0.505642 0.429500 0.306485 0.213400
3 0.558560 0.514150 0.180156 0.018100
5 0.633074 0.486300 0.047471 0.030800
1 0.612711 0.454200 0.059403 0.019200
2 0.552789 0.481150 0.107912 0.034700
4 0.569001 0.529650 0.154864 0.009700
0 0.821984 0.433350 0.290143 0.205500
3 0.817056 0.514100 0.276654 0.016600
5 0.940402 0.485600 0.047082 0.030200
1 0.920623 0.453150 0.059922 0.017900
2 0.860117 0.480650 0.108301 0.037100
4 0.840208 0.529400 0.232685 0.011000
0 0.195979 0.218550 0.287678 0.198500
3 0.249546 0.271500 0.161089 0.030800
4 0.229442 0.301750 0.202335 0.028700
5 0.315110 0.235000 0.047860 0.031200
1 0.294682 0.202750 0.061479 0.019900
2 0.233398 0.230150 0.109339 0.036300
