0 0.794857 0.429950 0.237891 0.194700
2 0.805078 0.469700 0.109896 0.036000
1 0.865430 0.442400 0.062109 0.018600
5 0.885482 0.474050 0.047266 0.030300
3 0.795703 0.501600 0.210417 0.015200
4 0.803516 0.518400 0.196094 0.012000
0 0.502018 0.424600 0.252214 0.203600
4 0.520703 0.517650 0.192708 0.012300
5 0.602409 0.474900 0.047266 0.031800
3 0.508919 0.502150 0.217057 0.015500
1 0.582682 0.442600 0.059635 0.018400
2 0.522786 0.469800 0.106771 0.036600
0 0.207422 0.425550 0.297396 0.201100
4 0.241862 0.518950 0.206380 0.011100
3 0.232943 0.501200 0.223958 0.015200
5 0.329036 0.474950 0.046094 0.030900
1 0.310091 0.442600 0.059245 0.019200
2 0.249089 0.470150 0.109115 0.035700
0 0.671680 0.214700 0.395964 0.211800
2 0.768490 0.265050 0.101823 0.032500
3 0.681771 0.295850 0.357552 0.013300
5 0.844596 0.270050 0.045182 0.028700
1 0.826042 0.239800 0.058333 0.018600
4 0.722917 0.312750 0.275781 0.011700
0 0.248633 0.210650 0.257422 0.216700
4 0.281445 0.311650 0.177474 0.010500
3 0.267057 0.295250 0.203385 0.014500
5 0.355273 0.268150 0.040755 0.032900
1 0.337240 0.233800 0.052604 0.019600
2 0.286263 0.261800 0.092578 0.037600
