0 0.739883 0.650650 0.459274 0.219900
3 0.830999 0.736700 0.244358 0.014800
5 0.939364 0.709400 0.048379 0.031200
1 0.919131 0.676400 0.060311 0.018600
2 0.857847 0.703850 0.107912 0.036500
4 0.891375 0.752250 0.129313 0.009500
0 0.179896 0.877550 0.302983 0.225900
2 0.250843 0.932150 0.153567 0.037300
4 0.212581 0.981150 0.224384 0.013300
1 0.288911 0.904800 0.060830 0.018800
3 0.221466 0.964450 0.206355 0.015500
0 0.681323 0.878800 0.486381 0.228400
1 0.871206 0.888800 0.073671 0.022400
2 0.825681 0.921650 0.184176 0.044500
3 0.817380 0.961700 0.190402 0.019200
4 0.806485 0.979200 0.218158 0.012600
0 0.733593 0.204450 0.462257 0.219500
4 0.880415 0.306250 0.157198 0.010700
3 0.863943 0.289950 0.187549 0.013900
2 0.885863 0.257650 0.154345 0.035700
1 0.923865 0.230450 0.060960 0.019300
0 0.727043 0.427500 0.452270 0.217600
4 0.810182 0.529550 0.137873 0.011300
2 0.735798 0.456850 0.061219 0.030500
1 0.808366 0.493650 0.009468 0.011100
1 0.808755 0.461750 0.030999 0.011500
2 0.733009 0.488550 0.062127 0.028900
5 0.897601 0.456850 0.098962 0.029500
5 0.898119 0.488450 0.100000 0.029700
3 0.811025 0.512450 0.135409 0.014700
0 0.248444 0.540050 0.437224 0.438500
5 0.403307 0.680850 0.114267 0.029700
5 0.404345 0.712800 0.114267 0.028400
3 0.323930 0.736650 0.133722 0.012900
4 0.323671 0.751500 0.131647 0.010000
1 0.309987 0.685600 0.018418 0.011600
1 0.309403 0.717350 0.021141 0.011300
2 0.259274 0.712450 0.036576 0.028500
2 0.258885 0.681000 0.039170 0.029400
0 0.307393 0.204600 0.324254 0.223200
2 0.387224 0.258550 0.154215 0.037100
4 0.420104 0.307450 0.078859 0.010500
3 0.403307 0.291700 0.112192 0.016600
1 0.425292 0.230750 0.060441 0.019500
