0 0.778971 0.653250 0.326693 0.207300
1 0.892448 0.674300 0.060156 0.018800
5 0.913281 0.706100 0.047656 0.030000
3 0.860482 0.733800 0.156641 0.013800
2 0.832682 0.701150 0.107812 0.035300
4 0.868945 0.749700 0.141016 0.011400
0 0.756706 0.881050 0.366016 0.222700
3 0.824349 0.942450 0.223177 0.029700
5 0.908203 0.907200 0.048958 0.031200
1 0.887109 0.875100 0.059896 0.019000
2 0.827279 0.902250 0.109245 0.035500
4 0.831185 0.974800 0.207161 0.027200
0 0.294922 0.880450 0.351562 0.216500
2 0.361263 0.933750 0.107682 0.035500
4 0.398763 0.981700 0.137891 0.011000
3 0.394141 0.964600 0.146354 0.016000
5 0.442122 0.938650 0.048828 0.030700
1 0.421419 0.906500 0.060547 0.020400
0 0.294206 0.440300 0.468099 0.210000
1 0.475977 0.461850 0.059245 0.018900
5 0.495898 0.493600 0.046484 0.029400
2 0.415169 0.488350 0.109245 0.034700
4 0.387695 0.537300 0.271224 0.012600
3 0.387174 0.521400 0.270443 0.017400
0 0.813672 0.207100 0.281250 0.206200
1 0.905794 0.227750 0.060286 0.018100
5 0.925781 0.259800 0.048698 0.031000
3 0.845638 0.286700 0.212109 0.016400
4 0.889323 0.302800 0.122917 0.012600
2 0.844141 0.255000 0.107552 0.035800
0 0.301107 0.205500 0.352734 0.211000
5 0.449740 0.261200 0.048177 0.031600
3 0.330469 0.286900 0.265885 0.016400
4 0.365104 0.303800 0.198958 0.011400
1 0.427799 0.228200 0.061068 0.018800
2 0.369531 0.255050 0.109635 0.035700
0 0.823633 0.440250 0.238672 0.206700
2 0.831641 0.488500 0.108854 0.035800
4 0.860547 0.536250 0.159896 0.012300
3 0.849089 0.520900 0.181250 0.015800
5 0.913216 0.493550 0.048047 0.031100
1 0.893099 0.461300 0.059896 0.018400
0 0.331576 0.656750 0.285286 0.202300
2 0.367839 0.700950 0.108333 0.035300
5 0.448437 0.705500 0.047917 0.029800
1 0.428125 0.674300 0.059896 0.018800
3 0.357227 0.734200 0.213151 0.013600
4 0.372852 0.749500 0.179297 0.011000
