0 0.484915 0.207850 0.435891 0.216300
2 0.593303 0.283900 0.107542 0.037000
1 0.653771 0.255750 0.060988 0.016900
5 0.674122 0.289050 0.050715 0.031100
0 0.352146 0.428750 0.609363 0.217300
2 0.542848 0.509100 0.109623 0.035800
5 0.623082 0.514400 0.048244 0.032600
1 0.602601 0.481700 0.057477 0.016600
0 0.417360 0.647150 0.752536 0.213900
5 0.766970 0.712300 0.040572 0.026800
1 0.749090 0.684450 0.050585 0.016100
2 0.696489 0.707350 0.093108 0.030500
0 0.304291 0.866650 0.294408 0.181700
2 0.343498 0.924200 0.107542 0.036800
1 0.403576 0.896750 0.061508 0.018700
5 0.424122 0.929150 0.045124 0.029700
