0 0.146454 0.911600 0.220550 0.139600
0 0.387337 0.489850 0.237482 0.098700
0 0.614023 0.333720 0.225615 0.152100
0 0.613676 0.182850 0.225615 0.152100
0 0.846237 0.178700 0.228509 0.152800
0 0.849638 0.329600 0.220839 0.148600
0 0.143271 0.471250 0.215919 0.137300
0 0.619030 0.478000 0.218090 0.142200
0 0.851375 0.478550 0.229233 0.141100
0 0.263965 0.617200 0.402605 0.142800
0 0.734298 0.625200 0.431259 0.142800
0 0.263748 0.251700 0.424457 0.273600
0 0.150000 0.772100 0.227931 0.140200
0 0.734009 0.843650 0.427207 0.265900
0 0.372576 0.908600 0.220405 0.139400
0 0.384370 0.764300 0.229522 0.141200
