0 0.379063 0.169600 0.215520 0.149000
0 0.634627 0.191850 0.215081 0.100300
0 0.863470 0.183950 0.234700 0.114900
0 0.860469 0.786500 0.186823 0.110400
0 0.862738 0.619650 0.242313 0.148100
0 0.621376 0.618300 0.238653 0.147200
0 0.624012 0.472550 0.235139 0.134700
0 0.859004 0.466150 0.205857 0.148100
0 0.879649 0.319800 0.191508 0.137600
0 0.623646 0.321250 0.237628 0.140500
0 0.862445 0.922550 0.221230 0.132900
0 0.158565 0.918700 0.196779 0.140600
0 0.623060 0.921650 0.191069 0.136500
0 0.382357 0.921350 0.232650 0.135900
0 0.389458 0.622750 0.220791 0.138300
0 0.137994 0.772300 0.241435 0.138200
0 0.152050 0.618550 0.206881 0.146700
0 0.633089 0.768550 0.216691 0.147300
0 0.381698 0.772350 0.237189 0.139700
0 0.149048 0.478550 0.215520 0.126300
0 0.398829 0.467950 0.190630 0.144500
0 0.386310 0.318600 0.232943 0.143000
0 0.140703 0.326100 0.233968 0.133600
0 0.137701 0.174100 0.237335 0.140600
