0 0.380234 0.618800 0.237189 0.150600
0 0.141069 0.321800 0.226794 0.146800
0 0.145461 0.478600 0.221230 0.128800
0 0.395388 0.471250 0.197218 0.141300
0 0.862152 0.469600 0.239678 0.147800
0 0.624963 0.473150 0.213909 0.142900
0 0.871742 0.618200 0.214056 0.146200
0 0.871376 0.928350 0.173792 0.123700
0 0.630088 0.923450 0.233821 0.133500
0 0.622548 0.619050 0.242753 0.148900
0 0.141435 0.619600 0.230747 0.144600
0 0.140190 0.770000 0.234700 0.144600
0 0.628697 0.780450 0.229283 0.125700
0 0.377086 0.917450 0.242606 0.145500
0 0.141362 0.922600 0.223280 0.137000
0 0.381772 0.321800 0.242020 0.147800
0 0.624597 0.322100 0.240410 0.146200
0 0.861713 0.176150 0.229136 0.134700
0 0.621376 0.177050 0.233968 0.135300
0 0.388360 0.168900 0.218887 0.146800
0 0.133529 0.169600 0.209663 0.150000
0 0.378184 0.772350 0.236603 0.137300
0 0.866764 0.782000 0.234846 0.118000
0 0.862592 0.327750 0.230893 0.132500
