0 0.621708 0.764800 0.209262 0.138200
0 0.377279 0.178100 0.190449 0.141400
0 0.610347 0.618850 0.189146 0.137900
0 0.385528 0.618350 0.176266 0.138300
0 0.158538 0.622150 0.189146 0.131900
0 0.159407 0.764800 0.212880 0.137600
0 0.381476 0.763700 0.226628 0.141800
0 0.842836 0.760750 0.216498 0.142700
0 0.860203 0.906550 0.220260 0.147100
0 0.387554 0.907500 0.229522 0.140800
0 0.854631 0.181450 0.216064 0.151900
0 0.626700 0.175600 0.204197 0.144600
0 0.628582 0.906550 0.225615 0.144500
0 0.158394 0.906700 0.222431 0.143600
0 0.389725 0.470200 0.187265 0.144200
0 0.156440 0.177700 0.215630 0.146800
0 0.155933 0.332650 0.223010 0.145500
0 0.388495 0.325050 0.212012 0.140500
0 0.616787 0.332700 0.217366 0.127200
0 0.851158 0.331200 0.214616 0.145800
0 0.160564 0.474250 0.210564 0.137900
0 0.620839 0.474100 0.213893 0.150200
0 0.851520 0.473650 0.210999 0.138500
0 0.850145 0.619800 0.219247 0.135400
