0 0.130747 0.772750 0.192972 0.139700
0 0.622328 0.622550 0.191362 0.141700
0 0.152855 0.924100 0.200293 0.139400
0 0.484334 0.917000 0.359297 0.144800
0 0.874158 0.625150 0.196925 0.133300
0 0.857321 0.925250 0.226208 0.132500
0 0.152050 0.482000 0.189605 0.122000
0 0.865007 0.174150 0.223426 0.141700
0 0.621303 0.186800 0.232943 0.118600
0 0.373133 0.173350 0.218009 0.140900
0 0.138214 0.178500 0.189751 0.136000
0 0.138214 0.332400 0.194143 0.124200
0 0.375842 0.325800 0.197950 0.138200
0 0.636530 0.327500 0.164714 0.134000
0 0.737775 0.771600 0.392972 0.141800
0 0.364495 0.773700 0.210688 0.136800
0 0.872694 0.321600 0.216837 0.142000
0 0.866032 0.470650 0.193558 0.144700
0 0.626794 0.478650 0.202928 0.130300
0 0.387189 0.471800 0.190776 0.144000
0 0.140849 0.621400 0.197072 0.146800
0 0.372182 0.621050 0.221376 0.143900
