0 0.863982 0.188500 0.239824 0.109200
0 0.862225 0.338750 0.200878 0.147500
0 0.605637 0.337900 0.207760 0.146600
0 0.348097 0.337700 0.191362 0.148800
0 0.121889 0.339400 0.212152 0.143600
0 0.336530 0.165700 0.190776 0.157400
0 0.123060 0.166150 0.215959 0.159100
0 0.125915 0.519200 0.202635 0.120800
0 0.344070 0.503500 0.188287 0.150400
0 0.598389 0.507550 0.223426 0.150900
0 0.854978 0.502450 0.236750 0.159500
0 0.863397 0.669900 0.205857 0.158200
0 0.592387 0.674650 0.248023 0.153900
0 0.590849 0.168300 0.241142 0.148800
0 0.338360 0.672250 0.198243 0.156900
0 0.113324 0.677450 0.191508 0.147500
0 0.130307 0.840150 0.153734 0.135900
0 0.333309 0.839150 0.195754 0.144900
0 0.592387 0.848800 0.214056 0.123800
0 0.855198 0.853950 0.252416 0.109300
