0 0.549414 0.128550 0.332504 0.111300
0 0.501464 0.388650 0.320937 0.137500
0 0.821523 0.389500 0.313324 0.138800
0 0.640483 0.921700 0.201318 0.138800
0 0.398463 0.925950 0.186969 0.135500
0 0.136750 0.772400 0.195022 0.143200
0 0.400366 0.771250 0.208346 0.143500
0 0.626281 0.777850 0.210395 0.134100
0 0.860469 0.624100 0.231625 0.136600
0 0.176867 0.386100 0.313031 0.140200
0 0.884334 0.918950 0.202050 0.150900
0 0.149268 0.931750 0.211567 0.121100
0 0.251977 0.580650 0.430161 0.223900
0 0.603660 0.626400 0.194143 0.133600
0 0.861127 0.765750 0.220937 0.147300
0 0.176867 0.102200 0.313031 0.167200
0 0.176354 0.249300 0.314348 0.122400
0 0.844510 0.129850 0.240410 0.111500
0 0.431406 0.241250 0.148316 0.126900
0 0.637555 0.246200 0.216252 0.115800
0 0.869107 0.250600 0.207028 0.107600
