0 0.385528 0.181350 0.227496 0.148900
0 0.618090 0.188000 0.228654 0.135600
0 0.851447 0.182900 0.229667 0.147400
0 0.616353 0.621700 0.226339 0.147000
0 0.383140 0.623650 0.225904 0.158300
0 0.147395 0.624400 0.219247 0.132600
0 0.395731 0.769600 0.187410 0.127600
0 0.852460 0.908250 0.221563 0.134500
0 0.404486 0.327050 0.190738 0.129500
0 0.149566 0.332100 0.229088 0.139000
0 0.145224 0.477450 0.219247 0.130300
0 0.400362 0.470600 0.197829 0.136400
0 0.618307 0.475900 0.230246 0.143200
0 0.377352 0.910150 0.161650 0.135900
0 0.147974 0.911650 0.190304 0.132100
0 0.619609 0.906850 0.225326 0.140900
0 0.860130 0.639000 0.208538 0.114000
0 0.855210 0.473800 0.216353 0.132200
0 0.619030 0.327750 0.231693 0.140900
0 0.848987 0.325550 0.179595 0.131100
0 0.868669 0.765600 0.186252 0.134800
0 0.620333 0.764700 0.181621 0.138200
0 0.150217 0.766450 0.228075 0.134100
0 0.160275 0.185750 0.212012 0.147700
