0 0.389797 0.916000 0.213748 0.125000
0 0.393488 0.471150 0.213314 0.133700
0 0.754631 0.260150 0.412880 0.273300
0 0.846744 0.911300 0.223444 0.136400
0 0.617511 0.908650 0.221997 0.137500
0 0.158466 0.914900 0.232417 0.128800
0 0.151954 0.773800 0.226918 0.134400
0 0.381621 0.775100 0.231259 0.131800
0 0.621129 0.765250 0.226918 0.137900
0 0.846454 0.766400 0.221418 0.153000
0 0.854993 0.611450 0.216498 0.144700
0 0.617294 0.623250 0.229088 0.140900
0 0.278365 0.621550 0.370043 0.143500
0 0.149711 0.471500 0.213748 0.135200
0 0.618813 0.470100 0.226918 0.132600
0 0.852894 0.476250 0.219247 0.122300
0 0.385962 0.333900 0.223734 0.141000
0 0.153329 0.333200 0.211433 0.140400
0 0.385528 0.182650 0.214761 0.155500
0 0.152750 0.182550 0.221852 0.154900
