0 0.863324 0.471000 0.210981 0.144800
0 0.636384 0.471500 0.195754 0.143600
0 0.387262 0.469800 0.221376 0.143000
0 0.150659 0.476300 0.219034 0.132600
0 0.863250 0.320900 0.205857 0.143800
0 0.611127 0.326800 0.216398 0.134200
0 0.376720 0.326900 0.210249 0.134400
0 0.134919 0.323650 0.185798 0.140300
0 0.145974 0.172100 0.214641 0.147400
0 0.623280 0.181550 0.256223 0.130100
0 0.134919 0.789650 0.220937 0.100900
0 0.378038 0.772500 0.194729 0.136800
0 0.862006 0.772050 0.201903 0.137300
0 0.145095 0.921950 0.212006 0.135100
0 0.386969 0.919450 0.210835 0.141500
0 0.627892 0.625900 0.219473 0.131400
0 0.381479 0.628400 0.237335 0.129000
0 0.382504 0.177250 0.204246 0.135500
0 0.871083 0.194300 0.193997 0.100600
0 0.145461 0.625100 0.220351 0.137600
0 0.630527 0.769750 0.196340 0.143500
0 0.867789 0.922650 0.213470 0.132900
0 0.632504 0.917300 0.214056 0.136600
0 0.871962 0.629150 0.209224 0.125500
