0 0.741215 0.699600 0.417423 0.281800
0 0.144802 0.426500 0.214641 0.138400
0 0.629063 0.427050 0.192826 0.142700
0 0.272474 0.618900 0.445974 0.147000
0 0.866105 0.426200 0.193119 0.141000
0 0.380893 0.421650 0.238507 0.151500
0 0.374817 0.222000 0.226940 0.140400
0 0.386750 0.917900 0.212152 0.142800
0 0.637116 0.916500 0.206589 0.141600
0 0.132138 0.226250 0.220644 0.128700
0 0.865593 0.219100 0.232211 0.146200
0 0.381186 0.766950 0.205710 0.144900
0 0.622914 0.218100 0.228258 0.148200
0 0.865959 0.917400 0.188141 0.143800
0 0.148682 0.842700 0.217716 0.289800
