0 0.148682 0.475000 0.192533 0.132200
0 0.874817 0.623250 0.196193 0.132100
0 0.625476 0.477800 0.200586 0.129400
0 0.866764 0.471150 0.198829 0.145900
0 0.128843 0.771400 0.197072 0.138800
0 0.857028 0.924300 0.227379 0.132600
0 0.485578 0.917050 0.362958 0.144100
0 0.370132 0.772200 0.224890 0.137400
0 0.141435 0.620750 0.195315 0.143500
0 0.737189 0.770450 0.392387 0.139900
0 0.623865 0.621050 0.187408 0.140300
0 0.387555 0.471400 0.193265 0.143000
0 0.871742 0.321000 0.215227 0.140400
0 0.377306 0.324300 0.200293 0.137800
0 0.372621 0.618900 0.225769 0.146200
0 0.140044 0.177250 0.189605 0.132700
0 0.138214 0.331000 0.192972 0.122800
0 0.636750 0.327400 0.163397 0.133200
0 0.373939 0.172100 0.220205 0.141400
0 0.621523 0.185250 0.231332 0.115700
0 0.863690 0.172850 0.225476 0.140100
0 0.153660 0.923350 0.199561 0.137300
