0 0.386975 0.181950 0.217945 0.151100
0 0.474674 0.481050 0.044573 0.011900
0 0.676411 0.332150 0.046020 0.011100
0 0.231766 0.340350 0.045007 0.009100
0 0.701592 0.191100 0.041679 0.011000
0 0.924819 0.460200 0.045007 0.008800
0 0.239580 0.184300 0.044718 0.010600
0 0.467656 0.189800 0.048770 0.009800
0 0.154776 0.186050 0.222431 0.143500
0 0.935311 0.182400 0.046020 0.010800
0 0.238857 0.482600 0.044428 0.009400
0 0.385311 0.325800 0.202171 0.136600
0 0.615195 0.331050 0.213603 0.143100
0 0.853111 0.622500 0.227786 0.143800
0 0.852315 0.474250 0.223878 0.148100
0 0.617800 0.623300 0.216787 0.125000
0 0.152243 0.619900 0.195080 0.135200
0 0.386758 0.625000 0.202750 0.139000
0 0.146889 0.765400 0.216208 0.133600
0 0.385528 0.767950 0.230970 0.144700
0 0.617294 0.765600 0.212880 0.146600
0 0.849855 0.767450 0.209696 0.144700
0 0.520912 0.908700 0.294211 0.134000
0 0.825687 0.908000 0.258611 0.135800
0 0.195948 0.910750 0.283936 0.134900
0 0.610637 0.478150 0.207381 0.141700
0 0.386903 0.477850 0.221852 0.142300
0 0.160130 0.473400 0.201881 0.132800
0 0.150072 0.331850 0.228365 0.140900
0 0.848480 0.330100 0.216208 0.143600
0 0.852026 0.186450 0.224457 0.142100
0 0.629812 0.180250 0.195658 0.138500
