0 0.617004 0.765700 0.213169 0.135200
0 0.381650 0.922175 0.204920 0.115950
0 0.390955 0.189750 0.212012 0.118300
0 0.855065 0.337800 0.218379 0.113600
0 0.626194 0.331550 0.217077 0.125500
0 0.390087 0.328100 0.223300 0.136400
0 0.162446 0.330850 0.204486 0.126300
0 0.150579 0.185350 0.225615 0.130900
0 0.850941 0.916550 0.212446 0.122100
0 0.243777 0.473900 0.037482 0.009000
0 0.474240 0.483200 0.046020 0.010000
0 0.923300 0.489350 0.048046 0.010700
0 0.111143 0.473600 0.043126 0.010200
0 0.239074 0.327500 0.046599 0.011200
0 0.615268 0.182400 0.230246 0.135000
0 0.852388 0.179900 0.226918 0.141800
0 0.441534 0.909950 0.047757 0.011900
0 0.234949 0.905500 0.046165 0.011000
0 0.675904 0.915350 0.048480 0.010900
0 0.932200 0.916900 0.049349 0.009400
0 0.696310 0.760250 0.048480 0.010500
0 0.938784 0.767450 0.046310 0.010900
0 0.618452 0.466700 0.215774 0.146800
0 0.482489 0.613300 0.044284 0.010200
0 0.234081 0.772150 0.046165 0.010700
0 0.448770 0.769200 0.045731 0.008800
0 0.242475 0.617350 0.049928 0.011500
0 0.683792 0.615250 0.045731 0.011500
0 0.710709 0.318400 0.041389 0.010200
0 0.939508 0.334900 0.044863 0.010000
0 0.477713 0.327050 0.045441 0.010300
0 0.940738 0.614350 0.048770 0.009700
0 0.615919 0.911200 0.186975 0.136800
0 0.158538 0.912900 0.199566 0.132600
0 0.154848 0.766100 0.206657 0.139000
0 0.385166 0.767700 0.218669 0.133000
0 0.851158 0.772950 0.225326 0.122300
0 0.852533 0.622650 0.225760 0.130700
0 0.623372 0.619600 0.224747 0.135200
0 0.398625 0.625800 0.219247 0.128000
0 0.151592 0.621550 0.232851 0.130500
0 0.150000 0.474250 0.228220 0.139500
0 0.836179 0.185050 0.036469 0.008900
0 0.945658 0.185600 0.034877 0.008800
0 0.705789 0.182200 0.044573 0.010000
0 0.466570 0.176300 0.046599 0.009600
0 0.240014 0.182250 0.047033 0.010100
0 0.388133 0.475000 0.221708 0.138200
0 0.849059 0.474850 0.210420 0.149500
