0 0.626135 0.774000 0.174671 0.139000
0 0.383309 0.622500 0.194729 0.139800
0 0.137848 0.477400 0.200732 0.129200
0 0.143192 0.620350 0.220205 0.144700
0 0.859517 0.918600 0.215959 0.145200
0 0.872108 0.776250 0.179649 0.129900
0 0.628624 0.326950 0.196925 0.129700
0 0.865154 0.324800 0.187994 0.131400
0 0.617570 0.494600 0.199707 0.096200
0 0.143338 0.173950 0.202928 0.140500
0 0.371889 0.172150 0.194143 0.147100
0 0.621889 0.176300 0.196925 0.136400
0 0.863397 0.181250 0.227818 0.127500
0 0.379649 0.322550 0.233382 0.137300
0 0.868228 0.470950 0.233968 0.140500
0 0.379429 0.470800 0.249048 0.147000
0 0.379356 0.917700 0.228404 0.146800
0 0.144070 0.918300 0.229575 0.146400
0 0.631040 0.920500 0.212592 0.142800
0 0.384114 0.767950 0.268375 0.148500
0 0.226720 0.913650 0.051098 0.010700
0 0.460029 0.936400 0.047438 0.009400
0 0.708931 0.914850 0.046266 0.009700
0 0.940044 0.932800 0.047877 0.010600
0 0.936823 0.781850 0.046120 0.010500
0 0.687262 0.790900 0.045388 0.011000
0 0.461347 0.785600 0.044802 0.012400
0 0.224305 0.766450 0.048902 0.011100
0 0.866618 0.622600 0.233089 0.145400
0 0.229356 0.618150 0.045534 0.009900
0 0.455637 0.619150 0.045681 0.011100
0 0.698463 0.628000 0.045242 0.010800
0 0.954100 0.620600 0.051391 0.011800
0 0.941801 0.470050 0.044363 0.010700
0 0.692167 0.484300 0.046120 0.011800
0 0.138214 0.325100 0.186237 0.136000
0 0.461493 0.464400 0.049780 0.011600
0 0.210615 0.487000 0.049048 0.011400
0 0.204978 0.336450 0.049195 0.011300
0 0.472035 0.335400 0.046559 0.010600
0 0.700439 0.337150 0.047145 0.010700
0 0.132796 0.767900 0.236310 0.146600
0 0.623939 0.645750 0.229136 0.093900
