0 0.862735 0.110450 0.213748 0.167300
0 0.411433 0.580200 0.265123 0.128600
0 0.164761 0.307250 0.234877 0.134500
0 0.169030 0.703150 0.173661 0.137300
0 0.417728 0.708400 0.230246 0.126800
0 0.662084 0.644800 0.178292 0.133200
0 0.862663 0.641600 0.215051 0.159600
0 0.858755 0.814050 0.212446 0.174500
0 0.425253 0.840650 0.230246 0.125500
0 0.658755 0.290900 0.200579 0.160000
0 0.877858 0.281150 0.173082 0.165900
0 0.861433 0.464350 0.184805 0.182300
0 0.657453 0.470350 0.195369 0.170300
0 0.169247 0.839200 0.223878 0.121000
0 0.653546 0.810700 0.178292 0.184000
0 0.416064 0.313900 0.200579 0.136800
0 0.653835 0.120700 0.182923 0.146800
0 0.396020 0.449100 0.161939 0.121800
0 0.162880 0.448250 0.138784 0.127300
0 0.154993 0.573900 0.207236 0.115000
