0 0.382706 0.178850 0.214616 0.144900
0 0.150941 0.908350 0.215340 0.141900
0 0.382996 0.908350 0.212590 0.140100
0 0.851302 0.759600 0.238929 0.146400
0 0.617656 0.908900 0.239074 0.139000
0 0.852822 0.907800 0.226049 0.141200
0 0.614472 0.763450 0.210709 0.122300
0 0.380970 0.758050 0.219537 0.135700
0 0.618307 0.472650 0.220405 0.135100
0 0.375904 0.469000 0.209117 0.144200
0 0.146816 0.480050 0.214327 0.121900
0 0.848336 0.326100 0.204052 0.140200
0 0.615195 0.332650 0.220839 0.126100
0 0.381331 0.327950 0.217366 0.135700
0 0.145876 0.329350 0.194211 0.133700
0 0.848987 0.176750 0.218958 0.150100
0 0.139508 0.183200 0.202315 0.135000
0 0.385456 0.625400 0.218958 0.123800
0 0.611939 0.615750 0.196382 0.142700
0 0.842185 0.624850 0.214038 0.122300
0 0.149493 0.765750 0.222287 0.134100
0 0.608973 0.178700 0.203473 0.148000
0 0.145514 0.616300 0.219826 0.142200
0 0.850868 0.475750 0.224747 0.150700
