0 0.624085 0.175900 0.195168 0.137200
0 0.874305 0.171150 0.187555 0.144900
0 0.137262 0.322050 0.241142 0.139700
0 0.379209 0.320000 0.239824 0.144800
0 0.621889 0.318050 0.240556 0.144500
0 0.865666 0.318900 0.234700 0.145400
0 0.136457 0.467200 0.236603 0.143000
0 0.379868 0.465950 0.227672 0.143500
0 0.628331 0.466150 0.196047 0.147900
0 0.375915 0.626450 0.206296 0.125900
0 0.422328 0.770100 0.184334 0.142400
0 0.152635 0.769000 0.205124 0.143600
0 0.743558 0.707000 0.466325 0.271600
0 0.734114 0.921500 0.390922 0.138200
0 0.132943 0.919450 0.209956 0.132700
0 0.378331 0.916200 0.269400 0.147600
0 0.133163 0.617100 0.219766 0.148600
0 0.864275 0.470250 0.236896 0.136500
0 0.147145 0.173500 0.196486 0.141400
0 0.381845 0.166600 0.214056 0.155400
