0 0.370043 0.178650 0.197106 0.125700
0 0.368234 0.320150 0.207959 0.117500
0 0.159624 0.909300 0.205210 0.132600
0 0.377569 0.910700 0.205789 0.130400
0 0.857164 0.896850 0.204052 0.161900
0 0.625615 0.899250 0.215340 0.159100
0 0.850941 0.738250 0.221418 0.136100
0 0.624674 0.737250 0.215195 0.138300
0 0.378654 0.741100 0.209696 0.144000
0 0.153690 0.742600 0.235601 0.142600
0 0.852098 0.593250 0.224602 0.149100
0 0.618307 0.591350 0.189725 0.137300
0 0.382706 0.592650 0.225615 0.150700
0 0.152171 0.593900 0.230246 0.146800
0 0.845803 0.448000 0.203039 0.134600
0 0.601085 0.449400 0.203039 0.129600
0 0.366136 0.459100 0.173372 0.112800
0 0.145224 0.448950 0.206802 0.133100
0 0.852822 0.313900 0.199711 0.128600
0 0.605933 0.314150 0.208683 0.128300
0 0.146237 0.317150 0.218379 0.122300
0 0.863893 0.182850 0.191462 0.119100
0 0.613097 0.178500 0.194935 0.125400
0 0.136686 0.180150 0.209696 0.125700
