0 0.152894 0.476950 0.225615 0.143900
0 0.619537 0.763450 0.210709 0.144100
0 0.850724 0.771550 0.229667 0.141700
0 0.844790 0.926950 0.217221 0.103700
0 0.150072 0.769000 0.212735 0.134200
0 0.381910 0.763100 0.217077 0.143000
0 0.820333 0.622650 0.292475 0.135900
0 0.514255 0.621450 0.287265 0.145100
0 0.196527 0.618850 0.311433 0.139300
0 0.383213 0.911850 0.228654 0.133900
0 0.385311 0.184950 0.218669 0.145100
0 0.613893 0.910950 0.221997 0.135900
0 0.146961 0.921350 0.224747 0.114300
0 0.849928 0.469900 0.228654 0.135200
0 0.152605 0.327000 0.236903 0.153200
0 0.383357 0.327500 0.214761 0.136800
0 0.736903 0.256750 0.441100 0.285500
0 0.149783 0.188750 0.232996 0.124300
0 0.385384 0.475250 0.226918 0.134100
0 0.618234 0.478150 0.234732 0.138900
