0 0.864560 0.723550 0.218681 0.169700
0 0.625206 0.720000 0.221016 0.177800
0 0.386195 0.719200 0.210577 0.179400
0 0.389011 0.175550 0.203022 0.156500
0 0.143475 0.718900 0.207555 0.160400
0 0.867857 0.536600 0.222253 0.170000
0 0.628777 0.537950 0.221016 0.159100
0 0.381113 0.543900 0.222940 0.170000
0 0.140041 0.537650 0.213599 0.179900
0 0.868063 0.358050 0.218819 0.178900
0 0.620124 0.360950 0.218544 0.172300
0 0.387019 0.356150 0.209203 0.160900
0 0.619025 0.180800 0.227060 0.172400
0 0.873008 0.175300 0.201511 0.153800
0 0.138187 0.353200 0.208516 0.166800
0 0.139698 0.181650 0.214011 0.147900
0 0.137088 0.909050 0.220330 0.141300
0 0.375275 0.899500 0.247253 0.158200
0 0.619918 0.897250 0.222527 0.164700
0 0.863049 0.907350 0.203846 0.136900
