0 0.374931 0.361950 0.223214 0.165300
0 0.865728 0.185900 0.221016 0.158200
0 0.622527 0.182300 0.236813 0.167400
0 0.380495 0.179400 0.217308 0.170200
0 0.133723 0.178250 0.227060 0.152700
0 0.141277 0.545650 0.230082 0.161700
0 0.375069 0.543300 0.226511 0.170200
0 0.621016 0.541000 0.223901 0.174800
0 0.863324 0.538700 0.228297 0.178000
0 0.379190 0.723950 0.222115 0.168900
0 0.623214 0.736750 0.217582 0.143300
0 0.870536 0.726850 0.212225 0.143300
0 0.132418 0.897750 0.214011 0.161700
0 0.384135 0.897400 0.212225 0.163600
0 0.620604 0.905650 0.221154 0.144700
0 0.867788 0.895750 0.212225 0.166900
0 0.130151 0.726250 0.222115 0.164300
0 0.867514 0.363750 0.204533 0.161500
0 0.624451 0.363000 0.220330 0.166400
0 0.138187 0.377450 0.224725 0.159300
