0 0.866621 0.541600 0.227473 0.172800
0 0.139217 0.735700 0.242445 0.144000
0 0.378846 0.722800 0.229670 0.151200
0 0.381731 0.188500 0.226099 0.153200
0 0.134890 0.183300 0.221154 0.168200
0 0.878984 0.366100 0.196154 0.163200
0 0.619849 0.728200 0.215522 0.159000
0 0.863942 0.729450 0.221841 0.155300
0 0.866415 0.886850 0.216896 0.142900
0 0.621154 0.891250 0.214011 0.132100
0 0.378365 0.890500 0.214698 0.136800
0 0.144918 0.891000 0.211264 0.120200
0 0.621978 0.188050 0.224725 0.156300
0 0.870673 0.178600 0.209753 0.175400
0 0.619986 0.364350 0.231731 0.165100
0 0.382555 0.362800 0.201923 0.166200
0 0.141209 0.360700 0.205495 0.169200
0 0.135165 0.541600 0.234615 0.172800
0 0.378571 0.545200 0.231044 0.144000
0 0.624588 0.542350 0.222527 0.170300
