0 0.866758 0.721450 0.206593 0.175500
0 0.752266 0.299900 0.454258 0.270200
0 0.139973 0.356350 0.213736 0.178300
0 0.373626 0.363800 0.221154 0.143000
0 0.135508 0.177650 0.205907 0.151900
0 0.378640 0.184000 0.222940 0.163600
0 0.135646 0.545600 0.212225 0.163600
0 0.380082 0.544850 0.210440 0.167700
0 0.629602 0.536300 0.202335 0.163200
0 0.863393 0.537650 0.227885 0.160500
0 0.135096 0.730350 0.202885 0.158900
0 0.384684 0.729400 0.196566 0.138400
0 0.616964 0.717050 0.232280 0.163900
0 0.135783 0.903450 0.221566 0.149700
0 0.375549 0.899900 0.224176 0.156800
0 0.624107 0.897000 0.225137 0.165200
0 0.873764 0.895700 0.211813 0.165200
