0 0.143475 0.412800 0.232280 0.175600
0 0.395536 0.611250 0.210577 0.187700
0 0.158173 0.623250 0.261676 0.163500
0 0.154258 0.819800 0.238736 0.183000
0 0.394231 0.820250 0.205495 0.180300
0 0.878022 0.825350 0.187637 0.166300
0 0.639354 0.832350 0.253984 0.161700
0 0.625893 0.662350 0.204258 0.161700
0 0.857486 0.660900 0.210577 0.149600
0 0.858791 0.484850 0.205495 0.161700
0 0.634753 0.472750 0.219505 0.163500
0 0.628503 0.293900 0.186401 0.162600
0 0.854945 0.301300 0.241209 0.170000
0 0.861401 0.114100 0.231044 0.184000
0 0.623352 0.121550 0.187637 0.169100
0 0.387225 0.411900 0.237363 0.170000
