0 0.380632 0.552550 0.210989 0.154900
0 0.873764 0.187600 0.211813 0.159400
0 0.634547 0.183450 0.194093 0.163900
0 0.388187 0.194050 0.206593 0.143900
0 0.135027 0.186000 0.226923 0.153600
0 0.140728 0.890850 0.228434 0.153300
0 0.376236 0.896900 0.229670 0.146800
0 0.145948 0.724550 0.208104 0.155100
0 0.383310 0.728200 0.218269 0.147800
0 0.636607 0.888450 0.196566 0.167300
0 0.884272 0.892750 0.188874 0.164500
0 0.881044 0.720300 0.190110 0.143200
0 0.635302 0.719400 0.201648 0.143200
0 0.143269 0.542050 0.208242 0.174100
0 0.134547 0.359950 0.229533 0.158100
0 0.628365 0.553500 0.210027 0.150400
0 0.864011 0.544450 0.227747 0.167100
0 0.864973 0.372800 0.215385 0.147800
0 0.390797 0.376400 0.203022 0.182000
0 0.622527 0.383100 0.219780 0.142600
