0 0.622734 0.182100 0.228709 0.170400
0 0.380563 0.353800 0.233929 0.174200
0 0.860165 0.179850 0.216209 0.151700
0 0.866827 0.352800 0.217170 0.172400
0 0.623146 0.361750 0.220742 0.160700
0 0.861538 0.540550 0.222527 0.167100
0 0.632005 0.530250 0.206593 0.160700
0 0.861470 0.716050 0.229533 0.163300
0 0.622184 0.726750 0.229533 0.191100
0 0.387775 0.533800 0.207418 0.156200
0 0.138255 0.531500 0.217170 0.147800
0 0.376236 0.712550 0.226923 0.154900
0 0.138187 0.712500 0.227747 0.175600
0 0.861058 0.895550 0.233104 0.161300
0 0.621223 0.903300 0.214423 0.145800
0 0.382418 0.892950 0.215385 0.158700
0 0.135440 0.896850 0.216209 0.161300
0 0.129876 0.178850 0.212775 0.169100
0 0.384684 0.177950 0.204808 0.154300
0 0.141346 0.349250 0.200275 0.165300
