0 0.135646 0.210250 0.224313 0.172900
0 0.866690 0.603250 0.228434 0.163500
0 0.625069 0.604300 0.230357 0.150200
0 0.865453 0.806900 0.233379 0.172000
0 0.621291 0.807400 0.229670 0.174800
0 0.379121 0.406950 0.231868 0.171900
0 0.381250 0.806950 0.222115 0.170100
0 0.138736 0.805150 0.219505 0.177500
0 0.146978 0.603350 0.205220 0.164900
0 0.383929 0.607150 0.215934 0.178900
0 0.615865 0.210250 0.237225 0.170300
0 0.862500 0.215750 0.230769 0.179700
0 0.865247 0.414650 0.229670 0.171900
0 0.624313 0.404600 0.224451 0.175000
0 0.385508 0.212600 0.212775 0.170400
0 0.139217 0.409250 0.226511 0.167300
