0 0.626030 0.722200 0.211951 0.173200
0 0.383379 0.720300 0.220055 0.167200
0 0.866758 0.536100 0.225275 0.171000
0 0.864973 0.717350 0.218681 0.164500
0 0.380357 0.538650 0.220055 0.170500
0 0.622321 0.537550 0.223764 0.173700
0 0.134684 0.528850 0.221566 0.175700
0 0.137500 0.357350 0.218407 0.155500
0 0.383104 0.352450 0.214835 0.151100
0 0.625549 0.353550 0.217308 0.164900
0 0.865659 0.353600 0.222253 0.169400
0 0.865591 0.181100 0.213599 0.157800
0 0.620055 0.175000 0.225824 0.160800
0 0.382143 0.182450 0.220330 0.144300
0 0.139560 0.181250 0.222527 0.172900
0 0.831387 0.893700 0.231181 0.150600
0 0.500481 0.897200 0.278434 0.140400
0 0.168475 0.889150 0.248214 0.154300
0 0.137843 0.715500 0.214973 0.164000
