0 0.624038 0.897850 0.214835 0.161100
0 0.142102 0.724400 0.210577 0.164200
0 0.869093 0.891700 0.215934 0.173400
0 0.142170 0.356200 0.214835 0.161800
0 0.377747 0.722500 0.230769 0.174200
0 0.376717 0.896300 0.228709 0.162600
0 0.133036 0.893200 0.217995 0.167200
0 0.626168 0.724400 0.221291 0.162600
0 0.136264 0.179650 0.222253 0.164900
0 0.378228 0.178550 0.227610 0.161100
0 0.627198 0.181250 0.214835 0.164900
0 0.870673 0.172300 0.210577 0.150200
0 0.863324 0.353950 0.223352 0.166500
0 0.629258 0.360100 0.214835 0.169600
0 0.379327 0.357400 0.225412 0.173400
0 0.142651 0.548200 0.211676 0.180400
0 0.874382 0.714300 0.200962 0.162600
0 0.377747 0.537000 0.222253 0.156400
0 0.622871 0.543600 0.227610 0.169600
0 0.871291 0.539750 0.205220 0.174300
