0 0.136813 0.175500 0.221154 0.159600
0 0.388049 0.185400 0.213736 0.138600
0 0.627335 0.176900 0.230769 0.157200
0 0.868819 0.181950 0.218132 0.147100
0 0.857692 0.358450 0.238187 0.154900
0 0.626854 0.727050 0.233929 0.162700
0 0.625755 0.358450 0.212775 0.154900
0 0.380632 0.364650 0.232967 0.142500
0 0.134341 0.353800 0.225549 0.164200
0 0.140728 0.542400 0.210577 0.151000
0 0.382692 0.544350 0.215934 0.148700
0 0.619918 0.550900 0.226648 0.134000
0 0.869368 0.535400 0.217033 0.163400
0 0.865110 0.720500 0.221154 0.174200
0 0.380563 0.724000 0.220192 0.168800
0 0.144505 0.723950 0.243681 0.171900
0 0.137569 0.897000 0.236126 0.161800
0 0.374725 0.896950 0.231868 0.164900
0 0.621016 0.902400 0.224451 0.151000
0 0.861882 0.898550 0.233929 0.160300
