0 0.869918 0.875150 0.207418 0.189700
0 0.837431 0.437700 0.227610 0.196000
0 0.871497 0.205000 0.210577 0.189000
0 0.632761 0.204550 0.220192 0.209900
0 0.137019 0.209250 0.226511 0.199100
0 0.400275 0.203850 0.214835 0.206700
0 0.506593 0.438850 0.280769 0.213700
0 0.166827 0.446550 0.239423 0.202900
0 0.793338 0.649050 0.354258 0.208300
0 0.505632 0.653700 0.208516 0.177400
0 0.173214 0.666800 0.243681 0.171200
0 0.135989 0.882500 0.213736 0.172000
0 0.384272 0.889150 0.250962 0.178900
0 0.624176 0.876350 0.222253 0.185900
