0 0.622734 0.177350 0.220192 0.159500
0 0.139766 0.355100 0.217995 0.160400
0 0.380701 0.368950 0.219093 0.130900
0 0.624794 0.367750 0.217995 0.131700
0 0.864629 0.368550 0.227610 0.131700
0 0.140934 0.180750 0.215934 0.168100
0 0.384959 0.182350 0.210577 0.144900
0 0.865728 0.180850 0.227610 0.152500
0 0.186813 0.902650 0.289011 0.152300
0 0.515179 0.898750 0.295192 0.163900
0 0.840110 0.896850 0.269505 0.167700
0 0.138255 0.717550 0.217995 0.161100
0 0.379670 0.718650 0.222253 0.158700
0 0.620742 0.723350 0.223352 0.152500
0 0.858379 0.726100 0.239286 0.145600
0 0.137637 0.545550 0.213736 0.144900
0 0.381250 0.545500 0.215797 0.166600
0 0.621154 0.537350 0.223352 0.162700
0 0.865728 0.538200 0.227610 0.159600
