0 0.860852 0.895450 0.224451 0.164900
0 0.386126 0.897350 0.213187 0.164500
0 0.617033 0.898550 0.224725 0.162100
0 0.867788 0.187500 0.221016 0.154400
0 0.871841 0.360900 0.210165 0.151800
0 0.620604 0.362000 0.229396 0.169400
0 0.379808 0.371400 0.221978 0.151800
0 0.131593 0.358300 0.224725 0.157200
0 0.134615 0.196100 0.217033 0.140400
0 0.621841 0.174100 0.222802 0.161200
0 0.863393 0.541850 0.228984 0.153100
0 0.626717 0.726050 0.216896 0.166900
0 0.381731 0.724000 0.224725 0.149600
0 0.132898 0.721150 0.231181 0.157900
0 0.139835 0.895450 0.212363 0.167300
0 0.863942 0.720000 0.222665 0.178400
0 0.627060 0.536700 0.221154 0.160600
0 0.378365 0.541150 0.224863 0.151700
0 0.135371 0.539850 0.231181 0.159300
0 0.381456 0.182550 0.234615 0.171500
