0 0.753984 0.279500 0.401374 0.314000
0 0.377404 0.181400 0.225687 0.168000
0 0.138942 0.182100 0.223214 0.167600
0 0.618613 0.726850 0.221841 0.164900
0 0.377473 0.726450 0.228022 0.159100
0 0.137569 0.717900 0.208379 0.158600
0 0.858791 0.894750 0.220330 0.169500
0 0.624245 0.900550 0.196016 0.158100
0 0.377747 0.897700 0.217857 0.160600
0 0.135646 0.896100 0.210852 0.167600
0 0.867995 0.545850 0.196154 0.162700
0 0.629052 0.536650 0.204808 0.164100
0 0.378228 0.539050 0.208654 0.159300
0 0.866690 0.717950 0.228709 0.165700
0 0.377335 0.360950 0.221978 0.172700
0 0.136264 0.366400 0.229121 0.190000
0 0.138462 0.545850 0.219780 0.165700
