0 0.623352 0.174250 0.224176 0.164700
0 0.392170 0.356350 0.182692 0.156500
0 0.145467 0.363450 0.201923 0.146900
0 0.384272 0.193800 0.192995 0.124600
0 0.140522 0.185600 0.209890 0.130600
0 0.864080 0.351200 0.233379 0.170000
0 0.863118 0.176950 0.229808 0.163500
0 0.378846 0.544450 0.225549 0.147900
0 0.139560 0.537700 0.221154 0.157000
0 0.623008 0.716400 0.229258 0.168600
0 0.141346 0.729950 0.224451 0.160100
0 0.866277 0.712250 0.232005 0.172100
0 0.378640 0.725100 0.227060 0.168600
0 0.867019 0.536580 0.228874 0.167200
0 0.623352 0.894200 0.222527 0.170200
0 0.144299 0.895600 0.207830 0.169400
0 0.383104 0.901350 0.235165 0.161100
0 0.862706 0.910500 0.233104 0.136600
0 0.623585 0.351480 0.223626 0.168700
