0 0.726758 0.876770 0.381641 0.191140
0 0.352227 0.873195 0.301693 0.201590
0 0.786615 0.668310 0.333802 0.187560
0 0.289473 0.666520 0.424622 0.195100
0 0.816868 0.443130 0.277826 0.210060
0 0.512363 0.441865 0.284648 0.210750
0 0.197031 0.438070 0.305104 0.217300
0 0.807565 0.219925 0.305781 0.203650
0 0.513385 0.216575 0.270156 0.214690
0 0.197201 0.213955 0.304245 0.218610
2 0.812826 0.916725 0.154297 0.035610
2 0.417773 0.916410 0.154036 0.036180
2 0.867493 0.705780 0.153555 0.036620
2 0.413431 0.703180 0.153086 0.035840
2 0.867799 0.485570 0.153984 0.036740
2 0.571973 0.485050 0.155273 0.035980
2 0.257168 0.470165 0.154154 0.035270
2 0.874870 0.266265 0.153125 0.035450
2 0.562305 0.264300 0.153776 0.035600
2 0.256966 0.265685 0.154297 0.035830
4 0.541686 0.533915 0.206732 0.009470
4 0.249531 0.313705 0.170443 0.013090
4 0.197415 0.533150 0.272018 0.012000
5 0.932975 0.270905 0.047591 0.029450
4 0.549538 0.313340 0.174596 0.012880
3 0.804427 0.298450 0.291901 0.015820
4 0.824173 0.314155 0.251419 0.011450
3 0.542930 0.297240 0.187422 0.015900
3 0.727546 0.949775 0.313138 0.014890
3 0.203385 0.510350 0.258516 0.029460
4 0.769954 0.964765 0.230977 0.010730
3 0.201374 0.298000 0.263346 0.014400
3 0.347565 0.949680 0.288229 0.012720
4 0.369251 0.965400 0.243190 0.011740
4 0.345352 0.751580 0.282109 0.010600
3 0.356738 0.736080 0.260977 0.012940
1 0.295443 0.442895 0.059635 0.018190
1 0.610286 0.457750 0.058594 0.018900
3 0.812116 0.517045 0.254987 0.014010
1 0.451888 0.676250 0.059766 0.018300
1 0.905404 0.678200 0.061328 0.018200
1 0.600130 0.236950 0.059635 0.017900
3 0.807331 0.737785 0.265339 0.013630
1 0.295378 0.238885 0.060026 0.017770
4 0.823014 0.753095 0.238216 0.011370
3 0.527637 0.518475 0.235091 0.012310
4 0.831237 0.533120 0.217005 0.010420
5 0.620378 0.269250 0.045703 0.028900
1 0.912956 0.238450 0.058984 0.018500
5 0.870853 0.921460 0.044883 0.029160
1 0.850977 0.889750 0.060026 0.018700
1 0.455208 0.889685 0.059375 0.018170
5 0.475697 0.921725 0.044987 0.028630
5 0.925931 0.710670 0.048503 0.029360
5 0.925846 0.490600 0.045365 0.031060
1 0.905417 0.458050 0.059792 0.018100
5 0.629766 0.489625 0.045625 0.029990
5 0.315026 0.474620 0.046875 0.030000
5 0.471823 0.708460 0.048906 0.030300
5 0.315755 0.271110 0.049479 0.030980
