0 0.770378 0.863275 0.279818 0.203990
0 0.325723 0.862245 0.293320 0.201810
0 0.318691 0.656010 0.303971 0.206180
0 0.765065 0.654660 0.286354 0.205120
2 0.825423 0.910145 0.154466 0.036830
2 0.385664 0.905760 0.154948 0.036300
2 0.386159 0.702200 0.154948 0.036300
2 0.822546 0.702080 0.154466 0.036300
0 0.500723 0.316015 0.938398 0.437030
2 0.427786 0.491890 0.187005 0.044820
4 0.215286 0.287025 0.143464 0.081810
5 0.881458 0.707080 0.048984 0.030520
4 0.820228 0.750140 0.150013 0.010000
3 0.800117 0.735225 0.189063 0.014210
1 0.861152 0.675040 0.061315 0.018680
4 0.837174 0.958600 0.131172 0.010260
3 0.812754 0.942235 0.177070 0.012630
5 0.883652 0.914880 0.048294 0.032100
1 0.863451 0.882790 0.060625 0.018940
5 0.444434 0.911700 0.047669 0.030300
4 0.380729 0.954690 0.176328 0.009780
3 0.336139 0.939695 0.265508 0.013890
1 0.426354 0.879225 0.056302 0.017950
1 0.424382 0.674740 0.061237 0.018620
5 0.443900 0.706620 0.046862 0.029360
4 0.378060 0.750875 0.172214 0.009790
3 0.353893 0.733135 0.218646 0.014210
3 0.215111 0.332310 0.053398 0.009820
5 0.498164 0.497670 0.058229 0.038140
1 0.471927 0.458870 0.073568 0.022720
