0 0.188146 0.363200 0.309238 0.325400
0 0.820026 0.304800 0.302326 0.443200
0 0.509373 0.306200 0.300375 0.439800
0 0.669399 0.642445 0.611899 0.219130
0 0.656951 0.870190 0.599018 0.222180
0 0.175601 0.765330 0.348953 0.466460
2 0.241079 0.911685 0.185956 0.045830
2 0.262099 0.469630 0.154070 0.037260
2 0.577164 0.469875 0.153941 0.037090
2 0.764315 0.446660 0.155607 0.030300
2 0.890155 0.692530 0.153953 0.036300
4 0.848727 0.972125 0.083553 0.008110
2 0.764070 0.478860 0.156098 0.029540
1 0.856886 0.896705 0.060491 0.018930
2 0.817326 0.924600 0.156615 0.036800
3 0.837429 0.958050 0.106202 0.014020
3 0.248424 0.951460 0.158553 0.017800
5 0.310323 0.917935 0.056279 0.036370
1 0.286195 0.878425 0.074767 0.022090
4 0.246492 0.518270 0.178075 0.010000
3 0.228966 0.503035 0.211266 0.014690
1 0.299910 0.442015 0.060879 0.018850
4 0.244974 0.970035 0.170258 0.012530
1 0.615904 0.442610 0.060491 0.018960
5 0.902565 0.479200 0.115000 0.029160
5 0.902952 0.446815 0.116473 0.029930
1 0.928424 0.665310 0.061163 0.018680
3 0.564677 0.501615 0.169070 0.014470
1 0.808140 0.483350 0.027907 0.011300
4 0.823043 0.519195 0.110116 0.009470
3 0.822668 0.503225 0.112829 0.014210
1 0.807984 0.451380 0.028889 0.012100
4 0.577707 0.518380 0.144716 0.009860
4 0.891350 0.742395 0.142054 0.010810
3 0.869968 0.724705 0.184535 0.016310
