0 0.771429 0.406450 0.378961 0.193500
4 0.822299 0.495410 0.252104 0.010520
3 0.805292 0.479835 0.285312 0.015150
2 0.875312 0.446985 0.156805 0.037090
5 0.934513 0.451750 0.048844 0.031300
1 0.914357 0.419395 0.060455 0.018670
4 0.414526 0.494450 0.150636 0.011320
3 0.385987 0.479425 0.200987 0.014030
5 0.476429 0.451765 0.048390 0.031570
2 0.417500 0.446395 0.154870 0.036610
1 0.456071 0.419105 0.060065 0.018850
0 0.747916 0.202400 0.428818 0.200600
0 0.189390 0.803625 0.310260 0.199630
4 0.577604 0.893760 0.147571 0.010520
3 0.563662 0.877740 0.175247 0.015000
2 0.579039 0.844595 0.155429 0.037090
1 0.617299 0.817375 0.060468 0.018410
5 0.637786 0.850385 0.048169 0.031830
4 0.407019 0.293000 0.167961 0.010740
1 0.930026 0.815550 0.062312 0.018940
2 0.893136 0.843170 0.151675 0.036300
5 0.951201 0.847945 0.047260 0.031130
3 0.852221 0.873955 0.225117 0.014990
4 0.898117 0.890470 0.134078 0.010080
1 0.294344 0.817420 0.060247 0.018080
2 0.255916 0.844455 0.153727 0.036710
2 0.417825 0.644720 0.152091 0.036300
5 0.315461 0.849770 0.048870 0.031260
3 0.230266 0.876310 0.195857 0.017320
4 0.229273 0.893190 0.200130 0.011620
0 0.293636 0.603050 0.417221 0.196900
1 0.455331 0.617660 0.060013 0.018820
0 0.838013 0.802660 0.281532 0.195120
5 0.476032 0.650405 0.047961 0.031250
3 0.288325 0.678055 0.400909 0.015150
2 0.418552 0.244560 0.153727 0.037260
5 0.476799 0.249645 0.048117 0.031350
3 0.386195 0.276380 0.207351 0.012620
4 0.315584 0.693595 0.348857 0.012010
0 0.322188 0.406085 0.363078 0.195170
1 0.456727 0.217205 0.059532 0.018450
3 0.840338 0.677580 0.209065 0.014520
4 0.862435 0.693425 0.166844 0.011050
1 0.914312 0.218780 0.059506 0.018640
2 0.876351 0.246135 0.154260 0.036610
0 0.531253 0.803595 0.267416 0.198630
2 0.872292 0.644640 0.154584 0.037260
1 0.910721 0.617785 0.061208 0.019070
0 0.779994 0.602820 0.354455 0.195700
5 0.930935 0.650010 0.048104 0.031340
0 0.313409 0.202055 0.380481 0.201850
5 0.934721 0.250720 0.047442 0.030320
4 0.802545 0.294685 0.292078 0.011310
3 0.812695 0.278250 0.270221 0.013420
