1 0.373029 0.230500 0.060574 0.017900
0 0.275849 0.204450 0.289817 0.218900
4 0.325196 0.306765 0.164830 0.011570
3 0.317722 0.290120 0.178368 0.014060
5 0.394197 0.263580 0.049883 0.032120
2 0.334752 0.257900 0.154282 0.036540
0 0.302148 0.885310 0.327272 0.210100
5 0.878969 0.937950 0.049504 0.031340
2 0.819445 0.932795 0.155392 0.036390
1 0.857232 0.905415 0.060104 0.018450
0 0.729915 0.876975 0.356828 0.229350
5 0.427187 0.939370 0.050822 0.032360
4 0.366351 0.982540 0.193668 0.010120
3 0.374804 0.966745 0.177598 0.013890
2 0.366958 0.933530 0.157624 0.036560
1 0.405242 0.906170 0.061815 0.019200
3 0.801221 0.964885 0.202598 0.013370
5 0.871984 0.701610 0.048407 0.031300
4 0.742872 0.745535 0.288799 0.010790
3 0.747539 0.728835 0.277794 0.014470
2 0.813584 0.696285 0.153668 0.036610
1 0.851926 0.668885 0.060379 0.018190
0 0.742454 0.648315 0.311018 0.209430
4 0.795816 0.538280 0.140692 0.008980
3 0.789948 0.522290 0.152820 0.013240
5 0.842017 0.495350 0.048290 0.031200
2 0.783473 0.490305 0.153577 0.036350
1 0.821090 0.463600 0.062206 0.018420
0 0.748107 0.437070 0.253499 0.212720
4 0.339922 0.744265 0.242376 0.009210
3 0.325059 0.729020 0.267846 0.013940
4 0.813238 0.982970 0.183995 0.011400
5 0.444889 0.701475 0.048368 0.031350
0 0.760999 0.207670 0.232128 0.209460
1 0.830124 0.231000 0.061815 0.018400
2 0.792317 0.258390 0.153486 0.036560
5 0.850914 0.264040 0.049112 0.031600
3 0.805437 0.291455 0.139413 0.013410
1 0.424556 0.669425 0.060809 0.018450
0 0.323440 0.653830 0.294086 0.194180
3 0.315999 0.522190 0.323068 0.015780
5 0.441064 0.494970 0.049125 0.031260
2 0.381162 0.489335 0.157963 0.037270
1 0.420509 0.461715 0.062663 0.019290
2 0.386880 0.696550 0.154282 0.035800
0 0.304798 0.437620 0.351527 0.219520
4 0.811789 0.306710 0.128094 0.009200
4 0.311057 0.539235 0.335013 0.011370
