1 0.883396 0.897835 0.060351 0.018190
0 0.811019 0.872715 0.234948 0.217110
5 0.940987 0.710160 0.048675 0.031560
2 0.881448 0.705065 0.155000 0.035930
1 0.920273 0.677875 0.059974 0.018270
5 0.903805 0.931240 0.047532 0.031560
4 0.543779 0.313625 0.209065 0.009210
3 0.538935 0.297605 0.220338 0.013150
5 0.633792 0.270490 0.050208 0.031300
2 0.574591 0.264805 0.154065 0.036830
1 0.612448 0.237585 0.060351 0.017750
0 0.520994 0.212265 0.279494 0.220710
4 0.869338 0.312095 0.167299 0.009470
3 0.874318 0.296900 0.154740 0.016800
5 0.938026 0.269515 0.049195 0.031030
2 0.879773 0.264515 0.153727 0.035950
1 0.917539 0.237765 0.059779 0.018410
0 0.835175 0.210225 0.261390 0.218170
4 0.257831 0.312270 0.149740 0.010300
0 0.227188 0.212025 0.246506 0.217090
2 0.845247 0.925660 0.154857 0.037460
3 0.266851 0.297445 0.130481 0.014070
5 0.318162 0.269545 0.047442 0.031430
2 0.260208 0.264860 0.154753 0.037080
1 0.298130 0.237375 0.059792 0.017890
5 0.475799 0.710290 0.048506 0.031300
0 0.324039 0.437880 0.360416 0.210100
4 0.897006 0.533000 0.142792 0.010260
3 0.913883 0.517405 0.107610 0.014470
2 0.789416 0.471170 0.116234 0.069700
1 0.943117 0.470560 0.030831 0.009860
1 0.822987 0.471105 0.009013 0.010230
2 0.909610 0.471340 0.118468 0.068500
0 0.777013 0.436310 0.394416 0.212720
4 0.323006 0.753400 0.335312 0.011680
3 0.262727 0.737735 0.452753 0.015450
2 0.416877 0.705160 0.154065 0.036300
1 0.455305 0.678095 0.060117 0.018150
0 0.268734 0.662790 0.468195 0.200280
4 0.872208 0.753250 0.166545 0.011400
3 0.855013 0.737010 0.200130 0.014240
0 0.774130 0.654330 0.389325 0.212720
4 0.396260 0.532450 0.191039 0.011680
3 0.370227 0.517140 0.240636 0.013260
5 0.476812 0.490310 0.048792 0.032200
2 0.418396 0.485100 0.153312 0.036300
1 0.456318 0.458110 0.061078 0.018940
3 0.249383 0.957755 0.163286 0.013670
5 0.316851 0.930660 0.048844 0.031560
2 0.258266 0.925425 0.154403 0.036250
1 0.296526 0.898045 0.060117 0.019470
0 0.187526 0.873860 0.311961 0.217300
4 0.578052 0.973660 0.143766 0.010520
3 0.543325 0.958205 0.212078 0.014690
5 0.635130 0.930145 0.049532 0.031350
2 0.577058 0.925430 0.154299 0.037260
1 0.614721 0.897815 0.060922 0.018190
0 0.527182 0.872050 0.267403 0.215900
4 0.846078 0.974580 0.142623 0.011180
3 0.816279 0.958635 0.202506 0.015470
5 0.874714 0.472830 0.033013 0.016000
5 0.754578 0.472720 0.030740 0.017100
4 0.259286 0.974065 0.144156 0.011570
