1 0.927986 0.446685 0.061516 0.018450
3 0.896198 0.729770 0.125609 0.013240
5 0.945311 0.701625 0.047979 0.031710
2 0.886619 0.696655 0.155596 0.037490
1 0.925188 0.669035 0.060531 0.018110
0 0.821600 0.645650 0.299495 0.211080
4 0.875486 0.523015 0.175479 0.010370
3 0.876308 0.506350 0.172358 0.016880
2 0.890369 0.474365 0.154754 0.036530
0 0.746315 0.422290 0.448666 0.216000
4 0.901554 0.299970 0.111865 0.010740
3 0.890479 0.284845 0.132876 0.015130
5 0.943698 0.257170 0.050868 0.031420
2 0.884553 0.251725 0.155453 0.037450
1 0.922727 0.224090 0.061127 0.018420
0 0.744566 0.198915 0.453588 0.217430
0 0.261321 0.422935 0.449689 0.214070
4 0.579903 0.745180 0.121801 0.010000
3 0.582170 0.730175 0.117889 0.015250
5 0.627312 0.702030 0.050091 0.032100
2 0.568880 0.697030 0.154003 0.036820
1 0.606703 0.669545 0.059961 0.018150
0 0.508789 0.644830 0.305920 0.217620
4 0.383705 0.522220 0.176606 0.011400
3 0.416703 0.506475 0.109028 0.013150
5 0.457448 0.479735 0.049689 0.031130
2 0.398951 0.474255 0.155311 0.036830
1 0.436852 0.446850 0.061010 0.019300
1 0.294100 0.878695 0.076049 0.022730
3 0.276930 0.954260 0.118238 0.017800
4 0.219773 0.973385 0.235505 0.014390
0 0.508646 0.870205 0.305920 0.224170
1 0.614016 0.899855 0.062228 0.018850
2 0.575984 0.927250 0.155311 0.037260
3 0.611056 0.960145 0.074391 0.014450
4 0.573433 0.975815 0.149067 0.011210
0 0.262915 0.199370 0.449352 0.219260
0 0.801690 0.872555 0.259339 0.224710
1 0.852798 0.899395 0.061321 0.018850
2 0.815039 0.927120 0.155026 0.037480
3 0.836755 0.958685 0.101930 0.016430
4 0.822131 0.975785 0.131749 0.009430
0 0.171833 0.767750 0.342889 0.464500
2 0.245285 0.912975 0.194301 0.046590
1 0.436075 0.224340 0.062228 0.017900
4 0.899054 0.745145 0.120674 0.008670
4 0.343225 0.299555 0.257927 0.013150
3 0.386528 0.283460 0.170363 0.015520
2 0.399132 0.251760 0.154689 0.036820
