0 0.208040 0.771425 0.302539 0.299110
5 0.311133 0.868005 0.047266 0.030770
2 0.560814 0.862850 0.154466 0.035780
2 0.252565 0.862875 0.154115 0.036830
0 0.530527 0.772905 0.232148 0.293750
0 0.819531 0.786100 0.271615 0.267840
4 0.238145 0.911385 0.175013 0.009470
3 0.224824 0.895495 0.200716 0.013150
5 0.619720 0.868770 0.048294 0.032880
1 0.291784 0.835525 0.061302 0.018410
4 0.559922 0.911645 0.149323 0.010530
3 0.543008 0.894940 0.179818 0.013680
3 0.822383 0.895415 0.236667 0.014730
5 0.927526 0.867930 0.048984 0.031300
2 0.868789 0.862665 0.154115 0.037090
1 0.906810 0.835180 0.060964 0.017360
1 0.598659 0.835760 0.060964 0.019460
4 0.817656 0.910990 0.247630 0.010260
