5 0.940104 0.927153 0.047771 0.031568
2 0.881499 0.922453 0.155176 0.036553
1 0.919335 0.894930 0.061512 0.019510
0 0.728207 0.879481 0.483481 0.202897
4 0.292373 0.970470 0.256636 0.012308
3 0.277751 0.954685 0.290000 0.013566
0 0.270241 0.891134 0.321812 0.174236
4 0.889452 0.753871 0.153246 0.011998
3 0.867823 0.736673 0.193194 0.014206
5 0.941147 0.709840 0.049857 0.031888
2 0.881206 0.704316 0.154068 0.036623
1 0.919928 0.677488 0.060143 0.019570
0 0.792197 0.659316 0.350417 0.204246
4 0.773162 0.970559 0.384759 0.012627
3 0.757216 0.954421 0.414824 0.014835
0 0.815665 0.231214 0.296258 0.179171
2 0.346956 0.922333 0.154068 0.036613
5 0.405456 0.927697 0.047784 0.030939
1 0.384654 0.895185 0.063025 0.018941
3 0.514283 0.294505 0.277718 0.015784
5 0.627875 0.268422 0.048866 0.031788
2 0.568618 0.263087 0.153768 0.037083
1 0.606258 0.236019 0.060939 0.018851
0 0.495052 0.240240 0.326741 0.161998
4 0.715880 0.531853 0.226284 0.012058
3 0.688325 0.515055 0.279778 0.015524
5 0.803651 0.489675 0.048344 0.031998
2 0.744713 0.484261 0.153625 0.036613
1 0.782790 0.456883 0.061799 0.017982
4 0.544746 0.311204 0.216558 0.012717
0 0.175293 0.235490 0.291134 0.166903
4 0.211760 0.311094 0.213116 0.010519
3 0.179752 0.294366 0.276010 0.017103
2 0.235020 0.263332 0.154811 0.036833
1 0.272784 0.235974 0.061447 0.018941
5 0.292223 0.268022 0.047914 0.030330
4 0.348338 0.752268 0.250600 0.011049
3 0.323149 0.736149 0.300717 0.015754
5 0.449159 0.710050 0.048409 0.031309
2 0.390287 0.704655 0.154472 0.035245
1 0.428605 0.677707 0.061512 0.018412
0 0.270469 0.662952 0.411447 0.194715
0 0.472353 0.465430 0.717536 0.151638
4 0.833025 0.311184 0.237549 0.011798
3 0.811056 0.294765 0.280130 0.015784
0 0.937314 0.268327 0.049439 0.031299
0 0.878957 0.263067 0.153794 0.036563
0 0.917229 0.235709 0.061447 0.018152
