0 0.745757 0.292260 0.309739 0.217620
1 0.852017 0.318410 0.060979 0.018300
5 0.914282 0.604100 0.049452 0.030940
2 0.855973 0.598890 0.154530 0.036300
1 0.893681 0.571905 0.060157 0.017670
0 0.792324 0.546380 0.299060 0.216000
4 0.347317 0.646905 0.235287 0.010730
3 0.326097 0.630300 0.279791 0.018300
5 0.439654 0.604090 0.049230 0.031780
2 0.813903 0.345395 0.155352 0.036930
5 0.872826 0.351250 0.048211 0.030960
3 0.749210 0.377590 0.296279 0.016100
4 0.776867 0.393485 0.243812 0.011310
0 0.314178 0.292475 0.309739 0.221990
1 0.418505 0.318415 0.060091 0.018410
2 0.380568 0.345935 0.153695 0.036610
5 0.439909 0.350985 0.049034 0.031570
3 0.314347 0.377940 0.304517 0.016420
4 0.320901 0.393690 0.288042 0.012620
0 0.325646 0.532200 0.284530 0.246100
1 0.419197 0.571645 0.060953 0.018630
2 0.380992 0.599025 0.154804 0.036610
1 0.606005 0.882670 0.061802 0.018560
4 0.190287 0.951155 0.299164 0.026890
3 0.550131 0.943465 0.201253 0.013630
5 0.626580 0.914790 0.048460 0.030300
3 0.826345 0.631430 0.228355 0.016580
2 0.567683 0.909370 0.154269 0.037120
0 0.542846 0.855075 0.220679 0.220950
3 0.200901 0.920090 0.281802 0.031440
5 0.312409 0.884110 0.048211 0.030940
2 0.254099 0.879375 0.153290 0.035990
1 0.292428 0.851910 0.061802 0.018940
0 0.191965 0.830185 0.307689 0.275170
4 0.834210 0.646900 0.211188 0.012360
4 0.570653 0.958045 0.161201 0.010990
