0 0.188952 0.656035 0.306810 0.218610
3 0.505723 0.195840 0.297435 0.033380
4 0.505898 0.150610 0.167891 0.054980
1 0.425202 0.889790 0.061654 0.018940
0 0.292161 0.871330 0.361667 0.202460
4 0.832624 0.756165 0.224674 0.009730
3 0.836217 0.732475 0.218164 0.029690
5 0.928711 0.696145 0.048490 0.031250
2 0.870150 0.691725 0.155768 0.036930
1 0.908783 0.664260 0.061237 0.018620
0 0.828320 0.657760 0.256380 0.210320
4 0.523145 0.754660 0.246185 0.011680
3 0.501361 0.740195 0.287695 0.014790
5 0.632461 0.713345 0.049323 0.031250
2 0.573691 0.707975 0.155352 0.036930
1 0.611504 0.680520 0.060820 0.019260
0 0.507038 0.657820 0.306810 0.209440
4 0.240169 0.756810 0.179609 0.011680
3 0.181602 0.740080 0.284401 0.013580
5 0.314967 0.713410 0.048086 0.033460
2 0.255788 0.708045 0.154128 0.036610
1 0.294831 0.681055 0.061250 0.019250
4 0.743359 0.964980 0.308750 0.011360
3 0.722415 0.948500 0.349701 0.014020
5 0.883424 0.921800 0.048333 0.031820
2 0.825234 0.915930 0.154870 0.036740
1 0.862956 0.888845 0.063620 0.018930
0 0.726986 0.870750 0.366471 0.207820
4 0.395404 0.965230 0.131927 0.011360
3 0.352656 0.948345 0.213307 0.015470
5 0.445951 0.921670 0.048906 0.030300
2 0.387793 0.916780 0.153711 0.036300
0 0.498945 0.318220 0.936224 0.436380
1 0.725065 0.468955 0.061641 0.019290
2 0.687135 0.496855 0.155260 0.037930
5 0.746784 0.502485 0.050182 0.032330
