1 0.222818 0.679495 0.060494 0.018450
2 0.419409 0.708720 0.154870 0.036580
1 0.457578 0.681320 0.061208 0.018260
0 0.391825 0.675120 0.228455 0.182760
4 0.160325 0.754500 0.194442 0.012280
3 0.149494 0.738390 0.216364 0.016580
5 0.243812 0.712280 0.048870 0.031780
2 0.184273 0.706525 0.155143 0.036710
0 0.154227 0.656555 0.233753 0.211630
4 0.865149 0.536990 0.172506 0.011840
3 0.829188 0.521220 0.246299 0.013680
5 0.937143 0.494650 0.046805 0.031560
2 0.878558 0.488730 0.155091 0.036560
1 0.916994 0.461505 0.061831 0.018410
0 0.827506 0.434940 0.270312 0.219920
4 0.567409 0.537800 0.165104 0.011180
3 0.581214 0.522020 0.135779 0.014240
5 0.635870 0.494180 0.048104 0.031340
1 0.615006 0.461410 0.062636 0.019020
2 0.576890 0.488765 0.155156 0.037050
0 0.531786 0.445800 0.266065 0.198980
5 0.313779 0.272940 0.045662 0.030140
2 0.254714 0.268525 0.154000 0.036690
1 0.292766 0.241045 0.060104 0.018570
0 0.226481 0.221570 0.226675 0.206720
1 0.610688 0.241165 0.061688 0.018630
0 0.232825 0.440300 0.221857 0.210760
4 0.812162 0.317160 0.292688 0.010600
3 0.811922 0.300505 0.292208 0.017410
5 0.943760 0.274065 0.047545 0.031250
2 0.885968 0.268220 0.153312 0.037240
1 0.923877 0.241235 0.061078 0.018630
0 0.817844 0.221150 0.304260 0.204500
4 0.593299 0.317025 0.103792 0.011870
3 0.571552 0.300660 0.147675 0.013240
5 0.631649 0.273260 0.049221 0.029680
2 0.574039 0.268200 0.153481 0.038000
0 0.516909 0.217370 0.282208 0.217300
4 0.239123 0.538090 0.178766 0.010300
3 0.228182 0.522495 0.199740 0.014430
5 0.315487 0.495000 0.048870 0.031780
2 0.256058 0.489760 0.154429 0.037080
1 0.294091 0.462245 0.060104 0.018570
2 0.884734 0.709190 0.154584 0.037260
0 0.857558 0.656670 0.223143 0.220900
4 0.643442 0.750010 0.164831 0.026300
3 0.630351 0.718335 0.191013 0.028270
5 0.712364 0.683160 0.049117 0.031600
2 0.653065 0.677890 0.154571 0.036820
1 0.691500 0.650825 0.060636 0.019070
0 0.628474 0.656830 0.223130 0.219820
4 0.399299 0.757600 0.187169 0.011000
3 0.386097 0.741485 0.211234 0.014030
5 0.478584 0.714540 0.049532 0.032000
4 0.267994 0.317170 0.120584 0.010960
3 0.237156 0.300535 0.179896 0.013390
1 0.922565 0.681485 0.061208 0.018630
4 0.830214 0.975365 0.264403 0.011050
3 0.811013 0.959735 0.302805 0.015150
5 0.947857 0.932275 0.048779 0.030930
2 0.889448 0.926755 0.154143 0.036930
1 0.926753 0.900240 0.062312 0.018620
0 0.816688 0.884630 0.314675 0.201140
4 0.571851 0.968085 0.151494 0.026970
3 0.556929 0.937620 0.182481 0.032220
5 0.633506 0.901215 0.048390 0.030690
2 0.574182 0.895840 0.154286 0.036160
1 0.612474 0.868555 0.061208 0.019290
0 0.514786 0.881710 0.288169 0.210760
4 0.234234 0.977600 0.197610 0.011320
3 0.232286 0.962095 0.200701 0.014430
5 0.318818 0.934400 0.049818 0.032420
2 0.260214 0.928085 0.154065 0.036830
1 0.297792 0.901650 0.062519 0.018680
0 0.200273 0.881005 0.289013 0.209990
4 0.863000 0.757950 0.188364 0.011140
3 0.854558 0.740465 0.203299 0.016070
5 0.943149 0.714050 0.049234 0.030900
