0 0.822378 0.307240 0.265683 0.356720
2 0.870528 0.427415 0.155361 0.037630
5 0.928686 0.433460 0.048299 0.032660
1 0.297687 0.384175 0.061688 0.018410
1 0.907719 0.400290 0.061211 0.018080
2 0.259555 0.411795 0.153544 0.036830
3 0.190406 0.451775 0.284394 0.032090
4 0.195155 0.475580 0.276263 0.010780
0 0.511643 0.356460 0.297745 0.253300
1 0.613170 0.384705 0.061907 0.018630
5 0.318537 0.417580 0.048466 0.032100
0 0.536695 0.873595 0.527332 0.206570
4 0.641656 0.755755 0.140760 0.011870
3 0.640264 0.740085 0.142178 0.014610
5 0.697365 0.712830 0.048492 0.031780
2 0.639227 0.707440 0.153943 0.037080
1 0.676869 0.679935 0.061005 0.018870
0 0.383866 0.656035 0.683196 0.215990
4 0.851005 0.476210 0.183325 0.011180
3 0.858634 0.460315 0.162423 0.014910
0 0.194929 0.339110 0.300271 0.289300
4 0.512236 0.476075 0.270606 0.011170
3 0.507210 0.450935 0.284394 0.031830
5 0.633093 0.417815 0.049149 0.031830
2 0.574794 0.412030 0.154227 0.037080
1 0.753331 0.893685 0.059291 0.018450
2 0.714865 0.920700 0.154420 0.035620
5 0.773099 0.926130 0.048260 0.031420
3 0.687197 0.953855 0.202204 0.014610
4 0.702262 0.969745 0.172075 0.011690
