4 0.572892 0.757055 0.118054 0.011050
4 0.819040 0.985025 0.173307 0.012850
3 0.796355 0.965295 0.218003 0.021790
5 0.889663 0.933055 0.058677 0.038930
2 0.818359 0.925690 0.185590 0.043660
1 0.864423 0.893075 0.074371 0.022090
0 0.637464 0.882235 0.568444 0.226990
4 0.223236 0.985690 0.192412 0.011040
3 0.246433 0.969250 0.143969 0.017100
5 0.303249 0.942485 0.048340 0.032130
2 0.245058 0.937140 0.154708 0.037080
1 0.283048 0.909620 0.060804 0.018260
0 0.191764 0.881460 0.275901 0.222720
4 0.897419 0.757670 0.113489 0.010780
3 0.891498 0.741130 0.125798 0.016060
5 0.939125 0.713830 0.049040 0.031240
2 0.881310 0.708080 0.154942 0.036720
1 0.918275 0.680385 0.062542 0.018450
0 0.841375 0.655250 0.254682 0.219920
3 0.565045 0.739830 0.130999 0.017620
5 0.616051 0.713790 0.048106 0.031300
0 0.495869 0.651975 0.302218 0.223850
4 0.264001 0.757000 0.110882 0.010520
3 0.247938 0.739905 0.141868 0.014910
5 0.304520 0.713600 0.046913 0.031560
2 0.245097 0.708010 0.154942 0.037480
1 0.282795 0.680370 0.060843 0.018200
0 0.180558 0.652740 0.297821 0.221440
4 0.893489 0.532575 0.122957 0.010590
3 0.917185 0.516590 0.074630 0.013700
5 0.939760 0.489565 0.047406 0.031510
2 0.881680 0.484205 0.153865 0.036830
1 0.918119 0.456430 0.061064 0.018420
0 0.811881 0.429875 0.304903 0.221990
4 0.516440 0.532225 0.239909 0.009470
3 0.502309 0.516605 0.268975 0.014830
2 0.563106 0.484405 0.155577 0.036930
1 0.600979 0.456630 0.060999 0.018620
0 0.492542 0.431295 0.302075 0.213810
4 0.222179 0.532310 0.203761 0.009820
3 0.206654 0.516060 0.234267 0.015560
2 0.250934 0.484180 0.155227 0.037880
1 0.288975 0.456430 0.061401 0.018680
0 0.182114 0.431455 0.299948 0.217090
4 0.852678 0.310340 0.202996 0.010520
3 0.868956 0.293400 0.167173 0.016840
5 0.939410 0.267750 0.050156 0.031300
2 0.880739 0.261810 0.155512 0.037700
1 0.918489 0.234215 0.061803 0.018270
0 0.736621 0.207880 0.460117 0.219260
4 0.392328 0.310095 0.150259 0.010510
3 0.397996 0.294660 0.133268 0.014620
5 0.450960 0.267435 0.049053 0.032090
2 0.391647 0.262215 0.154708 0.037030
1 0.430837 0.234240 0.061154 0.017720
2 0.557711 0.708265 0.154540 0.037610
1 0.595824 0.680585 0.061608 0.018630
0 0.257315 0.207390 0.451336 0.217620
