1 0.294521 0.903585 0.061255 0.018390
0 0.222781 0.886185 0.239897 0.203990
0 0.826016 0.667030 0.286908 0.195040
0 0.523726 0.670195 0.267426 0.197450
0 0.826313 0.877820 0.272833 0.220900
0 0.195026 0.664740 0.283997 0.204080
4 0.852969 0.980085 0.195433 0.011510
2 0.256442 0.930560 0.153868 0.036560
2 0.575589 0.931460 0.154825 0.037040
2 0.876766 0.931175 0.155110 0.036830
1 0.915045 0.903885 0.061527 0.018630
3 0.827678 0.963600 0.248680 0.016440
5 0.936171 0.936105 0.048771 0.030470
0 0.533532 0.229150 0.252316 0.191120
4 0.237600 0.316390 0.186300 0.012280
4 0.549101 0.980230 0.200763 0.012060
5 0.314942 0.935820 0.047633 0.032360
3 0.531869 0.964015 0.234114 0.015250
5 0.634450 0.936285 0.048771 0.030690
3 0.216934 0.963820 0.223907 0.014700
4 0.228338 0.979875 0.201798 0.013150
0 0.534657 0.882915 0.265304 0.209450
1 0.613726 0.903735 0.060957 0.018410
5 0.939327 0.493705 0.049004 0.031570
5 0.631572 0.716840 0.048991 0.031040
2 0.880420 0.489205 0.154140 0.037870
5 0.941843 0.715155 0.048991 0.032090
3 0.821313 0.741870 0.272354 0.017940
3 0.519386 0.744970 0.252768 0.014520
2 0.883040 0.710605 0.154825 0.036830
4 0.552665 0.761390 0.191100 0.011360
1 0.612652 0.240480 0.060906 0.018940
0 0.201261 0.219935 0.281539 0.209990
4 0.847270 0.758730 0.219198 0.009640
1 0.921320 0.682590 0.060569 0.018680
4 0.220783 0.758165 0.213700 0.012890
3 0.191177 0.741200 0.272911 0.017360
5 0.312367 0.714925 0.047270 0.030690
2 0.253907 0.709775 0.154541 0.036530
1 0.291811 0.682560 0.061242 0.018640
4 0.884030 0.536710 0.139858 0.011840
3 0.867865 0.521325 0.170815 0.016310
2 0.573558 0.711840 0.154153 0.036820
1 0.612005 0.684615 0.060906 0.018670
2 0.578493 0.489180 0.153467 0.037620
2 0.574373 0.268225 0.155162 0.037090
1 0.918965 0.461480 0.060026 0.018080
0 0.834968 0.447765 0.269263 0.209450
4 0.563790 0.537735 0.174230 0.012890
3 0.540382 0.521540 0.224929 0.017080
5 0.637186 0.494700 0.048318 0.031300
1 0.615226 0.461680 0.063596 0.018960
0 0.523609 0.439200 0.277542 0.215900
4 0.223506 0.537080 0.221190 0.012100
3 0.211966 0.512455 0.241604 0.029990
5 0.318448 0.477235 0.049004 0.030770
2 0.260116 0.472450 0.154825 0.037080
1 0.298234 0.444700 0.060918 0.019460
0 0.211352 0.445475 0.270103 0.202250
4 0.856332 0.316470 0.197710 0.012100
3 0.847652 0.300685 0.212329 0.016830
5 0.939360 0.272675 0.048655 0.031830
2 0.880660 0.267280 0.155162 0.036820
1 0.919114 0.240315 0.059884 0.018150
0 0.838072 0.220485 0.255420 0.207810
4 0.551197 0.317310 0.193286 0.011320
3 0.532180 0.300315 0.232070 0.016050
5 0.633241 0.273235 0.048318 0.031330
3 0.215058 0.300495 0.233092 0.019950
5 0.316656 0.273580 0.048215 0.032000
2 0.257736 0.267840 0.154541 0.037480
1 0.296151 0.240480 0.060401 0.017980
