2 0.248234 0.474405 0.154130 0.036930
4 0.595708 0.301790 0.084039 0.009740
3 0.588877 0.285510 0.092922 0.013420
2 0.563078 0.253155 0.154753 0.037090
1 0.286344 0.225970 0.061156 0.018660
3 0.492909 0.507985 0.288753 0.015150
2 0.563260 0.475030 0.154961 0.037880
1 0.600890 0.447000 0.061000 0.018940
4 0.286071 0.523295 0.070922 0.009150
3 0.262578 0.507230 0.115597 0.014200
1 0.285740 0.446940 0.061896 0.018000
2 0.247916 0.253600 0.154403 0.036560
3 0.232201 0.285955 0.176948 0.013410
4 0.233091 0.301660 0.177299 0.010520
1 0.600773 0.225750 0.060922 0.017320
0 0.809740 0.310070 0.312130 0.440060
0 0.491409 0.421580 0.301935 0.213640
0 0.181143 0.428290 0.291844 0.201260
0 0.496935 0.198395 0.289870 0.218610
1 0.286364 0.669315 0.060260 0.017990
4 0.506000 0.522945 0.264156 0.009470
4 0.187481 0.746150 0.267273 0.012300
2 0.885221 0.474870 0.154753 0.036560
0 0.180084 0.198660 0.292558 0.218720
4 0.787987 0.974160 0.254156 0.014520
3 0.802136 0.955855 0.226688 0.018310
5 0.897468 0.921925 0.059091 0.038190
2 0.826935 0.915765 0.186104 0.044190
1 0.873461 0.882780 0.075026 0.021780
4 0.589474 0.974030 0.099364 0.012880
3 0.522825 0.956420 0.228740 0.017800
2 0.563409 0.925170 0.155442 0.036360
1 0.601032 0.898090 0.061494 0.019320
4 0.499552 0.745460 0.276974 0.012000
3 0.492896 0.728990 0.285481 0.016360
2 0.563019 0.696810 0.155130 0.034900
1 0.600922 0.669270 0.060909 0.018000
3 0.196234 0.729570 0.247221 0.014520
2 0.247740 0.696745 0.154961 0.036610
0 0.811461 0.760830 0.309675 0.457120
0 0.348273 0.873830 0.594883 0.219420
0 0.493110 0.644775 0.297519 0.217310
0 0.178312 0.643465 0.297506 0.221450
1 0.923513 0.447305 0.061831 0.018410
4 0.828760 0.523265 0.261987 0.011370
3 0.815636 0.506530 0.287403 0.014520
