1 0.413773 0.666035 0.061208 0.019290
4 0.827487 0.746325 0.190273 0.012890
3 0.819831 0.730130 0.205247 0.015560
5 0.908656 0.702295 0.048844 0.030250
2 0.849552 0.696900 0.154065 0.037360
1 0.887604 0.669515 0.061831 0.018150
0 0.794117 0.655780 0.280987 0.197720
4 0.387351 0.741330 0.143766 0.011180
3 0.384935 0.726315 0.149740 0.014030
5 0.434182 0.697705 0.048961 0.029150
2 0.375026 0.693410 0.153143 0.036380
0 0.331818 0.657540 0.263506 0.181080
1 0.292565 0.236585 0.061442 0.018630
2 0.254377 0.263985 0.154909 0.036530
5 0.313110 0.269040 0.047909 0.031420
3 0.186799 0.296665 0.281494 0.014730
4 0.218455 0.312605 0.217766 0.011870
1 0.604903 0.236165 0.060065 0.017970
1 0.606149 0.467960 0.061078 0.018940
2 0.881942 0.495325 0.155364 0.036930
0 0.816188 0.445750 0.309545 0.216540
4 0.515221 0.543495 0.275065 0.013570
3 0.506500 0.527775 0.289883 0.014830
5 0.626636 0.500000 0.047143 0.031240
2 0.568019 0.495580 0.152091 0.036300
0 0.493526 0.460200 0.324455 0.186540
4 0.238519 0.543685 0.197169 0.011370
3 0.210357 0.527685 0.255312 0.015150
5 0.312000 0.499855 0.048156 0.030250
2 0.254299 0.494360 0.153039 0.036820
1 0.291708 0.467265 0.061831 0.018410
0 0.200623 0.450110 0.278390 0.201260
1 0.920149 0.467705 0.060065 0.018190
4 0.875136 0.312705 0.183104 0.011050
3 0.834149 0.296975 0.262013 0.016570
5 0.940214 0.269095 0.047831 0.030770
2 0.881175 0.264440 0.154870 0.036820
1 0.919149 0.236905 0.061208 0.018410
0 0.815838 0.223480 0.304584 0.192000
4 0.544532 0.312440 0.190208 0.011680
3 0.535390 0.296695 0.207013 0.013890
5 0.624909 0.267990 0.049532 0.030520
2 0.566331 0.263785 0.153727 0.037090
0 0.505260 0.234885 0.290234 0.169690
0 0.191662 0.223905 0.295636 0.196210
4 0.828825 0.544285 0.275883 0.013890
3 0.820864 0.527370 0.291468 0.015780
5 0.939948 0.499590 0.049195 0.029680
