0 0.627305 0.841185 0.229770 0.201270
0 0.864405 0.849640 0.218822 0.189080
1 0.595909 0.653185 0.060346 0.018270
5 0.276997 0.684435 0.047977 0.030670
2 0.217900 0.679250 0.154085 0.037040
1 0.255935 0.651415 0.060627 0.018630
0 0.169520 0.647830 0.270973 0.176720
4 0.905557 0.936865 0.113239 0.010350
3 0.878611 0.920935 0.163726 0.015710
5 0.947023 0.892990 0.048873 0.031780
2 0.888201 0.887605 0.155301 0.037450
1 0.925743 0.860000 0.061985 0.018820
4 0.644366 0.935210 0.172983 0.011680
3 0.637618 0.918485 0.188732 0.014830
5 0.716428 0.890865 0.048912 0.031570
2 0.658630 0.886285 0.153982 0.036930
1 0.696223 0.858665 0.061844 0.019570
4 0.394802 0.938370 0.208937 0.011680
3 0.400544 0.922460 0.193995 0.016100
5 0.482586 0.894840 0.048502 0.031560
2 0.424181 0.889475 0.154789 0.037870
1 0.462983 0.861225 0.060230 0.019250
4 0.187196 0.728265 0.210730 0.011330
0 0.513649 0.638360 0.267503 0.199500
3 0.180602 0.713000 0.222689 0.016100
0 0.841626 0.635970 0.266428 0.201140
3 0.537695 0.713030 0.186914 0.015340
2 0.557900 0.680365 0.153803 0.036390
5 0.616280 0.685960 0.048284 0.031340
0 0.398528 0.844415 0.219411 0.204090
4 0.157964 0.938370 0.208143 0.013580
3 0.159417 0.922395 0.207337 0.015150
5 0.246921 0.894935 0.047695 0.031570
2 0.188924 0.889415 0.154802 0.036930
1 0.226511 0.861790 0.061037 0.018940
0 0.157586 0.845780 0.228720 0.201360
4 0.869283 0.730065 0.188937 0.011310
3 0.857996 0.713105 0.208822 0.014730
5 0.949270 0.685485 0.048502 0.030510
2 0.890775 0.680435 0.156274 0.037350
1 0.928758 0.652710 0.060615 0.018940
4 0.561434 0.730130 0.140896 0.010740
