2 0.327348 0.485940 0.154669 0.036160
1 0.365130 0.458565 0.060843 0.018850
4 0.784137 0.316075 0.208794 0.009470
3 0.796550 0.299345 0.180130 0.016730
5 0.871881 0.272675 0.046667 0.030930
2 0.812516 0.267305 0.154760 0.035990
1 0.850590 0.240160 0.061414 0.018300
4 0.388463 0.315915 0.191193 0.012310
3 0.380311 0.298300 0.207160 0.016100
5 0.467108 0.272420 0.047497 0.029980
2 0.408761 0.267685 0.155162 0.036290
1 0.447250 0.240225 0.060182 0.018630
3 0.693911 0.519005 0.287406 0.016410
2 0.761258 0.486020 0.155979 0.037560
1 0.799533 0.458240 0.062231 0.019260
4 0.309034 0.534970 0.187095 0.011680
3 0.306414 0.518340 0.187095 0.016100
5 0.385026 0.490720 0.047899 0.029040
4 0.687114 0.534815 0.301310 0.012630
5 0.820006 0.490435 0.049118 0.031250
0 0.318865 0.222605 0.348911 0.201590
0 0.730590 0.217700 0.333632 0.210100
2 0.833132 0.902570 0.154202 0.036300
1 0.871362 0.875310 0.062075 0.018640
0 0.745960 0.829615 0.365720 0.275690
4 0.392451 0.950705 0.140208 0.012370
3 0.396479 0.935740 0.128625 0.013940
5 0.447153 0.907915 0.048573 0.030870
2 0.388281 0.902785 0.153995 0.036530
1 0.425713 0.875295 0.060661 0.018450
0 0.281511 0.829355 0.391349 0.264430
0 0.689423 0.436505 0.313761 0.212070
0 0.289572 0.434020 0.241089 0.214680
4 0.845590 0.950710 0.123165 0.012100
3 0.847121 0.935585 0.117354 0.012890
5 0.892497 0.907170 0.047069 0.029200
