4 0.404258 0.755665 0.162005 0.009990
0 0.207012 0.878505 0.274023 0.209530
0 0.676634 0.655465 0.257096 0.215990
0 0.307682 0.654645 0.378542 0.215450
0 0.749076 0.437835 0.367891 0.209450
5 0.471478 0.713250 0.047669 0.031340
2 0.412559 0.708315 0.153268 0.035730
3 0.402259 0.521560 0.180378 0.014460
5 0.476126 0.494135 0.048242 0.031350
2 0.417331 0.488655 0.155547 0.036610
1 0.455007 0.461145 0.061940 0.018410
0 0.348659 0.437290 0.306797 0.212060
4 0.509368 0.313075 0.155352 0.010410
3 0.499961 0.297385 0.175911 0.015150
5 0.570859 0.270715 0.048906 0.031250
2 0.513001 0.265535 0.152982 0.036390
1 0.550788 0.238025 0.060794 0.018850
0 0.388288 0.215575 0.416185 0.207810
4 0.792546 0.973380 0.208581 0.011840
3 0.792376 0.958120 0.208242 0.015520
5 0.880911 0.932345 0.051042 0.033410
2 0.820807 0.925380 0.155495 0.036300
1 0.859674 0.898545 0.060625 0.018410
4 0.549987 0.973325 0.202760 0.011310
3 0.549232 0.957910 0.205156 0.015520
5 0.634863 0.931215 0.047617 0.031570
2 0.576810 0.925430 0.155495 0.036820
1 0.614043 0.898100 0.062331 0.018680
4 0.226849 0.975565 0.209948 0.011570
3 0.228594 0.959255 0.207552 0.014470
5 0.316784 0.932160 0.049661 0.029720
2 0.257018 0.926900 0.154818 0.036560
1 0.295059 0.899650 0.060247 0.018720
4 0.721354 0.756390 0.141276 0.010960
3 0.712454 0.740085 0.156029 0.015530
5 0.777962 0.713190 0.048997 0.031600
2 0.718737 0.707715 0.153646 0.036350
1 0.756875 0.680600 0.060260 0.018420
3 0.400977 0.740700 0.171250 0.015520
2 0.845228 0.488570 0.153555 0.036600
0 0.518763 0.876345 0.283281 0.207350
0 0.788418 0.876805 0.242044 0.208790
4 0.404785 0.536460 0.170299 0.011680
5 0.905365 0.494200 0.051719 0.032620
1 0.883242 0.461345 0.060234 0.018410
3 0.840293 0.520115 0.158581 0.014990
1 0.450241 0.681025 0.060794 0.018850
4 0.835638 0.536290 0.167135 0.010520
