5 0.533179 0.315140 0.048237 0.031340
0 0.834813 0.558725 0.240772 0.243950
4 0.565444 0.674680 0.120618 0.008840
3 0.571924 0.658735 0.106834 0.012310
4 0.232342 0.674515 0.187876 0.011310
2 0.867336 0.626070 0.154363 0.035980
2 0.242021 0.625460 0.154878 0.037700
1 0.280328 0.597445 0.061789 0.017970
0 0.197593 0.559425 0.261493 0.246810
4 0.847349 0.358845 0.145019 0.009790
3 0.857304 0.342650 0.122278 0.016100
5 0.892239 0.315510 0.048340 0.031880
2 0.833945 0.310295 0.154376 0.036610
1 0.872947 0.282680 0.061750 0.018620
0 0.804273 0.254295 0.234466 0.221990
4 0.452046 0.359245 0.212149 0.009430
3 0.475064 0.342540 0.165598 0.015560
2 0.474530 0.310535 0.154929 0.036170
1 0.513295 0.282915 0.060927 0.019510
0 0.350097 0.255990 0.420347 0.223840
4 0.865483 0.949760 0.183655 0.011620
3 0.861660 0.932875 0.186409 0.014410
5 0.928816 0.905450 0.047954 0.031420
2 0.870978 0.900550 0.154595 0.037700
1 0.908810 0.872300 0.060373 0.018200
4 0.521789 0.948470 0.193977 0.011580
3 0.532819 0.932900 0.169266 0.015520
5 0.592400 0.905540 0.048069 0.031300
2 0.533835 0.900545 0.154363 0.036570
1 0.572593 0.872925 0.061274 0.018670
4 0.219775 0.948650 0.131184 0.011140
3 0.196538 0.932270 0.175753 0.016220
5 0.259736 0.904870 0.048250 0.031560
2 0.202188 0.900270 0.154878 0.037700
1 0.239479 0.872605 0.061789 0.018630
4 0.844575 0.674255 0.215302 0.009730
3 0.838108 0.657890 0.230193 0.013420
5 0.925450 0.630670 0.048739 0.029460
5 0.299994 0.630285 0.047400 0.030690
1 0.590611 0.598135 0.062973 0.019250
3 0.198996 0.658470 0.254569 0.015000
0 0.517728 0.557395 0.238391 0.246750
0 0.181506 0.836460 0.211763 0.239080
5 0.611326 0.630645 0.048340 0.029990
2 0.553031 0.625755 0.154376 0.036610
0 0.803713 0.836550 0.311673 0.240860
0 0.495405 0.840915 0.251300 0.230170
1 0.905322 0.597975 0.062149 0.019570
