5 0.239393 0.948080 0.047907 0.031040
2 0.180769 0.942950 0.155646 0.036560
1 0.218320 0.915590 0.062196 0.018680
4 0.580252 0.759085 0.167610 0.012310
1 0.913353 0.684575 0.061176 0.019070
3 0.149167 0.976090 0.231098 0.013940
4 0.150491 0.991345 0.230413 0.011050
0 0.850497 0.647830 0.231382 0.238180
0 0.858669 0.884110 0.238320 0.228020
3 0.579283 0.743915 0.169651 0.013610
5 0.648198 0.716300 0.048928 0.029700
2 0.590084 0.711705 0.155388 0.036930
1 0.628624 0.683930 0.061176 0.018620
5 0.917293 0.915990 0.117455 0.042020
5 0.798624 0.916010 0.115000 0.039780
1 0.461615 0.899620 0.060155 0.018940
2 0.423553 0.927110 0.153953 0.036040
5 0.481499 0.931715 0.047571 0.030510
3 0.398068 0.968935 0.198127 0.029190
4 0.385491 0.990820 0.225323 0.010520
2 0.875065 0.711550 0.153411 0.037080
5 0.934677 0.716820 0.049173 0.031360
3 0.871686 0.744535 0.153010 0.016590
4 0.872842 0.759455 0.152429 0.011110
2 0.917267 0.942720 0.116395 0.041040
2 0.235413 0.711290 0.153953 0.036560
5 0.294716 0.716945 0.048941 0.031570
3 0.211460 0.744050 0.194393 0.014700
4 0.204696 0.759480 0.209677 0.010780
4 0.936893 0.991275 0.078669 0.011530
3 0.949683 0.976825 0.053398 0.013630
1 0.833178 0.930200 0.044134 0.013700
0 0.148501 0.885370 0.236770 0.225260
0 0.578928 0.648375 0.188579 0.236290
0 0.202196 0.647065 0.238475 0.237590
1 0.952888 0.929560 0.036783 0.011880
2 0.798372 0.942490 0.114703 0.041780
4 0.620426 0.991395 0.213695 0.012310
3 0.626253 0.975205 0.200646 0.014830
5 0.709451 0.946795 0.048928 0.029990
2 0.651751 0.942555 0.154561 0.037290
1 0.690556 0.915230 0.062248 0.018620
1 0.273824 0.683815 0.060155 0.018390
0 0.623818 0.883960 0.224328 0.229540
0 0.388450 0.882365 0.236072 0.230170
