2 0.879778 0.256380 0.154334 0.036400
5 0.939334 0.261670 0.048956 0.030300
3 0.820170 0.287980 0.266527 0.015560
3 0.808003 0.493745 0.287285 0.013250
5 0.937559 0.465905 0.046971 0.029550
2 0.879210 0.461740 0.155757 0.036360
1 0.917037 0.433900 0.062298 0.018560
0 0.814399 0.420010 0.306580 0.193220
4 0.820411 0.304585 0.268995 0.010610
0 0.818433 0.880550 0.296684 0.201820
1 0.309817 0.897240 0.062219 0.018300
0 0.219478 0.878005 0.275561 0.203990
4 0.833466 0.509085 0.236358 0.009090
2 0.271084 0.924070 0.154517 0.035980
1 0.918003 0.229260 0.061540 0.019280
0 0.517474 0.882640 0.270587 0.192540
3 0.237911 0.957370 0.213446 0.016100
4 0.322467 0.305530 0.311514 0.012500
3 0.290326 0.289205 0.377285 0.017050
5 0.464138 0.262350 0.047467 0.032280
2 0.405209 0.256430 0.155274 0.036080
1 0.443538 0.229905 0.060783 0.018150
0 0.292748 0.211155 0.393903 0.204870
4 0.838956 0.972745 0.232898 0.011370
3 0.815176 0.956495 0.278394 0.015150
5 0.940281 0.929530 0.048211 0.029980
2 0.881775 0.924400 0.153838 0.036560
1 0.919856 0.897045 0.061279 0.018630
4 0.522239 0.972460 0.238185 0.010420
3 0.513956 0.957150 0.255065 0.017680
5 0.626658 0.929690 0.048616 0.031560
2 0.567735 0.924170 0.155757 0.036300
1 0.606051 0.897020 0.061815 0.018620
4 0.215862 0.972460 0.260836 0.009780
0 0.822885 0.232390 0.288982 0.161820
5 0.330424 0.930070 0.048211 0.030300
