0 0.329831 0.437020 0.338859 0.216540
0 0.775986 0.213750 0.371401 0.220900
0 0.761012 0.439470 0.365032 0.212720
0 0.199306 0.658740 0.273061 0.210540
0 0.511641 0.659010 0.297834 0.212180
0 0.814604 0.876460 0.295357 0.219080
2 0.575253 0.926750 0.154708 0.037260
0 0.821971 0.658285 0.297121 0.210910
2 0.417010 0.268465 0.153528 0.037090
1 0.455285 0.240985 0.060843 0.018410
0 0.303651 0.213115 0.396874 0.221450
4 0.885739 0.978170 0.131012 0.011140
3 0.864540 0.962745 0.172477 0.013910
5 0.936809 0.934900 0.048042 0.032220
2 0.878813 0.929640 0.153243 0.036600
1 0.916336 0.902240 0.060558 0.018200
4 0.562892 0.975410 0.170117 0.011700
3 0.543755 0.959255 0.207432 0.015250
5 0.634086 0.931570 0.048093 0.030680
1 0.613651 0.899725 0.059416 0.017050
4 0.248022 0.978590 0.164890 0.011840
3 0.225843 0.962480 0.209248 0.015560
5 0.316258 0.935515 0.048340 0.031790
2 0.256952 0.929925 0.154942 0.036390
3 0.200480 0.739195 0.247341 0.016050
0 0.515117 0.874640 0.288288 0.214540
0 0.200013 0.876345 0.282983 0.220830
1 0.295331 0.902525 0.061686 0.018850
4 0.833236 0.756450 0.254851 0.010520
3 0.844494 0.731935 0.234721 0.030250
5 0.945143 0.697355 0.047198 0.030250
2 0.887568 0.692095 0.153813 0.036390
1 0.925091 0.664585 0.060558 0.018630
4 0.569287 0.758075 0.161479 0.011390
3 0.572808 0.742600 0.152387 0.015340
5 0.635785 0.714980 0.047471 0.031560
2 0.576654 0.709720 0.154371 0.036820
1 0.615065 0.682345 0.059702 0.018630
4 0.225285 0.756455 0.198898 0.011570
5 0.310337 0.713420 0.047419 0.031300
2 0.251518 0.708420 0.155564 0.036040
1 0.289520 0.681200 0.060389 0.018940
4 0.840435 0.537185 0.182996 0.012310
3 0.833969 0.520675 0.197743 0.015150
5 0.917335 0.494245 0.048340 0.030690
2 0.859617 0.488875 0.153528 0.037050
1 0.897010 0.461585 0.061128 0.018410
4 0.865817 0.316260 0.168547 0.011840
3 0.819423 0.301080 0.262010 0.015780
5 0.936044 0.273790 0.047860 0.031420
2 0.877354 0.268620 0.155175 0.036720
1 0.915383 0.241130 0.061608 0.018640
4 0.402173 0.537475 0.171271 0.011310
3 0.370785 0.522760 0.234721 0.016080
5 0.473307 0.494755 0.047756 0.030770
2 0.415311 0.489365 0.154202 0.036830
1 0.453003 0.462010 0.061751 0.018940
4 0.403541 0.316125 0.173307 0.011050
3 0.378800 0.300815 0.223126 0.014990
5 0.476206 0.273990 0.048781 0.031300
