3 0.209961 0.957020 0.237373 0.015000
5 0.933433 0.931605 0.047542 0.030250
2 0.875462 0.927270 0.155293 0.035780
1 0.912737 0.899910 0.062250 0.018940
4 0.565559 0.974825 0.172809 0.010730
3 0.558414 0.959015 0.186346 0.016410
5 0.636612 0.932180 0.046385 0.030300
2 0.578121 0.927290 0.153511 0.035660
1 0.615949 0.900225 0.061860 0.018630
4 0.214571 0.972175 0.230026 0.010990
3 0.855962 0.958835 0.182666 0.015250
5 0.314629 0.930005 0.047204 0.031310
0 0.200709 0.216140 0.281079 0.214520
2 0.255644 0.924875 0.153550 0.036830
0 0.214363 0.880735 0.251795 0.199630
0 0.720969 0.664875 0.228752 0.197730
0 0.304798 0.659010 0.263849 0.206720
0 0.830904 0.453290 0.277204 0.180900
4 0.857672 0.975405 0.179922 0.011570
0 0.509779 0.218840 0.297893 0.206720
0 0.524733 0.445790 0.266580 0.193180
0 0.834207 0.232095 0.265553 0.185230
0 0.198407 0.435110 0.285137 0.214900
1 0.294857 0.444625 0.061235 0.018150
0 0.829311 0.876640 0.264551 0.215440
0 0.540104 0.881000 0.244109 0.202720
1 0.294109 0.897390 0.060884 0.018680
4 0.726456 0.756180 0.193329 0.010420
3 0.717224 0.740235 0.208518 0.015150
5 0.808557 0.712775 0.048843 0.030930
2 0.750267 0.707410 0.153095 0.035980
1 0.787828 0.680255 0.061274 0.018850
4 0.331762 0.755440 0.188986 0.011400
3 0.352165 0.738980 0.145943 0.017540
5 0.411034 0.712130 0.047607 0.031780
2 0.352770 0.706475 0.153576 0.036830
1 0.390904 0.679355 0.061573 0.018670
4 0.829486 0.536080 0.259831 0.012620
3 0.827471 0.520075 0.263108 0.017990
5 0.944460 0.493250 0.047204 0.031880
2 0.885351 0.488035 0.153927 0.036610
1 0.923791 0.460405 0.060715 0.018410
4 0.524135 0.536025 0.247308 0.011050
3 0.522185 0.520690 0.252770 0.016840
5 0.633355 0.492680 0.046866 0.030780
2 0.575033 0.487545 0.154616 0.035770
1 0.611977 0.460190 0.061560 0.018940
4 0.207230 0.535235 0.247646 0.011050
3 0.203875 0.512350 0.256203 0.029460
5 0.315897 0.477105 0.047893 0.031570
2 0.257555 0.471715 0.153550 0.036030
4 0.830923 0.316860 0.248739 0.011680
3 0.837861 0.300100 0.235202 0.015780
5 0.941300 0.273590 0.048843 0.031560
2 0.881782 0.267905 0.154746 0.036610
1 0.920358 0.240600 0.061157 0.018620
4 0.548758 0.313760 0.194629 0.010520
3 0.551808 0.297565 0.186424 0.017130
5 0.632529 0.271145 0.048908 0.030510
2 0.573186 0.265620 0.153914 0.036300
1 0.612185 0.238400 0.060884 0.018680
4 0.226307 0.308205 0.210975 0.027190
3 0.223557 0.276905 0.215488 0.030930
5 0.316339 0.241205 0.048752 0.029370
2 0.256762 0.235835 0.154772 0.037050
1 0.295228 0.208670 0.061274 0.018080
