4 0.747241 0.973595 0.143263 0.010870
0 0.253460 0.310395 0.429332 0.404590
1 0.385564 0.398800 0.059987 0.018420
1 0.783716 0.898055 0.061769 0.018630
4 0.718775 0.754870 0.144391 0.010540
3 0.709063 0.738735 0.162818 0.016290
5 0.774574 0.712260 0.048257 0.029460
2 0.716625 0.707320 0.154456 0.036300
1 0.754548 0.679960 0.061363 0.018420
4 0.876756 0.518400 0.145623 0.011360
3 0.872870 0.501955 0.153473 0.016730
5 0.933886 0.475760 0.047982 0.029360
2 0.875970 0.471025 0.154718 0.035670
1 0.913617 0.444040 0.061232 0.018940
1 0.693493 0.244665 0.061166 0.019510
0 0.624174 0.217845 0.229345 0.215450
4 0.268630 0.496305 0.308611 0.028410
3 0.259489 0.464710 0.325976 0.031560
5 0.406048 0.430415 0.048270 0.030770
2 0.348342 0.425890 0.153067 0.036300
3 0.736887 0.956800 0.161166 0.015560
5 0.803532 0.930290 0.048558 0.031820
2 0.745498 0.925235 0.154849 0.037050
0 0.584921 0.887280 0.498257 0.190900
0 0.769561 0.436960 0.384312 0.183920
4 0.870347 0.317810 0.159279 0.011040
3 0.855531 0.302785 0.186160 0.014210
5 0.933191 0.276435 0.049292 0.031570
2 0.874928 0.271040 0.154784 0.036040
1 0.912680 0.243945 0.060668 0.018150
0 0.857274 0.234115 0.208021 0.181630
4 0.635740 0.318410 0.186160 0.012500
3 0.619456 0.303405 0.215452 0.015530
5 0.712693 0.276535 0.047457 0.030710
2 0.654974 0.271300 0.154849 0.035520
0 0.564541 0.671830 0.477523 0.184360
