3 0.813887 0.295195 0.123115 0.013610
1 0.799012 0.239510 0.032709 0.010220
1 0.799509 0.271900 0.030746 0.012120
2 0.750661 0.235150 0.149202 0.031060
4 0.813848 0.309445 0.195419 0.010110
2 0.750648 0.266400 0.148181 0.029920
4 0.492075 0.309625 0.172029 0.009850
3 0.491793 0.295240 0.099974 0.015780
1 0.476224 0.271095 0.029332 0.012630
1 0.476224 0.239690 0.029332 0.012940
2 0.427860 0.234640 0.146636 0.030620
2 0.113357 0.266745 0.145275 0.027950
4 0.176420 0.309155 0.133992 0.010090
3 0.176819 0.294515 0.080916 0.014250
0 0.180131 0.649420 0.306387 0.214080
0 0.811355 0.428975 0.312343 0.216810
0 0.492768 0.429655 0.302238 0.213630
0 0.178285 0.428835 0.308403 0.213270
0 0.809751 0.207390 0.304843 0.217620
0 0.491283 0.207390 0.306387 0.217260
2 0.427644 0.266200 0.147853 0.027460
2 0.113069 0.235080 0.147683 0.029920
0 0.179287 0.207615 0.303914 0.218170
1 0.161466 0.270620 0.028403 0.012500
1 0.161466 0.239605 0.028403 0.013150
0 0.811060 0.648735 0.310550 0.213630
0 0.179143 0.874515 0.301558 0.221230
0 0.494555 0.650010 0.305550 0.214900
1 0.286630 0.454565 0.060929 0.018150
3 0.243455 0.960360 0.155628 0.017360
0 0.813318 0.873365 0.309123 0.221990
0 0.495694 0.873860 0.300707 0.219920
5 0.889339 0.234775 0.123940 0.027650
5 0.889097 0.266955 0.123455 0.029130
5 0.566368 0.234415 0.123521 0.029670
5 0.566165 0.265195 0.123115 0.028090
5 0.252618 0.266105 0.123115 0.028410
5 0.252624 0.234385 0.123940 0.030610
4 0.836957 0.976725 0.119777 0.011510
3 0.857225 0.961055 0.080628 0.014470
2 0.823658 0.928940 0.155223 0.036600
1 0.861957 0.901650 0.059097 0.018420
4 0.594699 0.976510 0.084346 0.011040
3 0.576630 0.960205 0.123940 0.018410
2 0.565609 0.928505 0.155615 0.036030
1 0.603482 0.901280 0.059215 0.018940
4 0.229581 0.976220 0.184529 0.010780
2 0.247762 0.928400 0.154581 0.036040
1 0.286322 0.901175 0.061623 0.019470
4 0.892552 0.749140 0.130550 0.008840
3 0.917500 0.734685 0.081387 0.015150
2 0.884038 0.701540 0.154935 0.035980
1 0.921839 0.674710 0.060327 0.018300
4 0.558724 0.750270 0.159751 0.011840
3 0.582134 0.735065 0.111204 0.014470
2 0.564889 0.701850 0.152919 0.035720
1 0.602415 0.674935 0.061113 0.018850
4 0.256466 0.749305 0.129974 0.010090
3 0.284149 0.734665 0.073455 0.014910
2 0.247716 0.701565 0.154935 0.035070
1 0.286302 0.674825 0.060537 0.019290
4 0.893547 0.528465 0.126806 0.012050
3 0.932768 0.511320 0.049359 0.016220
2 0.885713 0.480195 0.151479 0.035070
1 0.922696 0.453760 0.060314 0.018200
4 0.571918 0.529450 0.131976 0.010960
3 0.599378 0.512770 0.076610 0.016220
2 0.564810 0.481425 0.152631 0.035950
1 0.602389 0.454245 0.059673 0.019290
4 0.259110 0.529575 0.122461 0.008330
3 0.282605 0.512745 0.076440 0.016050
2 0.247729 0.481520 0.153207 0.036300
