0 0.192422 0.658515 0.307376 0.218630
0 0.838316 0.439655 0.267624 0.214530
0 0.543107 0.449290 0.233551 0.194180
0 0.508211 0.879640 0.299060 0.209440
0 0.204164 0.884825 0.272010 0.201270
1 0.920333 0.244565 0.061292 0.017910
5 0.633499 0.495170 0.049034 0.030940
3 0.858675 0.304860 0.195157 0.016660
4 0.246671 0.540100 0.163107 0.011840
2 0.254909 0.491705 0.152820 0.035510
1 0.924693 0.465555 0.060431 0.018150
3 0.850007 0.524320 0.220117 0.016040
2 0.259863 0.710945 0.154530 0.036390
4 0.253877 0.758030 0.158303 0.011580
0 0.821162 0.663650 0.298355 0.208360
0 0.541031 0.668740 0.242689 0.196360
1 0.614974 0.244895 0.060809 0.018990
5 0.318805 0.715985 0.048081 0.030690
4 0.840738 0.540235 0.240039 0.010530
2 0.887095 0.492780 0.154191 0.036300
3 0.550881 0.522155 0.193668 0.016730
1 0.612585 0.462690 0.061123 0.019720
5 0.313629 0.496705 0.047728 0.030250
4 0.871299 0.320990 0.168603 0.011840
2 0.882937 0.271645 0.154517 0.036830
3 0.494008 0.303760 0.310287 0.018940
5 0.634706 0.276275 0.046358 0.029730
2 0.577591 0.271910 0.153146 0.035780
0 0.497892 0.225390 0.323982 0.207820
4 0.228812 0.320465 0.200888 0.012370
3 0.206658 0.304365 0.244151 0.014470
5 0.314745 0.277705 0.046645 0.030030
2 0.256364 0.272595 0.153956 0.035950
1 0.294001 0.245850 0.060953 0.017980
0 0.209863 0.234115 0.259178 0.187090
4 0.848309 0.977575 0.187089 0.010730
3 0.826678 0.961950 0.230352 0.015460
5 0.927839 0.934645 0.047794 0.031570
2 0.869328 0.929440 0.154948 0.036300
1 0.907095 0.902195 0.060379 0.019070
4 0.534393 0.977665 0.224582 0.010730
3 0.504648 0.960815 0.284334 0.015150
5 0.631971 0.933980 0.047807 0.030300
2 0.573877 0.929405 0.153290 0.035670
1 0.611351 0.902570 0.059413 0.018680
4 0.247591 0.977190 0.161945 0.011680
3 0.261645 0.961285 0.130209 0.015790
5 0.313172 0.934530 0.048642 0.031560
2 0.254452 0.929205 0.154517 0.036610
1 0.292800 0.902245 0.060666 0.018630
4 0.853466 0.750875 0.209804 0.026750
3 0.842957 0.720670 0.231580 0.031560
5 0.944151 0.684865 0.048642 0.031130
2 0.886260 0.679775 0.153381 0.035730
1 0.924693 0.652855 0.060666 0.019290
4 0.573721 0.758840 0.151958 0.010740
3 0.575946 0.742530 0.146802 0.015560
1 0.298205 0.683875 0.059517 0.019070
3 0.230470 0.743170 0.204308 0.014900
0 0.844543 0.228300 0.244465 0.200000
0 0.813688 0.882640 0.279125 0.203440
1 0.614869 0.683570 0.060940 0.018200
2 0.576952 0.710530 0.154530 0.036600
5 0.635326 0.716120 0.048642 0.030240
0 0.202800 0.448520 0.272363 0.197720
3 0.237226 0.524455 0.179256 0.014730
2 0.575157 0.489915 0.154517 0.035770
4 0.571893 0.538445 0.151227 0.011050
5 0.941234 0.276365 0.047794 0.030250
5 0.945986 0.498045 0.048081 0.031570
4 0.510907 0.320495 0.277324 0.011990
1 0.292859 0.464215 0.061123 0.018410
