0 0.315032 0.652740 0.262091 0.204000
5 0.417019 0.702415 0.046974 0.031170
0 0.278903 0.874185 0.303182 0.201810
0 0.732396 0.643140 0.308558 0.216000
5 0.404013 0.923580 0.047143 0.030580
4 0.801558 0.744720 0.163974 0.010100
1 0.384338 0.890925 0.060260 0.018310
3 0.316955 0.729230 0.254325 0.016660
1 0.396610 0.670095 0.060805 0.018670
3 0.693494 0.952065 0.217974 0.016290
5 0.774903 0.923465 0.049234 0.031050
2 0.716805 0.919270 0.154078 0.036300
1 0.754279 0.891810 0.061156 0.018940
0 0.692578 0.864640 0.230922 0.222000
3 0.311364 0.949955 0.226701 0.015790
3 0.783935 0.728280 0.195948 0.014520
5 0.855669 0.700815 0.047545 0.030930
2 0.798078 0.696080 0.156182 0.036620
1 0.835786 0.668935 0.061078 0.019570
4 0.347766 0.966145 0.157403 0.011050
2 0.345591 0.917760 0.155779 0.036620
4 0.707844 0.967535 0.186519 0.011670
2 0.358526 0.697190 0.154065 0.036560
4 0.340961 0.745670 0.205610 0.010980
