0 0.818290 0.445570 0.302402 0.202700
0 0.514837 0.445995 0.289674 0.197830
0 0.183518 0.454475 0.318995 0.179450
0 0.867095 0.244660 0.213616 0.160000
0 0.635320 0.245295 0.210065 0.159270
0 0.384262 0.218210 0.234034 0.214080
0 0.147918 0.225935 0.232128 0.199090
5 0.947043 0.903210 0.047794 0.030300
2 0.889354 0.898155 0.154112 0.036610
5 0.948146 0.275040 0.049112 0.031040
2 0.889667 0.269700 0.153146 0.036560
0 0.621730 0.905095 0.233198 0.156350
4 0.653414 0.318100 0.149726 0.010260
3 0.673192 0.302555 0.107820 0.013410
5 0.712859 0.275445 0.049112 0.031850
2 0.654824 0.269795 0.154869 0.036270
1 0.692768 0.242715 0.061123 0.017890
4 0.406312 0.308385 0.169125 0.025210
3 0.408662 0.278425 0.161971 0.031790
5 0.475764 0.242255 0.047794 0.030030
2 0.416475 0.237040 0.153943 0.036820
1 0.453819 0.209725 0.060953 0.018410
4 0.143649 0.317705 0.218055 0.009470
3 0.161919 0.301820 0.178225 0.017360
5 0.237461 0.275250 0.048420 0.031560
2 0.179262 0.269860 0.154530 0.036560
1 0.216971 0.242555 0.060574 0.018990
1 0.927167 0.242290 0.060783 0.018940
0 0.392095 0.904185 0.220144 0.152730
0 0.154093 0.892440 0.221031 0.185600
0 0.388943 0.669105 0.225718 0.189810
0 0.152069 0.688945 0.232598 0.150490
2 0.258969 0.488480 0.153708 0.035360
1 0.296462 0.461330 0.060574 0.018940
4 0.893792 0.316915 0.138734 0.009990
3 0.876208 0.302265 0.171005 0.014990
3 0.623114 0.960335 0.205627 0.016730
2 0.653192 0.927355 0.154530 0.036610
1 0.691103 0.899735 0.061397 0.018630
4 0.424373 0.974510 0.134752 0.008840
3 0.441221 0.958350 0.099308 0.017040
5 0.476456 0.932150 0.048629 0.030300
2 0.416704 0.926945 0.154112 0.035670
1 0.455033 0.899635 0.061815 0.019570
4 0.170170 0.975775 0.169112 0.011370
3 0.172839 0.958990 0.157272 0.016840
5 0.237572 0.932295 0.047728 0.030770
2 0.179191 0.927165 0.153499 0.036830
1 0.216795 0.899675 0.060431 0.018670
4 0.894648 0.755930 0.134256 0.010520
3 0.897598 0.741510 0.124308 0.013940
5 0.947050 0.713495 0.047389 0.030510
2 0.888675 0.708370 0.155209 0.036560
1 0.926273 0.681410 0.062154 0.018940
4 0.679197 0.757820 0.100535 0.009160
3 0.683936 0.741880 0.087768 0.013260
5 0.714021 0.714735 0.047389 0.030930
2 0.655477 0.709500 0.154530 0.037080
1 0.693453 0.682200 0.062154 0.019200
4 0.399608 0.755515 0.182950 0.010990
3 0.418296 0.739910 0.143407 0.017420
5 0.474674 0.712830 0.047467 0.029920
2 0.416815 0.708105 0.154282 0.036390
1 0.454393 0.680820 0.061319 0.018180
4 0.176345 0.756465 0.155770 0.010610
3 0.185144 0.742715 0.137467 0.015530
5 0.240287 0.714305 0.047963 0.031430
2 0.181195 0.708245 0.154269 0.036750
1 0.218512 0.681405 0.061462 0.017890
4 0.875999 0.531505 0.165235 0.026830
3 0.874478 0.499905 0.168538 0.034090
5 0.942963 0.465220 0.049452 0.030620
2 0.884197 0.459980 0.154112 0.036300
1 0.922115 0.432515 0.060992 0.017990
4 0.544491 0.537340 0.207676 0.010100
3 0.562004 0.522345 0.175131 0.013890
5 0.634321 0.494570 0.046971 0.030940
2 0.575601 0.489520 0.153708 0.035360
1 0.614132 0.462535 0.060979 0.019250
4 0.218544 0.536710 0.224164 0.009460
3 0.222089 0.520990 0.219217 0.016420
5 0.317480 0.493530 0.046554 0.029680
0 0.865313 0.863730 0.214804 0.178180
0 0.631221 0.678965 0.217768 0.171350
0 0.869758 0.673060 0.207089 0.181360
3 0.883792 0.930985 0.156175 0.013890
4 0.622578 0.976090 0.204791 0.010100
5 0.711501 0.932405 0.047807 0.029670
1 0.927265 0.870855 0.060170 0.019250
4 0.870228 0.945785 0.188316 0.010730
