4 0.243646 0.527700 0.182619 0.010080
0 0.822163 0.880735 0.303171 0.225810
0 0.507786 0.881275 0.304583 0.225810
4 0.587811 0.753690 0.125610 0.011840
3 0.619076 0.736700 0.065854 0.018940
2 0.577709 0.704345 0.154647 0.037350
1 0.616040 0.676460 0.061117 0.018940
4 0.900199 0.528725 0.127227 0.011990
3 0.931200 0.511045 0.068485 0.018310
2 0.890276 0.479640 0.155186 0.037560
1 0.927978 0.451525 0.061065 0.018630
4 0.820623 0.304815 0.152285 0.011050
3 0.820995 0.288585 0.167484 0.018670
5 0.895899 0.260825 0.122965 0.030030
5 0.896091 0.228555 0.122118 0.030910
1 0.806560 0.265865 0.035456 0.011610
1 0.806021 0.233685 0.035173 0.012930
2 0.757343 0.228645 0.148293 0.030910
2 0.756919 0.260535 0.146881 0.029810
4 0.507445 0.529200 0.151271 0.011600
3 0.508902 0.511325 0.102991 0.016830
5 0.582574 0.484295 0.122683 0.028490
5 0.582946 0.452990 0.122118 0.029780
1 0.492632 0.489975 0.028139 0.011870
1 0.492503 0.456990 0.028139 0.010960
2 0.444474 0.452115 0.148228 0.029990
2 0.444371 0.484260 0.147227 0.028400
3 0.269198 0.511040 0.130565 0.017100
2 0.261181 0.479255 0.153915 0.036830
1 0.299307 0.451195 0.061335 0.020170
3 0.606560 0.970850 0.087933 0.015160
0 0.188858 0.768915 0.313684 0.455990
4 0.577003 0.304815 0.150591 0.009990
3 0.600135 0.287900 0.102657 0.016840
2 0.579705 0.256335 0.153633 0.036830
1 0.617015 0.228585 0.061451 0.018670
0 0.508517 0.201990 0.302965 0.219160
4 0.266861 0.305320 0.138447 0.011620
3 0.291033 0.289845 0.089204 0.017090
2 0.262644 0.256330 0.154198 0.036380
1 0.300854 0.228845 0.060501 0.019070
0 0.186874 0.202620 0.313902 0.221360
4 0.822484 0.986510 0.152747 0.010100
3 0.847805 0.971070 0.102516 0.015780
2 0.825693 0.937425 0.154313 0.036830
1 0.863447 0.909540 0.060783 0.019200
4 0.581598 0.986350 0.138575 0.011680
2 0.577587 0.937390 0.153967 0.036620
1 0.616078 0.909615 0.060783 0.019570
4 0.262625 0.985620 0.148793 0.013640
3 0.250520 0.965850 0.168228 0.020840
2 0.247843 0.926080 0.184288 0.043560
1 0.293068 0.893125 0.073427 0.023110
4 0.916380 0.752970 0.099897 0.010960
3 0.903748 0.737295 0.121849 0.015570
2 0.891913 0.704305 0.154454 0.037710
1 0.930507 0.676535 0.060501 0.018850
0 0.186194 0.427145 0.316752 0.217950
0 0.506913 0.428060 0.303992 0.217720
0 0.819365 0.201705 0.294082 0.220450
0 0.820244 0.427160 0.300488 0.217720
0 0.506438 0.652465 0.301887 0.219810
0 0.820533 0.651465 0.302246 0.218170
