5 0.922474 0.488545 0.047990 0.031250
0 0.193802 0.432655 0.295206 0.215450
3 0.662790 0.953070 0.129832 0.017100
5 0.713228 0.923800 0.047126 0.030780
2 0.654079 0.919325 0.155245 0.036570
1 0.692726 0.891705 0.061688 0.018670
4 0.387036 0.967540 0.205412 0.011840
3 0.381244 0.952285 0.216946 0.016310
5 0.474465 0.924405 0.048131 0.032090
2 0.415992 0.919010 0.154227 0.036040
1 0.453950 0.891785 0.061353 0.019990
4 0.152983 0.947025 0.198286 0.011830
3 0.163293 0.931740 0.175580 0.015000
5 0.236166 0.903330 0.048131 0.031300
2 0.179220 0.897675 0.153879 0.035770
1 0.217049 0.870745 0.060438 0.018850
4 0.859626 0.753085 0.171649 0.011050
3 0.845593 0.737240 0.200129 0.014840
5 0.931018 0.710095 0.047191 0.031250
2 0.872242 0.704570 0.154974 0.036620
1 0.910573 0.677410 0.060683 0.018680
4 0.626521 0.753825 0.198299 0.011050
3 0.617635 0.738510 0.217616 0.015520
5 0.712210 0.710760 0.048131 0.031560
2 0.653061 0.705105 0.154910 0.037090
1 0.691179 0.677955 0.061302 0.019510
4 0.377616 0.754190 0.223711 0.010100
3 0.377700 0.736990 0.222487 0.015780
5 0.475116 0.710635 0.047191 0.031250
2 0.417159 0.705425 0.154162 0.036610
1 0.454375 0.677960 0.060193 0.018940
4 0.165921 0.754350 0.171173 0.011840
3 0.162564 0.738390 0.175979 0.015560
5 0.236540 0.710420 0.047461 0.031560
2 0.177829 0.705660 0.153544 0.035980
1 0.215522 0.677810 0.061198 0.020460
4 0.842745 0.531185 0.188325 0.009790
3 0.835226 0.515845 0.202152 0.013250
2 0.863692 0.483650 0.154162 0.037240
1 0.900915 0.455875 0.061830 0.019570
4 0.555683 0.531425 0.180670 0.012890
3 0.574968 0.515665 0.141353 0.014990
5 0.631907 0.487260 0.047113 0.031300
2 0.573608 0.482265 0.154227 0.037090
1 0.611405 0.455035 0.061005 0.019990
4 0.212880 0.531815 0.235915 0.011050
3 0.190387 0.516320 0.279046 0.016420
5 0.316276 0.488860 0.046778 0.031560
2 0.257300 0.483490 0.154162 0.036620
1 0.295122 0.456030 0.060606 0.018940
4 0.851488 0.308025 0.157822 0.012950
3 0.859104 0.292465 0.142771 0.014830
0 0.823937 0.208750 0.256559 0.214900
0 0.852403 0.870100 0.216714 0.212720
0 0.623093 0.868505 0.233711 0.211350
0 0.525561 0.208340 0.266198 0.216000
0 0.193750 0.211025 0.293454 0.217270
1 0.915490 0.876400 0.064742 0.020520
4 0.676102 0.968010 0.100554 0.010980
4 0.852616 0.967805 0.196598 0.010790
3 0.859897 0.943890 0.183376 0.027580
5 0.935490 0.908225 0.047784 0.031030
2 0.878711 0.903750 0.152526 0.036300
0 0.385335 0.869005 0.232655 0.212170
0 0.155084 0.858960 0.214961 0.192260
0 0.851817 0.653965 0.216727 0.213170
0 0.619865 0.653510 0.236637 0.214080
0 0.381753 0.653940 0.237010 0.214680
0 0.149871 0.653830 0.222809 0.214900
0 0.815715 0.430420 0.266534 0.217960
0 0.538718 0.432580 0.243930 0.213640
1 0.293215 0.233610 0.061018 0.018680
2 0.255077 0.261125 0.154227 0.036830
5 0.313550 0.266915 0.048131 0.032090
3 0.195928 0.294395 0.263711 0.016570
4 0.212474 0.310210 0.230490 0.012360
1 0.611057 0.232520 0.061005 0.019880
2 0.573840 0.259825 0.153351 0.037250
5 0.632210 0.264405 0.048003 0.031250
3 0.524014 0.292025 0.244059 0.015150
4 0.522629 0.308185 0.246082 0.011990
1 0.895883 0.232420 0.062616 0.019180
2 0.858086 0.259635 0.154575 0.036930
5 0.916456 0.264530 0.048402 0.030940
