0 0.743935 0.876915 0.374727 0.213810
0 0.286338 0.880460 0.333636 0.211080
0 0.819584 0.663080 0.303948 0.204320
0 0.505643 0.657925 0.308974 0.217630
0 0.200864 0.662145 0.285701 0.212270
0 0.834253 0.441020 0.280974 0.210000
0 0.504513 0.438380 0.313805 0.212720
0 0.200630 0.447110 0.288299 0.195260
0 0.743935 0.222935 0.265636 0.201810
0 0.325649 0.224240 0.270312 0.198320
2 0.370175 0.267095 0.154065 0.036570
3 0.242253 0.718995 0.178325 0.029670
5 0.317097 0.683655 0.046974 0.030470
4 0.843162 0.537655 0.236532 0.010730
3 0.834844 0.522315 0.252519 0.015150
5 0.946753 0.494695 0.048364 0.029990
2 0.887935 0.489490 0.154545 0.035980
1 0.926123 0.461915 0.061779 0.019070
4 0.509935 0.530145 0.278909 0.026130
3 0.515792 0.499465 0.265143 0.032190
5 0.633104 0.463860 0.048208 0.031440
2 0.574247 0.458745 0.154545 0.036610
1 0.611805 0.431410 0.062312 0.018940
4 0.224786 0.537185 0.237753 0.011050
3 0.202571 0.521370 0.282026 0.016420
5 0.314890 0.494065 0.047545 0.031250
2 0.256065 0.488700 0.154545 0.036300
1 0.293981 0.461870 0.063130 0.018620
4 0.753799 0.316545 0.226688 0.011050
3 0.740149 0.300415 0.253338 0.015470
5 0.851448 0.273115 0.046325 0.030930
2 0.793032 0.268870 0.154143 0.036900
1 0.831156 0.241250 0.061481 0.019600
4 0.362383 0.315865 0.191987 0.011050
3 0.327649 0.299055 0.258260 0.014210
5 0.428935 0.272225 0.047481 0.029990
1 0.408610 0.239870 0.062857 0.018940
4 0.255773 0.750715 0.153727 0.028090
2 0.574539 0.693645 0.154143 0.036930
4 0.764870 0.975455 0.308675 0.009470
3 0.740935 0.960120 0.355818 0.016100
5 0.905091 0.931790 0.047818 0.030460
2 0.846104 0.926855 0.154571 0.036390
1 0.884961 0.899565 0.060909 0.019950
4 0.356169 0.978615 0.172571 0.011370
3 0.338708 0.962740 0.202506 0.014520
5 0.426844 0.934170 0.047558 0.029980
2 0.367403 0.930065 0.154961 0.036930
1 0.406117 0.902700 0.062857 0.018940
4 0.841519 0.749875 0.239403 0.026830
3 0.828000 0.718050 0.266104 0.029720
5 0.945000 0.683595 0.046468 0.030250
2 0.885903 0.678725 0.154740 0.036570
1 0.923922 0.651265 0.060805 0.018410
4 0.517883 0.750565 0.261532 0.026830
3 0.501494 0.726570 0.293506 0.016100
5 0.633364 0.699015 0.046312 0.030610
1 0.612591 0.666555 0.061208 0.018630
2 0.258162 0.678725 0.153442 0.036390
1 0.295604 0.651065 0.061208 0.019290
