2 0.652108 0.921535 0.154530 0.037090
1 0.689367 0.894180 0.062154 0.018680
0 0.819922 0.433520 0.271175 0.201360
0 0.151475 0.659285 0.223577 0.211630
0 0.390313 0.660555 0.221332 0.209990
0 0.625888 0.660330 0.223708 0.211360
0 0.845731 0.659190 0.231410 0.212720
1 0.217957 0.893550 0.062493 0.018940
2 0.179674 0.920770 0.155561 0.036560
3 0.164047 0.953125 0.176501 0.016050
4 0.154811 0.968725 0.195731 0.011570
1 0.452937 0.891750 0.060809 0.018260
2 0.414589 0.918660 0.154817 0.037480
5 0.473107 0.924140 0.048642 0.032220
3 0.386808 0.950695 0.202937 0.016630
4 0.386762 0.966280 0.201749 0.012420
0 0.934517 0.715025 0.047728 0.030510
0 0.157526 0.871735 0.213616 0.209990
0 0.238048 0.926295 0.047742 0.030770
0 0.388825 0.870550 0.219556 0.207260
1 0.906952 0.244550 0.060326 0.020080
4 0.828368 0.320470 0.228355 0.010260
1 0.295764 0.244895 0.061397 0.018930
2 0.257644 0.272040 0.152467 0.035980
5 0.316782 0.277410 0.048211 0.030300
3 0.242402 0.304080 0.175535 0.016100
4 0.249040 0.320810 0.161527 0.011360
1 0.615228 0.244185 0.061815 0.018410
2 0.577454 0.271150 0.153838 0.036560
0 0.204523 0.433470 0.274138 0.200720
0 0.821521 0.221570 0.264896 0.208900
0 0.531913 0.221690 0.258394 0.211280
0 0.196619 0.218030 0.293943 0.219920
5 0.634628 0.276800 0.046358 0.029980
3 0.545183 0.303255 0.214961 0.018110
4 0.540607 0.320205 0.220117 0.009730
2 0.869138 0.271885 0.153499 0.035770
0 0.523231 0.433295 0.277115 0.201810
5 0.928538 0.276880 0.047728 0.031040
3 0.828440 0.303185 0.227324 0.014210
4 0.846057 0.968330 0.155222 0.011840
3 0.835144 0.953335 0.178564 0.014210
5 0.909484 0.925325 0.047037 0.030250
2 0.850587 0.920855 0.153838 0.037090
1 0.889054 0.894545 0.060431 0.016570
4 0.649804 0.970435 0.151436 0.011830
3 0.643355 0.953890 0.160366 0.013940
5 0.710829 0.926665 0.048081 0.031030
3 0.844889 0.742260 0.209334 0.014200
2 0.875764 0.710420 0.154191 0.036040
1 0.913708 0.682800 0.061802 0.019200
4 0.632298 0.759475 0.189217 0.011310
3 0.627520 0.743040 0.198825 0.015780
5 0.712689 0.716075 0.047728 0.030770
2 0.654138 0.710815 0.155222 0.036030
1 0.692598 0.683985 0.061123 0.019210
4 0.407206 0.758555 0.166893 0.009990
3 0.394047 0.742565 0.187493 0.014210
5 0.474915 0.715335 0.046358 0.030250
2 0.415685 0.710740 0.153851 0.036300
1 0.453975 0.683645 0.061475 0.019470
4 0.146965 0.758485 0.205209 0.010730
3 0.146762 0.742860 0.208094 0.014840
5 0.236482 0.715330 0.046932 0.032000
2 0.177128 0.710575 0.154804 0.037270
1 0.215333 0.682955 0.062389 0.019290
4 0.837272 0.525175 0.200601 0.010310
3 0.841906 0.508955 0.187728 0.016010
5 0.922604 0.482215 0.047507 0.030910
2 0.863375 0.476845 0.152807 0.036390
1 0.901136 0.449790 0.059608 0.017720
4 0.524471 0.525770 0.248264 0.010520
3 0.518277 0.509445 0.262115 0.014810
5 0.634243 0.482215 0.048068 0.030910
2 0.575809 0.476600 0.155379 0.037480
1 0.614302 0.449420 0.061240 0.018640
4 0.217885 0.525600 0.226971 0.012500
3 0.223322 0.508535 0.212728 0.014970
5 0.315516 0.482365 0.048760 0.031570
2 0.258303 0.477500 0.153499 0.035240
1 0.295561 0.450145 0.061123 0.021050
0 0.852141 0.871715 0.219321 0.210030
0 0.622617 0.871910 0.229047 0.210900
4 0.844478 0.758770 0.208512 0.011680
