5 0.929921 0.260390 0.047575 0.030300
4 0.817182 0.319230 0.256488 0.011360
4 0.542221 0.319150 0.212359 0.011840
1 0.296081 0.431740 0.063041 0.019320
2 0.257857 0.458250 0.155374 0.035980
5 0.316435 0.463745 0.048152 0.031810
3 0.536252 0.303950 0.222700 0.015260
1 0.290223 0.679120 0.063041 0.018940
0 0.813742 0.656555 0.270210 0.213370
0 0.517431 0.660760 0.289515 0.206720
4 0.430347 0.957175 0.123080 0.025250
3 0.414181 0.925745 0.156173 0.030250
5 0.475682 0.890735 0.048270 0.030250
2 0.416940 0.886155 0.153748 0.035250
1 0.455380 0.859195 0.061009 0.019210
4 0.186619 0.956495 0.137562 0.026570
3 0.175452 0.926480 0.156514 0.030520
5 0.239915 0.891105 0.046881 0.031830
2 0.180623 0.886235 0.155819 0.035250
1 0.218709 0.859145 0.062398 0.019990
4 0.851625 0.755795 0.170642 0.011310
3 0.818218 0.739880 0.233054 0.013680
5 0.920917 0.712655 0.047235 0.030770
2 0.863657 0.707185 0.155125 0.035770
1 0.901232 0.680225 0.062045 0.019730
4 0.545144 0.755895 0.204522 0.010990
3 0.511239 0.740325 0.270550 0.014770
5 0.633853 0.712865 0.048152 0.029550
2 0.574535 0.707375 0.153893 0.035990
1 0.613008 0.680860 0.061062 0.018560
4 0.217248 0.753430 0.218925 0.011360
3 0.220970 0.738585 0.211481 0.014390
5 0.311101 0.711120 0.050092 0.030680
2 0.253512 0.705820 0.153447 0.036740
0 0.157077 0.875170 0.216173 0.193740
4 0.860963 0.536260 0.159672 0.011320
3 0.841016 0.521985 0.202896 0.015030
5 0.927811 0.494950 0.049227 0.030620
2 0.869266 0.489425 0.153893 0.035990
1 0.906913 0.461965 0.060406 0.018310
4 0.554823 0.529575 0.189148 0.027270
3 0.554620 0.496395 0.190629 0.031810
0 0.399056 0.873095 0.205164 0.198530
4 0.849043 0.964515 0.163408 0.011570
3 0.843834 0.948415 0.175138 0.014730
5 0.917955 0.921850 0.048257 0.031560
2 0.860039 0.917115 0.154443 0.035770
1 0.897097 0.890155 0.062398 0.018670
4 0.663296 0.957590 0.134037 0.025760
2 0.869515 0.255500 0.153473 0.035040
5 0.633820 0.276720 0.048952 0.031300
2 0.574522 0.271465 0.153054 0.035510
1 0.612962 0.244370 0.061022 0.018680
4 0.245393 0.319155 0.171678 0.012890
3 0.229122 0.303635 0.203748 0.014990
5 0.317379 0.276670 0.047235 0.030520
2 0.257910 0.271540 0.154456 0.036040
1 0.296003 0.244185 0.061704 0.018150
3 0.649685 0.925205 0.159948 0.033630
5 0.715623 0.890995 0.048257 0.030250
2 0.655990 0.886000 0.154443 0.036040
1 0.694561 0.858930 0.057562 0.019200
4 0.222962 0.529955 0.221415 0.025750
0 0.205033 0.235525 0.276409 0.183630
0 0.527726 0.238755 0.265203 0.177810
0 0.814744 0.220210 0.281651 0.212720
0 0.191743 0.437020 0.302385 0.215440
0 0.517005 0.440290 0.288087 0.213260
0 0.826782 0.440695 0.258204 0.208790
0 0.196533 0.655905 0.286514 0.213370
0 0.651278 0.871455 0.179908 0.201810
0 0.847562 0.870100 0.193604 0.202720
3 0.814495 0.294800 0.261861 0.032200
1 0.908198 0.228515 0.062870 0.019570
5 0.634050 0.463440 0.047654 0.031060
2 0.575603 0.458610 0.153145 0.034280
1 0.613729 0.432355 0.062058 0.019250
3 0.208958 0.498780 0.247221 0.029920
