1 0.417757 0.896915 0.060533 0.018410
2 0.380806 0.924490 0.154174 0.037500
5 0.439181 0.929410 0.047282 0.031440
3 0.357653 0.956495 0.188648 0.014390
4 0.342393 0.973350 0.225098 0.010220
4 0.387003 0.752295 0.162952 0.011990
1 0.859376 0.676975 0.060702 0.018850
3 0.370299 0.736640 0.192926 0.015780
2 0.821359 0.704220 0.153927 0.036300
5 0.880052 0.708800 0.047204 0.029680
3 0.825462 0.736100 0.158856 0.016100
4 0.837490 0.752295 0.136281 0.011990
1 0.420579 0.676825 0.062796 0.019250
5 0.441521 0.709340 0.047204 0.030620
2 0.382614 0.703975 0.154330 0.036930
4 0.314558 0.310075 0.206047 0.009470
3 0.297939 0.293315 0.238479 0.012630
5 0.403017 0.266640 0.047204 0.030620
2 0.344135 0.261435 0.155189 0.036610
1 0.383108 0.234130 0.060754 0.019260
0 0.779727 0.430090 0.320026 0.219920
0 0.271606 0.211150 0.314915 0.212720
0 0.791307 0.208730 0.288023 0.213640
0 0.293901 0.433365 0.459610 0.208930
0 0.283947 0.656230 0.371951 0.207480
0 0.772074 0.658195 0.272367 0.207490
0 0.287776 0.880460 0.357477 0.201260
4 0.815488 0.531660 0.241847 0.011740
3 0.778797 0.515335 0.310806 0.014770
5 0.909811 0.488250 0.046801 0.029540
2 0.850709 0.482760 0.155150 0.036740
1 0.889369 0.455110 0.062068 0.019320
4 0.315202 0.523060 0.406658 0.025000
3 0.293043 0.492750 0.450325 0.028500
5 0.493641 0.456565 0.047204 0.029990
2 0.435117 0.451045 0.153511 0.036610
1 0.473531 0.423740 0.061157 0.018620
4 0.860273 0.308970 0.146528 0.010420
3 0.846476 0.293820 0.171990 0.015160
5 0.908049 0.266830 0.046372 0.030620
2 0.848940 0.261780 0.153927 0.036300
1 0.887321 0.234795 0.061560 0.018930
