0 0.488842 0.657920 0.316976 0.192540
0 0.197984 0.872825 0.311152 0.198170
0 0.816518 0.790460 0.248482 0.218720
0 0.553940 0.876145 0.292120 0.198310
0 0.521374 0.428495 0.275105 0.212070
0 0.196486 0.425565 0.284856 0.217630
0 0.816891 0.214205 0.263442 0.199630
0 0.523704 0.213300 0.301047 0.202720
0 0.224332 0.210935 0.317696 0.206170
3 0.276747 0.291610 0.191296 0.013580
1 0.337886 0.231930 0.060982 0.018560
2 0.299712 0.259020 0.152199 0.036360
5 0.358017 0.264435 0.045615 0.031810
4 0.290877 0.306825 0.165681 0.010730
5 0.911505 0.849600 0.050079 0.031060
0 0.183999 0.659830 0.261296 0.198540
4 0.573187 0.966305 0.228887 0.013250
3 0.548390 0.949260 0.275654 0.014400
5 0.672788 0.922060 0.048089 0.030680
2 0.612801 0.917520 0.154188 0.037500
1 0.651963 0.889870 0.060969 0.019320
4 0.814627 0.892255 0.225092 0.010230
3 0.809869 0.876500 0.231518 0.011360
2 0.853246 0.844680 0.154686 0.037120
1 0.890929 0.817975 0.060497 0.019310
4 0.213331 0.965040 0.257814 0.010100
3 0.194162 0.949450 0.296963 0.013640
5 0.325988 0.921770 0.048887 0.030780
2 0.267696 0.917040 0.152513 0.036040
1 0.305046 0.889680 0.059908 0.018680
4 0.508233 0.745670 0.250864 0.011740
3 0.484287 0.730210 0.295484 0.011740
5 0.618154 0.703510 0.049581 0.031820
2 0.558861 0.698425 0.154581 0.037350
1 0.596904 0.670675 0.060589 0.019210
4 0.211473 0.747085 0.178076 0.011050
3 0.224280 0.731590 0.152042 0.012940
5 0.285223 0.704285 0.049162 0.032190
2 0.227173 0.698920 0.154529 0.037240
1 0.263527 0.671145 0.061976 0.019570
4 0.575164 0.527305 0.140798 0.010610
3 0.561787 0.511960 0.166086 0.013260
5 0.631191 0.484310 0.049084 0.031440
2 0.572192 0.478820 0.155170 0.036360
1 0.610622 0.452120 0.060484 0.018560
4 0.251754 0.527240 0.150393 0.012000
3 0.217009 0.510210 0.219385 0.017020
5 0.312035 0.484155 0.048338 0.031890
2 0.252539 0.478945 0.154110 0.036610
1 0.290340 0.451485 0.061152 0.020210
4 0.866433 0.306665 0.157160 0.010990
3 0.859542 0.289355 0.171047 0.015910
5 0.918789 0.263600 0.046610 0.030300
2 0.860537 0.257920 0.155183 0.037120
1 0.898462 0.230650 0.061479 0.019700
4 0.609673 0.306025 0.121963 0.012730
3 0.617906 0.290455 0.103613 0.016290
5 0.645916 0.262805 0.047592 0.029170
2 0.587657 0.257880 0.154188 0.035220
1 0.625517 0.231030 0.061296 0.019200
