0 0.833587 0.433365 0.272721 0.218610
0 0.378346 0.653555 0.380677 0.193630
0 0.819102 0.660155 0.293177 0.190470
0 0.268717 0.874385 0.376341 0.226990
0 0.764128 0.200030 0.307656 0.212720
0 0.340814 0.436115 0.465326 0.215990
1 0.427207 0.226035 0.061992 0.019730
0 0.308177 0.200350 0.338333 0.217300
4 0.842448 0.978045 0.136120 0.011370
0 0.767181 0.880730 0.306107 0.217080
3 0.802891 0.960660 0.211589 0.016280
5 0.894375 0.935090 0.047344 0.030300
2 0.835938 0.928845 0.154375 0.034470
1 0.874154 0.901760 0.062135 0.019700
4 0.278229 0.970090 0.346224 0.025760
3 0.282122 0.939445 0.334870 0.027650
5 0.422435 0.903470 0.050312 0.030680
2 0.364245 0.897785 0.152891 0.034470
1 0.403197 0.871650 0.060169 0.019320
4 0.832207 0.746300 0.238789 0.012000
3 0.813431 0.729190 0.274961 0.014840
5 0.936667 0.702400 0.047266 0.029720
2 0.877962 0.697635 0.152070 0.036830
1 0.915645 0.670280 0.061654 0.018940
4 0.456465 0.741370 0.203190 0.010640
3 0.424460 0.726225 0.270768 0.017550
5 0.543177 0.698635 0.047604 0.029730
2 0.484779 0.692715 0.154115 0.035770
1 0.523138 0.666150 0.062344 0.018420
4 0.862663 0.533175 0.187409 0.010230
3 0.852507 0.517035 0.210586 0.015910
5 0.941523 0.489955 0.048333 0.032190
2 0.882344 0.484845 0.153880 0.035610
1 0.921556 0.457760 0.061654 0.020080
4 0.346035 0.535200 0.435352 0.013640
3 0.348516 0.509615 0.433229 0.032730
5 0.545137 0.475225 0.049492 0.030490
2 0.486556 0.469810 0.155846 0.037500
1 0.524531 0.441970 0.063125 0.018940
4 0.820449 0.300000 0.189388 0.010600
3 0.810091 0.284850 0.212083 0.013640
5 0.890234 0.256820 0.048828 0.031060
2 0.831296 0.251895 0.154857 0.035610
1 0.868783 0.225005 0.063138 0.019690
4 0.373906 0.301555 0.174583 0.009090
3 0.358913 0.286175 0.205664 0.013630
5 0.448203 0.258905 0.049766 0.031810
2 0.388255 0.253030 0.154870 0.037500
