3 0.831680 0.734305 0.205974 0.015910
1 0.292275 0.884555 0.061882 0.018310
2 0.254706 0.911155 0.154484 0.036370
5 0.313386 0.916650 0.048026 0.031440
3 0.183510 0.943765 0.286680 0.014770
4 0.206451 0.959515 0.243438 0.011050
1 0.610516 0.884460 0.061895 0.018940
2 0.571941 0.911920 0.152248 0.036620
5 0.630529 0.916810 0.048275 0.033140
3 0.515209 0.943795 0.258288 0.015150
4 0.508686 0.959835 0.275203 0.010410
4 0.837196 0.959520 0.171229 0.012620
3 0.822922 0.943975 0.198392 0.014730
5 0.907856 0.916745 0.047791 0.031830
2 0.849229 0.911645 0.153359 0.035770
1 0.887739 0.884515 0.060863 0.018390
0 0.611830 0.431070 0.253255 0.189160
1 0.898974 0.674670 0.060170 0.018640
2 0.860405 0.701540 0.155477 0.036740
5 0.919817 0.707035 0.048523 0.032570
4 0.842529 0.750215 0.184693 0.010990
1 0.611974 0.237370 0.061542 0.018680
2 0.574641 0.264730 0.153987 0.036560
5 0.633471 0.269440 0.048484 0.031300
1 0.295758 0.206525 0.060458 0.018630
2 0.257654 0.233705 0.153869 0.036170
5 0.315301 0.238465 0.048144 0.030470
0 0.192595 0.211805 0.297739 0.216650
0 0.525418 0.215080 0.266941 0.210100
0 0.812255 0.212575 0.295882 0.215990
0 0.162961 0.426550 0.192118 0.197720
0 0.373412 0.427200 0.211033 0.199080
0 0.193739 0.650560 0.303739 0.212720
0 0.534837 0.654590 0.249830 0.205520
0 0.822235 0.655735 0.264523 0.207810
0 0.189601 0.863390 0.305451 0.208140
0 0.513869 0.863385 0.293464 0.206830
0 0.824444 0.872880 0.225020 0.189160
3 0.238052 0.274175 0.186013 0.030510
4 0.246817 0.304945 0.171229 0.027090
1 0.431915 0.411475 0.061895 0.019310
0 0.845412 0.433475 0.215320 0.185450
4 0.554039 0.749480 0.188078 0.011840
3 0.550150 0.734540 0.193922 0.017100
5 0.633190 0.707185 0.049176 0.031830
2 0.574222 0.702055 0.154719 0.035770
1 0.612562 0.674700 0.061542 0.019460
4 0.235150 0.749875 0.197856 0.010450
3 0.232059 0.734100 0.207359 0.014540
5 0.318928 0.707790 0.049516 0.032200
2 0.260157 0.701770 0.155477 0.037120
1 0.297876 0.674515 0.060170 0.018150
4 0.847438 0.517300 0.189386 0.012940
3 0.841784 0.501515 0.201765 0.014830
5 0.927196 0.474525 0.047438 0.030930
2 0.869843 0.469160 0.154719 0.037240
1 0.907386 0.442020 0.060654 0.018940
4 0.610562 0.517455 0.235686 0.012870
3 0.616549 0.500975 0.220340 0.015150
5 0.713098 0.474840 0.048026 0.031060
2 0.654680 0.469350 0.153987 0.035980
1 0.692804 0.441700 0.062889 0.019320
4 0.376608 0.510255 0.182706 0.028030
3 0.369288 0.479275 0.197059 0.029930
5 0.452712 0.443480 0.048039 0.031060
2 0.393294 0.438555 0.152000 0.034850
4 0.165281 0.507930 0.171111 0.028180
3 0.165752 0.475565 0.168497 0.032550
5 0.233928 0.441165 0.047856 0.029990
2 0.176373 0.435955 0.153895 0.036610
1 0.214667 0.409240 0.061542 0.017880
4 0.859405 0.312760 0.177007 0.011680
3 0.843850 0.297100 0.207542 0.015780
5 0.933386 0.270905 0.048288 0.030930
2 0.875209 0.264435 0.154732 0.035670
1 0.913157 0.237695 0.060458 0.018410
4 0.561092 0.312285 0.173712 0.011990
3 0.533569 0.296600 0.225281 0.017040
