4 0.562859 0.977575 0.176162 0.011050
1 0.884491 0.902675 0.061514 0.018630
2 0.846332 0.929525 0.154047 0.035430
5 0.905189 0.935500 0.048655 0.031240
3 0.797023 0.962630 0.243786 0.014400
4 0.791586 0.978730 0.256645 0.011740
0 0.724275 0.658940 0.259621 0.216780
1 0.430516 0.683590 0.061815 0.018560
2 0.391945 0.710100 0.154778 0.035980
5 0.449798 0.716350 0.047977 0.030300
3 0.347937 0.743245 0.233890 0.015150
4 0.369687 0.758735 0.192350 0.010610
1 0.806325 0.684780 0.061815 0.020200
2 0.769027 0.711765 0.154530 0.035670
5 0.827128 0.716345 0.049034 0.031570
3 0.760790 0.744440 0.163590 0.013260
4 0.766802 0.759400 0.152063 0.011680
1 0.297102 0.872715 0.060104 0.019250
2 0.259008 0.899545 0.152872 0.036290
5 0.318140 0.905225 0.048629 0.029990
3 0.239230 0.938370 0.187493 0.032520
4 0.251508 0.971670 0.164008 0.026520
1 0.614523 0.902650 0.061084 0.018940
2 0.576945 0.930270 0.154178 0.036820
5 0.636005 0.935135 0.047050 0.030770
5 0.943146 0.496620 0.047467 0.029920
3 0.861057 0.523325 0.193838 0.014390
4 0.867637 0.538855 0.181488 0.010230
3 0.532644 0.962095 0.234530 0.014210
1 0.923610 0.464050 0.061815 0.018560
3 0.230202 0.523925 0.203982 0.015470
4 0.229667 0.540025 0.205209 0.011050
1 0.615026 0.464480 0.060444 0.018940
2 0.577702 0.491705 0.153499 0.036030
5 0.636214 0.497115 0.048460 0.032190
2 0.884798 0.491130 0.155261 0.036360
0 0.836834 0.447655 0.268446 0.197450
0 0.226351 0.444360 0.235836 0.205780
0 0.845679 0.225225 0.246084 0.208930
0 0.508923 0.232755 0.298211 0.190470
0 0.184439 0.223000 0.312820 0.207740
0 0.332990 0.658470 0.284230 0.215840
0 0.541684 0.443015 0.243525 0.207810
3 0.575150 0.523625 0.146854 0.015530
4 0.585281 0.539805 0.133016 0.011370
2 0.572676 0.271030 0.154125 0.036620
0 0.220117 0.879750 0.250366 0.212060
0 0.515764 0.879420 0.291371 0.212720
0 0.795640 0.884200 0.271932 0.207360
5 0.318388 0.496780 0.049047 0.030620
2 0.259869 0.491890 0.155352 0.035980
1 0.298401 0.464745 0.060979 0.019570
4 0.859928 0.320655 0.195731 0.012310
3 0.851775 0.304615 0.210157 0.016410
5 0.943460 0.278255 0.047389 0.031250
2 0.884530 0.272890 0.154517 0.036300
1 0.922650 0.245745 0.060992 0.019250
4 0.531717 0.319545 0.229099 0.011370
3 0.502833 0.302600 0.283916 0.014520
5 0.630574 0.276240 0.047389 0.030620
1 0.610176 0.243885 0.060979 0.018930
4 0.200822 0.319700 0.257128 0.011680
3 0.180013 0.302815 0.300392 0.016410
5 0.314967 0.276145 0.047794 0.030610
2 0.256456 0.271565 0.154948 0.036610
1 0.293747 0.243950 0.060574 0.019260
