0 0.509053 0.874895 0.307756 0.214810
4 0.580259 0.532765 0.135927 0.011050
0 0.196193 0.880405 0.292023 0.201590
1 0.919935 0.458650 0.062231 0.019260
1 0.612892 0.456785 0.060182 0.018310
2 0.574818 0.484250 0.155162 0.037240
5 0.632743 0.490560 0.048314 0.032200
3 0.571744 0.517865 0.149844 0.014830
0 0.821855 0.871570 0.275045 0.178680
1 0.614514 0.897835 0.061064 0.018930
5 0.630415 0.680330 0.047497 0.031560
2 0.571051 0.674490 0.154760 0.036300
1 0.609125 0.647815 0.062218 0.019570
4 0.244559 0.745665 0.166213 0.028410
3 0.223184 0.714040 0.210026 0.029040
5 0.312562 0.678440 0.047484 0.030680
2 0.253988 0.673505 0.152672 0.035730
1 0.292237 0.646435 0.061414 0.019730
4 0.873489 0.533925 0.164099 0.013150
3 0.855888 0.517715 0.197873 0.014730
5 0.940156 0.490360 0.047756 0.031040
2 0.882198 0.485390 0.154955 0.035820
3 0.355259 0.297575 0.326213 0.017050
5 0.503333 0.269740 0.047652 0.031060
2 0.445110 0.264620 0.155253 0.035980
1 0.483184 0.237350 0.061414 0.020080
0 0.513184 0.432975 0.293398 0.215990
0 0.181971 0.440015 0.321894 0.199630
0 0.774741 0.214755 0.355707 0.212070
0 0.824708 0.435565 0.284825 0.214890
0 0.210623 0.653610 0.256368 0.219260
0 0.512348 0.655470 0.293593 0.214900
0 0.845850 0.664195 0.237588 0.195450
4 0.238009 0.973460 0.185590 0.010780
3 0.214598 0.958310 0.227899 0.015780
4 0.527036 0.746455 0.235811 0.026830
3 0.520285 0.715365 0.248923 0.031570
4 0.201368 0.533080 0.260791 0.011040
3 0.177393 0.517585 0.309131 0.013890
5 0.316381 0.490595 0.046719 0.032510
2 0.257451 0.484630 0.153528 0.037240
1 0.295687 0.458210 0.059780 0.018940
4 0.796427 0.311780 0.285927 0.010600
3 0.785863 0.297005 0.305084 0.015150
5 0.924060 0.269700 0.048145 0.031060
2 0.864935 0.264450 0.154903 0.035720
1 0.903658 0.236925 0.060389 0.018150
4 0.383340 0.312600 0.267743 0.011360
0 0.326161 0.211610 0.410039 0.217300
2 0.879695 0.705865 0.153528 0.035670
5 0.938852 0.710755 0.046680 0.029670
3 0.867620 0.738060 0.169481 0.014840
4 0.885882 0.754030 0.132231 0.010420
1 0.295117 0.897680 0.061414 0.019200
2 0.257075 0.925030 0.153865 0.036560
5 0.315246 0.930560 0.048444 0.031300
2 0.577153 0.924930 0.153528 0.036820
1 0.912944 0.873025 0.060415 0.018090
2 0.875305 0.900180 0.155227 0.036300
5 0.933982 0.905965 0.047419 0.031570
3 0.819144 0.933475 0.255875 0.016410
4 0.840402 0.949125 0.215279 0.011310
3 0.504073 0.958985 0.289857 0.015150
5 0.635363 0.930455 0.048106 0.031830
4 0.510668 0.973880 0.279209 0.012000
1 0.917549 0.678280 0.060545 0.019000
