4 0.616794 0.967080 0.167526 0.026660
0 0.587636 0.429385 0.235972 0.191450
0 0.365078 0.428295 0.202073 0.191450
0 0.144644 0.427475 0.233148 0.189810
0 0.801289 0.204935 0.208562 0.209450
0 0.579754 0.212730 0.216373 0.195820
0 0.364229 0.209515 0.194158 0.201590
0 0.139404 0.207995 0.208031 0.208330
3 0.134799 0.287010 0.190117 0.016040
4 0.140486 0.303105 0.182966 0.011830
1 0.878303 0.868170 0.060803 0.019180
2 0.839372 0.895720 0.154417 0.036360
5 0.898199 0.900665 0.047124 0.030030
3 0.831269 0.936950 0.185699 0.031040
4 0.829942 0.967275 0.186723 0.027090
4 0.366516 0.516190 0.197021 0.011360
0 0.811762 0.424695 0.181347 0.201790
0 0.710913 0.630900 0.349987 0.146880
0 0.628329 0.889790 0.241891 0.186360
0 0.830538 0.854880 0.194158 0.255260
3 0.621295 0.935205 0.158057 0.029410
5 0.674909 0.900520 0.047565 0.030320
2 0.615544 0.895530 0.154741 0.037080
1 0.654462 0.868225 0.061282 0.018630
4 0.794333 0.694510 0.174106 0.012360
3 0.766231 0.679225 0.231347 0.014990
5 0.856690 0.652000 0.049754 0.030520
2 0.798595 0.645820 0.155712 0.036560
1 0.835881 0.618850 0.061295 0.017760
4 0.830965 0.516510 0.135738 0.012000
3 0.815512 0.501045 0.166412 0.015150
5 0.873161 0.472630 0.046192 0.030300
2 0.814896 0.467745 0.153731 0.035670
1 0.853737 0.440910 0.061334 0.019880
4 0.597092 0.516985 0.210972 0.012310
3 0.594229 0.501070 0.214236 0.014520
5 0.677021 0.472980 0.048653 0.030300
5 0.234462 0.473515 0.047837 0.030930
3 0.141451 0.500660 0.216710 0.013260
4 0.153472 0.514770 0.195440 0.010420
1 0.417927 0.440990 0.060104 0.018980
2 0.378264 0.468150 0.151684 0.035980
5 0.438368 0.473360 0.049482 0.029360
3 0.368452 0.501140 0.188484 0.016100
1 0.655155 0.440945 0.062150 0.019890
2 0.618148 0.468085 0.156606 0.035670
1 0.196593 0.226755 0.061528 0.019550
2 0.158821 0.254915 0.154352 0.037610
5 0.217254 0.258990 0.049067 0.031040
4 0.836483 0.301395 0.132889 0.012310
1 0.215453 0.440850 0.062150 0.019260
2 0.177021 0.467680 0.154560 0.036300
2 0.819022 0.254015 0.154547 0.036610
5 0.877902 0.259230 0.049067 0.031880
3 0.801036 0.286210 0.203627 0.015780
1 0.633433 0.227175 0.062176 0.018850
4 0.388394 0.302030 0.139404 0.012500
3 0.368342 0.286645 0.176891 0.015350
5 0.432234 0.259025 0.048562 0.030690
2 0.373912 0.254245 0.154171 0.037050
1 0.411904 0.226540 0.061606 0.018640
4 0.587183 0.302975 0.185013 0.011050
2 0.594942 0.254545 0.154003 0.037090
5 0.654741 0.260205 0.046684 0.032090
3 0.579618 0.287560 0.198303 0.016840
1 0.857863 0.227200 0.062150 0.019600
