2 0.572360 0.250760 0.154265 0.036040
1 0.610540 0.223930 0.058843 0.018940
4 0.221183 0.314180 0.218778 0.014520
3 0.199629 0.297290 0.261886 0.016100
5 0.315910 0.270860 0.047503 0.031300
2 0.256905 0.265070 0.155267 0.036560
1 0.294896 0.237980 0.062250 0.019200
4 0.579382 0.961495 0.190182 0.011310
0 0.524675 0.446015 0.280871 0.189810
0 0.819733 0.436965 0.272367 0.211410
0 0.204792 0.439580 0.278322 0.206180
0 0.212874 0.660810 0.253628 0.206180
3 0.565046 0.946050 0.216515 0.015000
5 0.657913 0.916460 0.054733 0.035240
3 0.851983 0.295635 0.176788 0.014470
5 0.928921 0.268940 0.047542 0.031040
2 0.871970 0.263675 0.157334 0.037350
1 0.908355 0.236380 0.060819 0.018820
4 0.527555 0.314810 0.236359 0.011040
3 0.536034 0.291745 0.220624 0.031830
5 0.631300 0.256625 0.048583 0.031570
0 0.192263 0.213070 0.300260 0.219540
0 0.515280 0.224205 0.285488 0.199990
0 0.817250 0.224570 0.275904 0.192000
2 0.592412 0.910145 0.172055 0.041030
1 0.635189 0.879400 0.066710 0.020820
4 0.827230 0.755455 0.233134 0.011990
3 0.795299 0.740365 0.285189 0.015530
5 0.925878 0.710550 0.054044 0.034980
2 0.860780 0.704450 0.173082 0.040780
1 0.903023 0.673545 0.068752 0.021570
4 0.562100 0.755005 0.167269 0.011310
3 0.540143 0.739200 0.203173 0.017360
5 0.631476 0.711970 0.046515 0.031300
2 0.571443 0.705920 0.153576 0.034460
1 0.610605 0.679090 0.061573 0.019200
4 0.232191 0.755270 0.190182 0.011840
3 0.210299 0.731465 0.237243 0.029670
5 0.311378 0.693650 0.052900 0.035040
2 0.246528 0.687650 0.172848 0.040720
1 0.289025 0.657505 0.068140 0.020830
4 0.840117 0.535635 0.206372 0.010610
3 0.831983 0.519455 0.221990 0.014730
5 0.929161 0.492465 0.047893 0.030770
2 0.870501 0.486945 0.154265 0.037090
1 0.908427 0.459745 0.060884 0.018930
4 0.575611 0.534185 0.171717 0.009470
3 0.566170 0.521270 0.192575 0.013160
5 0.634415 0.495360 0.045839 0.029200
2 0.577802 0.490885 0.146060 0.035510
1 0.614922 0.464715 0.057464 0.017890
0 0.533186 0.656560 0.245410 0.210540
0 0.510839 0.872550 0.353927 0.196360
0 0.802003 0.656555 0.306398 0.213810
5 0.313817 0.487910 0.053771 0.034400
2 0.249376 0.482070 0.169519 0.041660
1 0.290832 0.451295 0.069363 0.021150
4 0.856743 0.311945 0.172055 0.010790
4 0.226307 0.533240 0.207698 0.012620
3 0.209974 0.518055 0.240936 0.015790
