0 0.265752 0.627150 0.314902 0.119540
0 0.262784 0.911460 0.301830 0.140000
0 0.363654 0.759560 0.061477 0.018940
0 0.239608 0.775780 0.343425 0.127720
0 0.668882 0.624875 0.448588 0.125910
0 0.695229 0.489615 0.264392 0.147350
0 0.310601 0.679120 0.221098 0.011580
0 0.311941 0.664045 0.219725 0.014990
0 0.395667 0.637215 0.048144 0.030250
0 0.337386 0.632090 0.154379 0.036300
0 0.375556 0.605260 0.062928 0.019460
0 0.300804 0.490790 0.297085 0.145900
0 0.693490 0.327500 0.371843 0.129160
0 0.382431 0.383620 0.196810 0.012620
0 0.373392 0.368220 0.214157 0.015780
0 0.454471 0.340125 0.048680 0.030310
0 0.396497 0.334760 0.154719 0.036620
0 0.435242 0.307710 0.061203 0.018940
4 0.752046 0.973095 0.186078 0.012310
3 0.743588 0.957310 0.199699 0.014840
5 0.817647 0.930480 0.049098 0.030620
2 0.758725 0.925270 0.152248 0.036620
1 0.795863 0.898315 0.063124 0.018310
4 0.745412 0.833690 0.196078 0.009540
3 0.754026 0.817780 0.176471 0.012280
4 0.262359 0.974040 0.295830 0.010420
3 0.307248 0.957690 0.203412 0.014520
5 0.384000 0.930855 0.047451 0.030930
2 0.324993 0.925650 0.153072 0.036300
1 0.363157 0.898190 0.063542 0.019880
4 0.749340 0.255100 0.252039 0.011580
1 0.434379 0.180265 0.061542 0.018670
5 0.455209 0.212290 0.048693 0.029980
2 0.395797 0.207080 0.154314 0.036620
0 0.724203 0.191030 0.306575 0.144540
0 0.285059 0.328070 0.397490 0.129540
1 0.829418 0.180875 0.061895 0.018410
0 0.700967 0.769190 0.289359 0.142720
0 0.668294 0.913275 0.359464 0.135450
2 0.791928 0.207570 0.154706 0.036040
5 0.850229 0.213355 0.046418 0.030770
3 0.725928 0.239400 0.300510 0.017620
2 0.791627 0.335195 0.155072 0.037090
0 0.280307 0.186030 0.403438 0.152720
1 0.829046 0.308075 0.060863 0.018670
3 0.338732 0.240710 0.283059 0.015180
4 0.374588 0.255470 0.211660 0.010740
5 0.817248 0.791965 0.048824 0.030510
2 0.758418 0.786440 0.153359 0.035780
1 0.797268 0.760005 0.063268 0.018150
4 0.301562 0.833890 0.214967 0.009160
3 0.302386 0.819530 0.211255 0.015780
5 0.383869 0.791750 0.049098 0.030300
2 0.324869 0.786230 0.153085 0.035040
4 0.802876 0.679695 0.170405 0.010730
3 0.784765 0.664385 0.205477 0.015150
5 0.861510 0.636455 0.047046 0.030610
2 0.802510 0.631560 0.155137 0.037240
1 0.840516 0.603975 0.061320 0.018850
4 0.705131 0.556090 0.239647 0.010600
3 0.723353 0.540975 0.203987 0.015150
5 0.800340 0.514270 0.048026 0.030680
2 0.743399 0.508400 0.153987 0.036360
1 0.780059 0.481115 0.061895 0.018630
4 0.335601 0.556125 0.221163 0.011050
3 0.322314 0.541095 0.251686 0.015150
5 0.421752 0.514110 0.047033 0.030620
2 0.363575 0.508900 0.152667 0.035980
1 0.400706 0.481445 0.061882 0.019570
4 0.784353 0.383935 0.184183 0.010230
3 0.768458 0.367535 0.217359 0.014770
5 0.850157 0.340455 0.048026 0.031810
