1 0.614941 0.682830 0.060748 0.019460
5 0.635781 0.714985 0.046234 0.029170
2 0.577323 0.709685 0.153990 0.035230
4 0.214724 0.756870 0.231969 0.012940
3 0.201463 0.733355 0.260958 0.029670
5 0.316693 0.699140 0.047297 0.031040
2 0.257835 0.694005 0.153963 0.035510
1 0.295636 0.667310 0.059724 0.019460
4 0.873766 0.525505 0.144987 0.011670
3 0.866765 0.510100 0.158648 0.015460
5 0.930971 0.482955 0.049291 0.029990
2 0.872769 0.478695 0.154094 0.035990
4 0.535223 0.967135 0.235013 0.027730
3 0.520846 0.928455 0.258885 0.045910
5 0.634718 0.885595 0.047598 0.029270
0 0.152867 0.218525 0.220696 0.211350
0 0.390269 0.218070 0.223084 0.213180
2 0.864403 0.926060 0.153268 0.035660
0 0.154160 0.431475 0.216719 0.203030
1 0.902303 0.898915 0.061719 0.019890
0 0.628274 0.218295 0.223084 0.213630
0 0.853038 0.218300 0.214738 0.214360
2 0.576037 0.880700 0.154094 0.036740
1 0.614304 0.853050 0.059659 0.018560
4 0.249849 0.973880 0.164528 0.010600
3 0.242192 0.957665 0.174961 0.015150
5 0.314265 0.930585 0.046719 0.029930
2 0.256608 0.925850 0.155079 0.037120
1 0.295374 0.898770 0.060643 0.018560
4 0.879646 0.757220 0.148635 0.013640
3 0.817762 0.741385 0.273898 0.014010
5 0.938556 0.713740 0.049213 0.029920
2 0.881385 0.709190 0.151614 0.035220
1 0.919409 0.682870 0.057664 0.018940
4 0.512802 0.757220 0.274895 0.011360
3 0.499829 0.741315 0.303228 0.015910
4 0.857822 0.973565 0.159475 0.011990
1 0.454738 0.241880 0.060656 0.019000
4 0.164508 0.316390 0.174606 0.010960
3 0.162585 0.300145 0.179213 0.014030
5 0.237238 0.273515 0.046601 0.030910
2 0.178406 0.267815 0.155052 0.036170
2 0.656096 0.477655 0.153031 0.035950
5 0.714377 0.483635 0.048911 0.031130
3 0.632887 0.510100 0.190971 0.016100
4 0.627920 0.525505 0.205052 0.012950
2 0.417822 0.268915 0.154619 0.035810
0 0.390630 0.431290 0.219029 0.206180
1 0.216312 0.240910 0.060656 0.017900
1 0.910538 0.451460 0.061496 0.019200
3 0.845971 0.957780 0.182677 0.015780
5 0.922598 0.930955 0.047638 0.030930
4 0.866549 0.317180 0.163963 0.012620
3 0.848675 0.300685 0.197454 0.015790
5 0.933241 0.274250 0.048320 0.031300
2 0.875039 0.269120 0.154987 0.036300
1 0.913189 0.242160 0.060761 0.018680
4 0.623622 0.316390 0.207402 0.011840
3 0.628281 0.292955 0.199633 0.029590
5 0.713858 0.258105 0.048031 0.030030
2 0.654600 0.253000 0.153609 0.036300
1 0.691791 0.225840 0.061850 0.018820
4 0.411181 0.317155 0.159370 0.012050
3 0.388629 0.300780 0.203950 0.016220
5 0.476293 0.273975 0.047940 0.029950
1 0.693353 0.450915 0.061850 0.018850
0 0.857028 0.431020 0.203399 0.205440
0 0.198793 0.657920 0.284882 0.216540
0 0.502290 0.657105 0.314948 0.213810
0 0.820217 0.657995 0.290669 0.218350
0 0.221358 0.879485 0.237073 0.201070
0 0.521516 0.874070 0.278307 0.217260
0 0.841227 0.878730 0.217126 0.209080
0 0.630361 0.431470 0.223688 0.204540
4 0.389101 0.526940 0.202559 0.013260
3 0.407172 0.503125 0.166522 0.030310
5 0.474488 0.468085 0.047638 0.029670
2 0.415866 0.463355 0.154094 0.036610
1 0.453983 0.436840 0.061299 0.018300
4 0.170466 0.525505 0.161562 0.011050
3 0.154593 0.510380 0.193885 0.015340
5 0.237382 0.483085 0.046601 0.030250
2 0.179127 0.477715 0.153320 0.035730
1 0.216752 0.451085 0.060696 0.018850
