5 0.316894 0.929565 0.047484 0.029990
3 0.187244 0.958255 0.290674 0.014830
3 0.814844 0.956070 0.194125 0.015780
5 0.898093 0.928325 0.048794 0.030250
2 0.839410 0.923065 0.155240 0.037090
1 0.876621 0.895625 0.061414 0.019070
4 0.526835 0.972455 0.242776 0.012310
3 0.557951 0.956895 0.180130 0.016410
5 0.633074 0.928175 0.049546 0.031570
2 0.575149 0.923440 0.153930 0.036620
1 0.613359 0.895995 0.060726 0.019210
4 0.186751 0.973125 0.290830 0.010610
4 0.827944 0.971350 0.169222 0.012100
0 0.192581 0.898185 0.311984 0.167990
0 0.824326 0.665285 0.297834 0.194170
0 0.540292 0.656285 0.244786 0.207810
2 0.887516 0.704370 0.154202 0.036300
1 0.925045 0.677410 0.061401 0.019720
5 0.945992 0.710160 0.049131 0.031040
4 0.829585 0.752930 0.262023 0.011360
1 0.296634 0.897845 0.060999 0.019570
2 0.258353 0.924670 0.153126 0.035980
3 0.819844 0.737205 0.282075 0.015150
5 0.635285 0.709000 0.047173 0.031440
2 0.576083 0.703890 0.152789 0.037120
1 0.615233 0.676880 0.061077 0.019200
4 0.200506 0.754190 0.264306 0.012120
0 0.821213 0.879860 0.279442 0.204540
4 0.580752 0.752485 0.139533 0.011750
3 0.572399 0.736845 0.152296 0.014390
0 0.192938 0.215115 0.297134 0.207270
0 0.509877 0.213775 0.296278 0.211410
0 0.834235 0.215845 0.278016 0.207270
0 0.529676 0.881005 0.260337 0.199090
2 0.877523 0.483680 0.153930 0.036620
1 0.915597 0.456535 0.061414 0.018310
4 0.544442 0.532610 0.199235 0.010520
3 0.522406 0.516480 0.243593 0.015780
0 0.195765 0.658525 0.292879 0.206830
0 0.215292 0.435985 0.253826 0.209450
0 0.507581 0.434150 0.298482 0.210500
2 0.256706 0.689840 0.154760 0.036360
5 0.629527 0.489520 0.047769 0.030780
2 0.571530 0.484000 0.154890 0.036560
1 0.609228 0.457035 0.061077 0.018410
0 0.820577 0.434350 0.284397 0.210100
4 0.243191 0.532870 0.173307 0.011580
3 0.236368 0.516770 0.183554 0.015520
5 0.315182 0.489810 0.048444 0.030520
2 0.255473 0.484025 0.153515 0.035250
1 0.294462 0.457280 0.062075 0.018820
4 0.861894 0.312315 0.196161 0.011310
3 0.876699 0.296265 0.165123 0.016570
5 0.945960 0.268780 0.047769 0.030520
2 0.886796 0.264040 0.153178 0.036300
1 0.924767 0.236820 0.061751 0.018940
4 0.509228 0.310390 0.277160 0.011360
3 0.510642 0.285705 0.271064 0.029670
5 0.631647 0.251935 0.047082 0.031570
2 0.573502 0.246255 0.154345 0.036610
1 0.611764 0.219110 0.061375 0.018940
4 0.259086 0.302975 0.142062 0.026830
3 0.247996 0.271125 0.164994 0.031250
5 0.314935 0.235615 0.048314 0.031570
2 0.256589 0.230410 0.154345 0.036300
1 0.294507 0.203395 0.060558 0.018630
1 0.295097 0.663000 0.061556 0.018980
4 0.880357 0.531190 0.140013 0.011680
3 0.888171 0.516350 0.123632 0.014200
5 0.935661 0.488575 0.047484 0.029350
5 0.315901 0.695330 0.047160 0.030680
3 0.193826 0.730400 0.274630 0.031060
