0 0.186760 0.428417 0.308462 0.214995
1 0.298801 0.452438 0.060287 0.019321
4 0.889322 0.307258 0.137314 0.010260
3 0.883279 0.291843 0.144524 0.015514
5 0.943396 0.264645 0.048409 0.030769
2 0.884654 0.259226 0.154472 0.036034
1 0.923103 0.232268 0.060417 0.018941
4 0.574928 0.307478 0.137888 0.010519
3 0.571330 0.291583 0.149335 0.018192
5 0.631545 0.264735 0.047210 0.031568
2 0.573325 0.259126 0.152073 0.037612
1 0.611193 0.232478 0.061108 0.017882
4 0.254863 0.307632 0.147797 0.011369
3 0.253631 0.292293 0.149296 0.014775
5 0.313840 0.264620 0.049426 0.029980
2 0.255834 0.259316 0.151591 0.036613
1 0.293533 0.232013 0.061382 0.017992
0 0.627836 0.874830 0.540939 0.222587
0 0.820717 0.649151 0.298123 0.217962
0 0.510352 0.650135 0.301825 0.214895
0 0.186467 0.764021 0.317757 0.446384
0 0.819296 0.427867 0.300391 0.212178
0 0.510215 0.426613 0.298970 0.215345
2 0.572458 0.702862 0.152425 0.036613
0 0.820776 0.205964 0.301943 0.217263
0 0.508755 0.206194 0.300743 0.216803
0 0.186115 0.206149 0.311082 0.218172
4 0.774185 0.977982 0.230274 0.009790
3 0.798331 0.962293 0.179609 0.013576
2 0.813364 0.930255 0.159426 0.035974
1 0.854765 0.902797 0.061786 0.020200
4 0.886884 0.751449 0.140156 0.009550
3 0.916382 0.736139 0.084029 0.012118
5 0.944068 0.708297 0.048449 0.029161
2 0.887458 0.703756 0.151760 0.035225
1 0.923057 0.677053 0.061786 0.018941
4 0.593546 0.751034 0.103807 0.008521
3 0.602940 0.733956 0.086506 0.014206
5 0.630952 0.708227 0.046962 0.029041
1 0.610971 0.675874 0.060561 0.019261
4 0.210378 0.977078 0.255671 0.014096
3 0.258898 0.959306 0.153651 0.016813
2 0.249081 0.919805 0.186375 0.043187
1 0.295495 0.887118 0.073651 0.022727
4 0.908931 0.528102 0.097497 0.009471
3 0.895880 0.511274 0.124954 0.018412
5 0.943259 0.484311 0.048057 0.029720
2 0.884726 0.479575 0.152764 0.036034
1 0.923142 0.452587 0.062138 0.018941
4 0.537282 0.527018 0.227888 0.012118
3 0.592073 0.513032 0.120834 0.013157
2 0.579198 0.479630 0.155502 0.036823
1 0.616786 0.452273 0.061108 0.019471
4 0.262184 0.527582 0.146323 0.010989
3 0.285222 0.510579 0.098370 0.017423
2 0.261734 0.480085 0.153246 0.037493
