2 0.884442 0.473265 0.154747 0.037250
5 0.942750 0.478685 0.049468 0.031570
1 0.923645 0.682930 0.061064 0.019200
2 0.885636 0.710025 0.153528 0.036570
5 0.943431 0.714630 0.048106 0.030520
0 0.809591 0.888275 0.238171 0.193630
3 0.868969 0.742065 0.178093 0.016730
4 0.881984 0.757820 0.152296 0.011040
1 0.293236 0.900280 0.061414 0.019460
2 0.255545 0.927375 0.153865 0.035250
5 0.313709 0.932375 0.047756 0.030510
3 0.242062 0.959990 0.172633 0.014200
4 0.242510 0.975035 0.173995 0.009990
1 0.612192 0.902260 0.061816 0.019260
2 0.574734 0.929720 0.153930 0.036300
0 0.506693 0.878005 0.311984 0.213810
5 0.633482 0.934770 0.047899 0.030620
3 0.501044 0.962705 0.293139 0.017050
4 0.526018 0.977825 0.245240 0.011050
1 0.881368 0.901450 0.060791 0.019300
2 0.843100 0.928855 0.153800 0.035950
5 0.901355 0.933985 0.046628 0.030470
4 0.809805 0.961710 0.212088 0.015340
4 0.821044 0.977050 0.189066 0.011400
0 0.522601 0.668335 0.274202 0.195050
0 0.821005 0.659175 0.295422 0.210750
0 0.223359 0.882370 0.234293 0.198980
2 0.254423 0.708515 0.154345 0.036610
1 0.292704 0.681685 0.061414 0.018310
4 0.838431 0.536395 0.240233 0.012870
3 0.846342 0.514120 0.224021 0.030300
1 0.922601 0.445835 0.060584 0.018310
4 0.536453 0.536395 0.221077 0.013250
3 0.508372 0.520740 0.276355 0.015780
5 0.631394 0.494540 0.048314 0.030940
2 0.573262 0.488540 0.154747 0.035980
1 0.611135 0.461715 0.062633 0.019570
4 0.268917 0.535445 0.119131 0.012630
5 0.941719 0.273965 0.048314 0.031250
0 0.187983 0.437565 0.302789 0.220910
0 0.508768 0.444425 0.301193 0.204470
0 0.823554 0.435325 0.293722 0.223850
0 0.191271 0.670170 0.297458 0.200280
4 0.521232 0.758005 0.255875 0.012310
3 0.523684 0.740805 0.246874 0.016410
5 0.632789 0.714925 0.048301 0.032830
2 0.574650 0.708610 0.153113 0.035980
1 0.612730 0.682100 0.060584 0.018940
4 0.196245 0.758140 0.266109 0.012940
3 0.197516 0.740715 0.259157 0.015150
5 0.313171 0.714040 0.048314 0.031240
3 0.252374 0.520395 0.146563 0.016730
5 0.311946 0.492455 0.048716 0.030930
2 0.253807 0.487880 0.155162 0.036300
1 0.291673 0.460735 0.062231 0.019890
4 0.872575 0.317175 0.168677 0.012310
3 0.849196 0.300325 0.214527 0.015150
2 0.882536 0.268780 0.154202 0.035780
1 0.921394 0.242055 0.061077 0.018670
4 0.555532 0.317310 0.187302 0.010780
3 0.540006 0.301185 0.218690 0.014210
5 0.634319 0.274160 0.047626 0.031420
2 0.575966 0.268935 0.154371 0.035730
1 0.613521 0.241885 0.060272 0.019290
4 0.237367 0.315620 0.183372 0.010740
3 0.241057 0.300080 0.174851 0.014680
5 0.314553 0.272440 0.048327 0.030460
2 0.255700 0.267355 0.153813 0.036390
1 0.294792 0.240325 0.061128 0.018410
0 0.531446 0.218575 0.256796 0.215990
0 0.831193 0.216715 0.273359 0.215990
0 0.216641 0.227570 0.249728 0.192540
