4 0.626615 0.758295 0.203902 0.011570
0 0.844884 0.430750 0.223256 0.205520
0 0.151085 0.656920 0.218450 0.218180
0 0.852842 0.875550 0.202248 0.208900
0 0.618676 0.430420 0.232545 0.204860
0 0.397545 0.430190 0.208010 0.207020
0 0.154903 0.428065 0.223734 0.204090
5 0.233902 0.928680 0.047726 0.030300
2 0.174767 0.923315 0.152119 0.035990
1 0.214121 0.896685 0.061163 0.019170
4 0.862461 0.757980 0.166783 0.011360
3 0.857649 0.734050 0.178217 0.029360
5 0.931563 0.698235 0.047003 0.031130
2 0.872429 0.693540 0.153204 0.037260
1 0.910588 0.665700 0.061124 0.018820
3 0.617364 0.741830 0.219199 0.015520
5 0.713714 0.715920 0.047584 0.031040
2 0.654412 0.709865 0.153941 0.035770
1 0.692642 0.682905 0.061176 0.018670
4 0.397151 0.758455 0.186370 0.011050
3 0.379651 0.742065 0.226744 0.015150
2 0.417578 0.710035 0.154147 0.036930
5 0.475898 0.715400 0.047300 0.030620
4 0.855530 0.963625 0.125194 0.026830
3 0.861079 0.931330 0.108075 0.027460
5 0.899412 0.895980 0.047713 0.031880
4 0.618876 0.972365 0.222248 0.013570
3 0.635187 0.955950 0.192080 0.014840
5 0.715323 0.928650 0.047313 0.030300
2 0.656802 0.923280 0.152933 0.036620
1 0.695342 0.895975 0.060349 0.017990
4 0.384102 0.972775 0.219806 0.011050
3 0.388553 0.955320 0.212403 0.015240
5 0.477455 0.928795 0.047235 0.030510
2 0.419341 0.923930 0.153953 0.036040
1 0.456389 0.896440 0.061512 0.018940
4 0.162248 0.972455 0.175762 0.012310
3 0.161718 0.956145 0.172506 0.015150
4 0.846557 0.316235 0.199419 0.011050
0 0.161182 0.875495 0.198721 0.210110
0 0.386886 0.875955 0.232377 0.209710
0 0.857545 0.658055 0.205530 0.214990
0 0.622901 0.658850 0.234251 0.215340
0 0.382319 0.658520 0.236783 0.214680
2 0.650911 0.475710 0.153605 0.036560
1 0.689309 0.448355 0.059806 0.020250
4 0.400207 0.517615 0.189225 0.028730
3 0.398165 0.484755 0.187183 0.032510
5 0.475859 0.449400 0.047300 0.030620
2 0.417339 0.444350 0.153747 0.036300
1 0.454851 0.417045 0.060762 0.018310
4 0.153482 0.515405 0.199005 0.025570
3 0.157842 0.482480 0.188811 0.033140
5 0.235943 0.448550 0.048941 0.031560
2 0.179050 0.443185 0.152933 0.036610
1 0.217196 0.415980 0.061576 0.019360
3 0.843127 0.298715 0.200646 0.015470
5 0.929994 0.272040 0.047300 0.030300
2 0.871273 0.266990 0.154147 0.035980
1 0.909399 0.239845 0.062390 0.019570
4 0.623314 0.314785 0.210711 0.011050
3 0.622468 0.299395 0.214444 0.014990
5 0.713882 0.271515 0.047920 0.030770
2 0.654748 0.265990 0.153941 0.036040
1 0.692642 0.238900 0.061176 0.018680
4 0.388385 0.316520 0.203902 0.010260
3 0.394774 0.299925 0.191667 0.012890
5 0.476505 0.272570 0.047920 0.031300
2 0.417881 0.267280 0.154289 0.036560
1 0.454748 0.239805 0.061512 0.018390
4 0.170711 0.308370 0.170258 0.027620
3 0.174315 0.276435 0.165168 0.029990
5 0.239276 0.240105 0.048992 0.031130
2 0.180820 0.235155 0.153217 0.036610
1 0.218204 0.207865 0.060879 0.019290
1 0.455504 0.682415 0.061990 0.019570
4 0.163572 0.758185 0.168230 0.011050
3 0.167313 0.741750 0.160078 0.016040
5 0.234037 0.714895 0.047584 0.030690
2 0.174593 0.710225 0.152933 0.036390
1 0.213508 0.682780 0.060891 0.019500
4 0.853081 0.517140 0.196163 0.029040
3 0.844231 0.484090 0.210426 0.033460
5 0.931505 0.449910 0.047300 0.031380
2 0.872171 0.444320 0.153747 0.036620
1 0.911835 0.417555 0.060827 0.017990
4 0.643062 0.525190 0.164341 0.013580
3 0.625362 0.507385 0.199819 0.016410
5 0.709871 0.481050 0.047571 0.030520
0 0.393068 0.221325 0.217817 0.203070
2 0.841453 0.890735 0.154457 0.035910
1 0.880213 0.863460 0.062829 0.019540
0 0.621208 0.215740 0.235930 0.212720
0 0.848973 0.222390 0.218463 0.207260
0 0.622351 0.875775 0.235478 0.208630
0 0.153081 0.213390 0.226214 0.222000
