0 0.805047 0.152575 0.325793 0.192430
0 0.245276 0.362280 0.291657 0.225420
0 0.806428 0.372885 0.326722 0.207350
0 0.223866 0.129720 0.325617 0.232800
1 0.340699 0.155895 0.061422 0.020910
2 0.302244 0.185440 0.154360 0.040000
5 0.360458 0.190660 0.047544 0.031360
3 0.268860 0.220435 0.212573 0.019090
4 0.304642 0.238620 0.141011 0.011820
1 0.917221 0.155075 0.059824 0.019550
2 0.879295 0.185300 0.153819 0.040900
5 0.937250 0.190985 0.048602 0.034090
3 0.814401 0.220750 0.298578 0.020000
4 0.844042 0.238295 0.240353 0.012730
1 0.340259 0.381570 0.061575 0.021140
4 0.265065 0.465335 0.244630 0.012270
3 0.251287 0.448155 0.270259 0.017270
5 0.360247 0.417245 0.049142 0.034550
2 0.302027 0.411795 0.155969 0.040910
1 0.916551 0.381740 0.060975 0.021960
2 0.878719 0.412025 0.154454 0.040950
3 0.804841 0.448155 0.318872 0.014550
4 0.816539 0.464655 0.297497 0.014550
5 0.937644 0.417080 0.047626 0.033340
