0 0.538151 0.432055 0.249617 0.222530
0 0.848304 0.434345 0.247117 0.219270
0 0.193221 0.207115 0.306110 0.219270
0 0.164968 0.661140 0.196186 0.222540
0 0.507679 0.205195 0.298546 0.223850
0 0.824917 0.206575 0.300548 0.225810
0 0.191276 0.432380 0.313903 0.221880
0 0.818246 0.886730 0.270497 0.226540
0 0.199617 0.886860 0.292194 0.226280
0 0.526046 0.888495 0.267143 0.223010
1 0.928240 0.685665 0.061607 0.019890
4 0.842889 0.994515 0.083584 0.010970
3 0.842047 0.979980 0.092972 0.015160
2 0.813214 0.946760 0.154337 0.037620
1 0.851562 0.918665 0.060395 0.019730
4 0.615332 0.995620 0.072474 0.008760
3 0.608182 0.980190 0.085217 0.013680
2 0.578151 0.946525 0.154668 0.037350
1 0.615395 0.918645 0.061403 0.019990
4 0.288999 0.994675 0.097003 0.010650
3 0.275325 0.979625 0.123610 0.016410
2 0.263444 0.946485 0.155408 0.038510
1 0.301901 0.918090 0.061735 0.018680
4 0.859713 0.762395 0.208559 0.011990
3 0.856569 0.745950 0.214592 0.014200
2 0.890191 0.713755 0.153801 0.038190
4 0.645134 0.763510 0.145906 0.011360
3 0.658425 0.747975 0.107742 0.015150
2 0.644177 0.713510 0.154605 0.037120
1 0.682341 0.685860 0.061849 0.019700
4 0.378163 0.763735 0.209872 0.010910
3 0.380000 0.746930 0.201709 0.017680
2 0.410886 0.713630 0.155013 0.037880
1 0.448731 0.685540 0.063202 0.020200
4 0.182200 0.761385 0.132385 0.009090
3 0.189305 0.747445 0.107258 0.014770
2 0.174573 0.713550 0.155089 0.037120
1 0.212494 0.685520 0.060880 0.018940
4 0.930096 0.534310 0.066671 0.010980
3 0.917239 0.519200 0.091798 0.013640
2 0.890670 0.486055 0.153635 0.036750
1 0.927876 0.457835 0.060855 0.020450
4 0.545759 0.534690 0.211135 0.011740
3 0.554260 0.518595 0.194694 0.014770
2 0.577455 0.485830 0.155089 0.037120
1 0.615376 0.457610 0.060880 0.019320
4 0.281486 0.534880 0.093253 0.010600
3 0.285835 0.520525 0.081161 0.014770
5 0.312411 0.490220 0.048316 0.031440
2 0.255644 0.485865 0.154120 0.038630
1 0.293080 0.457065 0.060880 0.019730
4 0.918495 0.311590 0.095663 0.010980
3 0.921059 0.295115 0.085995 0.015910
2 0.890376 0.261400 0.153151 0.037880
1 0.928457 0.233795 0.060051 0.018930
4 0.581511 0.310550 0.126416 0.011040
3 0.590325 0.294575 0.111926 0.015150
5 0.629783 0.266015 0.048316 0.031250
2 0.572213 0.261435 0.152997 0.037250
1 0.609853 0.233975 0.060804 0.019570
4 0.186754 0.308565 0.093814 0.010730
3 0.187360 0.293410 0.145740 0.016420
5 0.262443 0.267465 0.132462 0.029670
5 0.261996 0.234130 0.132462 0.030300
1 0.162149 0.239500 0.041467 0.014520
1 0.161952 0.271540 0.041071 0.012940
2 0.120083 0.266645 0.143329 0.028410
2 0.119879 0.234150 0.145344 0.029700
0 0.382449 0.661290 0.226403 0.221180
0 0.635415 0.661465 0.175319 0.219270
0 0.858508 0.661135 0.226709 0.218610
