0 0.508606 0.648766 0.270529 0.214356
0 0.792871 0.432502 0.274052 0.215994
1 0.273013 0.670574 0.059523 0.019251
4 0.832071 0.532418 0.185845 0.012368
3 0.820516 0.516823 0.211665 0.016044
0 0.172213 0.646588 0.302232 0.219810
0 0.280406 0.443696 0.501148 0.192428
0 0.828452 0.194695 0.273342 0.211628
0 0.219419 0.200969 0.285316 0.216543
4 0.773852 0.981623 0.231316 0.013177
3 0.761097 0.965200 0.254400 0.015155
5 0.873619 0.938052 0.048916 0.031568
2 0.815768 0.931738 0.151665 0.036623
1 0.852871 0.904595 0.061974 0.018941
4 0.267297 0.981354 0.283755 0.013257
3 0.280955 0.965070 0.255381 0.016673
5 0.393226 0.937607 0.048439 0.032198
2 0.334523 0.932687 0.154103 0.035984
1 0.373013 0.905005 0.059523 0.019880
4 0.842245 0.748901 0.250684 0.012268
3 0.861271 0.731134 0.211935 0.017273
5 0.941587 0.704156 0.048516 0.031249
2 0.883484 0.699456 0.153290 0.036933
1 0.922013 0.672308 0.059923 0.018621
4 0.525045 0.747562 0.218529 0.012308
3 0.514606 0.731713 0.234839 0.016094
5 0.618974 0.705200 0.045665 0.030619
2 0.562697 0.700150 0.147535 0.034406
1 0.599006 0.673871 0.058323 0.019071
4 0.169335 0.747083 0.277639 0.012627
3 0.186781 0.730075 0.241768 0.016414
5 0.293187 0.702927 0.046890 0.030929
2 0.235097 0.698192 0.153290 0.036623
3 0.874974 0.273427 0.152632 0.015145
4 0.877613 0.290095 0.149213 0.010979
1 0.478245 0.445080 0.068903 0.021149
2 0.435845 0.476169 0.170013 0.041029
5 0.500665 0.482163 0.051781 0.034715
3 0.355935 0.512632 0.339613 0.019870
4 0.355032 0.531813 0.335123 0.011998
5 0.900671 0.488097 0.048413 0.031998
1 0.879632 0.455440 0.061148 0.019291
2 0.842826 0.483057 0.154581 0.036384
0 0.724187 0.879491 0.355058 0.226354
0 0.252600 0.881179 0.335626 0.222537
1 0.312065 0.221988 0.061161 0.019700
2 0.274394 0.249830 0.153123 0.036743
5 0.333348 0.254750 0.049897 0.032198
3 0.234523 0.282218 0.226026 0.016663
4 0.215194 0.299186 0.271523 0.010979
1 0.916671 0.213222 0.060026 0.019730
2 0.878155 0.241039 0.154116 0.036743
5 0.937110 0.246533 0.047948 0.031808
0 0.827465 0.647517 0.284890 0.218611
