1 0.217948 0.452033 0.061161 0.017892
1 0.693316 0.451853 0.061497 0.018671
4 0.391568 0.512053 0.211342 0.042048
3 0.387006 0.473107 0.214374 0.031568
5 0.478826 0.437572 0.046710 0.031788
2 0.420923 0.432532 0.153458 0.034855
1 0.459316 0.405460 0.059458 0.019730
4 0.147826 0.527817 0.210310 0.012098
3 0.156187 0.511459 0.194671 0.014466
5 0.238677 0.484126 0.046877 0.030509
2 0.180748 0.479131 0.154581 0.036823
4 0.832019 0.318726 0.240710 0.012498
3 0.834619 0.301733 0.233755 0.016573
5 0.936748 0.274640 0.047561 0.031558
2 0.878142 0.269381 0.155948 0.036823
1 0.915484 0.241633 0.061832 0.018412
4 0.533406 0.318282 0.234426 0.013566
3 0.532794 0.302053 0.232787 0.016414
5 0.634103 0.274595 0.047303 0.032188
2 0.575400 0.269700 0.152477 0.036304
1 0.614329 0.242083 0.060735 0.019570
4 0.222335 0.318916 0.218116 0.011678
3 0.223110 0.303157 0.215665 0.015465
5 0.316168 0.275959 0.047561 0.031299
2 0.257497 0.270799 0.152206 0.036563
1 0.295206 0.243576 0.060477 0.019461
0 0.531503 0.222238 0.262774 0.209990
0 0.195110 0.217168 0.296723 0.219271
0 0.152652 0.437413 0.225819 0.197443
0 0.827929 0.222832 0.269923 0.210559
0 0.389548 0.433591 0.231071 0.205085
0 0.635013 0.447552 0.211935 0.174086
4 0.862652 0.527817 0.171574 0.011578
5 0.932600 0.484361 0.047910 0.030779
2 0.874161 0.479231 0.153226 0.036823
1 0.911555 0.451903 0.060787 0.018891
4 0.633316 0.527293 0.191277 0.011568
3 0.641335 0.511429 0.174284 0.015784
5 0.713877 0.484735 0.048245 0.031828
2 0.655613 0.479211 0.154581 0.036563
0 0.776329 0.886853 0.286052 0.197443
0 0.371710 0.895714 0.292168 0.179081
0 0.799981 0.662772 0.317613 0.214535
0 0.499103 0.685045 0.259961 0.173447
0 0.315219 0.719730 0.047213 0.031828
0 0.191587 0.661314 0.297290 0.216533
0 0.861619 0.439141 0.197845 0.196364
4 0.787355 0.977383 0.239716 0.011369
3 0.803684 0.960475 0.209174 0.017652
5 0.891477 0.933092 0.048916 0.030300
2 0.834194 0.928047 0.153703 0.036613
1 0.871703 0.900599 0.060748 0.018342
4 0.402858 0.977033 0.207523 0.012627
3 0.389813 0.961414 0.233613 0.014835
5 0.491529 0.933631 0.047290 0.029980
2 0.433026 0.928112 0.152890 0.035984
1 0.471432 0.900804 0.059794 0.019471
4 0.801465 0.754500 0.293535 0.027463
3 0.797239 0.723492 0.303819 0.031818
5 0.931955 0.687747 0.048581 0.031039
2 0.873690 0.682742 0.152206 0.035774
1 0.911471 0.655495 0.061161 0.019461
4 0.503555 0.763187 0.225045 0.010729
3 0.497852 0.747557 0.235652 0.016094
5 0.600594 0.719306 0.048103 0.030300
2 0.542290 0.714261 0.154103 0.036613
1 0.580406 0.687113 0.061561 0.018941
4 0.222290 0.762428 0.216245 0.010989
3 0.211800 0.747218 0.234284 0.016334
2 0.256955 0.714600 0.152877 0.036833
1 0.294665 0.687373 0.061148 0.019201
3 0.866690 0.511718 0.162052 0.017103
