0 0.214700 0.888546 0.059726 0.018671
0 0.850189 0.871034 0.211851 0.207483
0 0.624433 0.888442 0.227197 0.166813
0 0.390769 0.889850 0.226362 0.164176
0 0.152243 0.890035 0.217705 0.164545
0 0.814316 0.660495 0.283312 0.183267
0 0.499967 0.656354 0.288722 0.195704
0 0.191597 0.647123 0.308540 0.208132
0 0.748709 0.428067 0.344407 0.187562
5 0.711904 0.920260 0.047014 0.029550
3 0.667184 0.948856 0.118644 0.014775
4 0.666297 0.964126 0.120130 0.011369
1 0.886030 0.888811 0.061369 0.018302
2 0.848748 0.915794 0.152412 0.037562
1 0.909407 0.669116 0.061213 0.019291
5 0.929518 0.701269 0.047771 0.030470
3 0.858090 0.729775 0.173703 0.014735
2 0.870215 0.695964 0.152764 0.036603
4 0.885000 0.964091 0.072920 0.010420
3 0.865228 0.948467 0.118644 0.011359
5 0.906630 0.919900 0.048201 0.029351
4 0.859974 0.744955 0.169935 0.011309
2 0.176630 0.915589 0.153103 0.036034
5 0.234811 0.920714 0.046336 0.031039
3 0.182288 0.947677 0.137666 0.013417
4 0.172027 0.964725 0.156206 0.011049
1 0.457027 0.888651 0.059739 0.018941
2 0.418305 0.915794 0.155306 0.035984
5 0.477216 0.921004 0.046558 0.030619
3 0.431486 0.948467 0.119870 0.015475
4 0.416512 0.963771 0.154224 0.011119
1 0.692008 0.887707 0.059322 0.017992
2 0.653103 0.915524 0.153742 0.036743
3 0.378240 0.296474 0.155854 0.014466
4 0.541480 0.746139 0.180926 0.011738
3 0.534459 0.730599 0.195254 0.017443
5 0.615776 0.702767 0.048449 0.029930
2 0.558188 0.697842 0.154733 0.035984
1 0.595756 0.671329 0.062777 0.020080
4 0.219420 0.742917 0.184394 0.010609
3 0.230248 0.726633 0.163625 0.019321
5 0.297223 0.699735 0.046467 0.029920
2 0.238155 0.694625 0.153729 0.036364
1 0.276714 0.667922 0.060808 0.018561
4 0.835978 0.512562 0.132243 0.011359
3 0.840176 0.498072 0.123585 0.015145
5 0.885300 0.469840 0.045698 0.030589
2 0.826995 0.464456 0.152425 0.035664
1 0.865124 0.437333 0.061460 0.018941
4 0.400495 0.512777 0.113898 0.009091
3 0.396969 0.498292 0.119048 0.012947
5 0.442282 0.469565 0.047379 0.030619
2 0.383833 0.464950 0.153455 0.036294
1 0.421069 0.437537 0.061512 0.018991
4 0.840117 0.311094 0.120156 0.010300
3 0.820411 0.296059 0.158475 0.015994
5 0.886063 0.268002 0.047197 0.031349
2 0.827392 0.263636 0.153898 0.036823
1 0.866375 0.235150 0.060939 0.019291
4 0.404433 0.311334 0.104694 0.011578
5 0.442432 0.268197 0.046688 0.031039
2 0.383905 0.263332 0.152764 0.036034
1 0.421838 0.236499 0.060417 0.019730
0 0.252888 0.210295 0.430939 0.218611
0 0.711375 0.208656 0.402334 0.220569
0 0.284231 0.428127 0.370156 0.182507
