3 0.866364 0.518310 0.172180 0.014980
4 0.195842 0.317050 0.270248 0.010260
3 0.184504 0.301745 0.289765 0.015530
5 0.315000 0.273910 0.045666 0.030780
2 0.256593 0.269015 0.153499 0.035250
1 0.294537 0.242320 0.060431 0.018680
4 0.553916 0.316850 0.189713 0.010740
3 0.567657 0.300735 0.160535 0.013590
5 0.635189 0.273995 0.047794 0.030690
5 0.940574 0.272005 0.047781 0.030470
3 0.861410 0.299130 0.187154 0.015520
4 0.868035 0.314810 0.175131 0.011580
1 0.608858 0.461065 0.059230 0.019070
2 0.570946 0.488135 0.151658 0.035950
4 0.882291 0.533815 0.142128 0.010770
1 0.613061 0.242210 0.060091 0.019460
3 0.553486 0.519915 0.179138 0.015350
0 0.824961 0.653965 0.272950 0.216810
1 0.293257 0.460950 0.059804 0.018640
3 0.217200 0.520585 0.224582 0.014990
4 0.219439 0.535315 0.219426 0.010790
5 0.630176 0.493395 0.045783 0.031130
1 0.920405 0.239625 0.060653 0.018190
2 0.576377 0.269175 0.152807 0.035950
2 0.881338 0.266740 0.152520 0.036160
2 0.255085 0.487805 0.153956 0.035950
5 0.313910 0.492915 0.047689 0.030290
4 0.553688 0.535590 0.182859 0.011400
5 0.316619 0.710945 0.046971 0.031570
2 0.256658 0.705990 0.153290 0.035980
1 0.295189 0.679000 0.059752 0.018620
0 0.184582 0.434295 0.314021 0.215450
0 0.188074 0.218680 0.305888 0.212060
0 0.837722 0.433970 0.253381 0.215900
0 0.528864 0.437290 0.257755 0.212720
0 0.207298 0.654270 0.274282 0.215340
3 0.556847 0.737620 0.178838 0.014200
5 0.633087 0.710470 0.048211 0.030300
0 0.512774 0.654920 0.292232 0.215340
4 0.568623 0.752825 0.156645 0.010910
1 0.911821 0.679200 0.060091 0.018260
1 0.917709 0.458830 0.059386 0.017900
2 0.574987 0.705740 0.152872 0.035980
1 0.612480 0.678905 0.060574 0.018310
4 0.209151 0.754190 0.242089 0.013100
3 0.201319 0.738205 0.259191 0.016910
1 0.807905 0.898810 0.061815 0.018940
0 0.699661 0.877130 0.335901 0.215840
0 0.352278 0.876640 0.301919 0.213260
0 0.535849 0.218355 0.252924 0.211410
0 0.833570 0.217480 0.270587 0.210900
4 0.819426 0.754380 0.256136 0.014020
1 0.455313 0.898345 0.060574 0.019570
2 0.417409 0.925490 0.154530 0.035980
5 0.476540 0.931015 0.046162 0.032510
3 0.369399 0.958320 0.242298 0.016420
4 0.373936 0.972840 0.233225 0.012620
3 0.825007 0.737295 0.246253 0.014390
3 0.738923 0.957895 0.207689 0.014390
2 0.770078 0.925890 0.155274 0.036740
4 0.751188 0.974450 0.186919 0.014020
5 0.828668 0.931380 0.047963 0.031820
5 0.932082 0.711620 0.045783 0.030140
2 0.874497 0.706330 0.153799 0.035620
5 0.938812 0.491535 0.047702 0.030670
2 0.879811 0.485775 0.153094 0.036170
