0 0.333567 0.686555 0.306270 0.155990
4 0.861152 0.966150 0.163613 0.011680
3 0.810916 0.949705 0.261937 0.015150
4 0.560785 0.966150 0.184267 0.011680
3 0.534804 0.950490 0.233429 0.017040
5 0.627140 0.923030 0.048757 0.031560
5 0.916466 0.923505 0.047513 0.030930
2 0.857389 0.918135 0.154935 0.035350
1 0.896643 0.891150 0.061558 0.019260
0 0.777624 0.682740 0.346243 0.168000
0 0.215124 0.869280 0.277579 0.210760
0 0.811702 0.875280 0.271623 0.196360
0 0.532631 0.875325 0.247487 0.196810
1 0.439221 0.683705 0.060537 0.019070
2 0.401211 0.710990 0.152631 0.035940
5 0.460602 0.715875 0.048194 0.030470
3 0.328907 0.741985 0.289542 0.013670
4 0.350772 0.757765 0.245131 0.011570
1 0.902873 0.682345 0.060537 0.018630
2 0.864902 0.709420 0.153207 0.035980
5 0.923901 0.714910 0.048089 0.029540
3 0.771937 0.741620 0.331178 0.017040
4 0.832480 0.757980 0.214175 0.011360
1 0.304378 0.889815 0.061113 0.019290
2 0.266145 0.916485 0.154254 0.035250
5 0.325537 0.922140 0.048534 0.031820
3 0.224588 0.949390 0.250982 0.015000
4 0.247415 0.965835 0.206165 0.012310
1 0.605445 0.890835 0.060733 0.017670
2 0.568266 0.917825 0.153285 0.036930
