1 0.872526 0.885310 0.073320 0.022420
2 0.827369 0.918295 0.185157 0.043550
3 0.833786 0.957590 0.160722 0.017360
4 0.831102 0.975265 0.166929 0.012310
3 0.273504 0.961620 0.084226 0.015260
4 0.242441 0.976880 0.150157 0.010520
5 0.852434 0.788915 0.080774 0.035350
2 0.244856 0.480265 0.152913 0.035250
5 0.302159 0.485825 0.047756 0.030250
3 0.278740 0.512045 0.077375 0.014910
4 0.246923 0.528460 0.140381 0.010740
1 0.596404 0.454590 0.061102 0.018940
2 0.557743 0.481550 0.154987 0.036040
5 0.616975 0.486575 0.048675 0.030510
3 0.552828 0.514170 0.153898 0.015120
4 0.536601 0.529450 0.189291 0.010080
1 0.916293 0.454450 0.060171 0.019000
2 0.878222 0.481420 0.153268 0.036040
5 0.936555 0.486550 0.049698 0.029980
3 0.869068 0.514165 0.163281 0.014730
4 0.836004 0.530240 0.230591 0.012100
1 0.287172 0.675020 0.060984 0.018640
2 0.249521 0.702070 0.154764 0.036160
5 0.302329 0.934135 0.047283 0.030250
2 0.244685 0.928740 0.154304 0.036300
0 0.180906 0.873730 0.297060 0.222720
1 0.281962 0.901515 0.060407 0.018150
4 0.879501 0.750290 0.158215 0.011180
3 0.893222 0.734685 0.125997 0.015350
2 0.884390 0.701955 0.153031 0.035510
1 0.921955 0.675115 0.060709 0.018830
0 0.636234 0.874385 0.576194 0.220710
0 0.179416 0.648060 0.297651 0.215900
0 0.492867 0.648285 0.299436 0.217270
0 0.811161 0.647830 0.309934 0.218180
5 0.617146 0.706765 0.048675 0.029190
3 0.278340 0.734830 0.089751 0.013420
4 0.208950 0.749875 0.229554 0.009990
4 0.515833 0.750795 0.230249 0.010790
3 0.516522 0.734645 0.227822 0.014470
1 0.596785 0.674805 0.061102 0.018930
2 0.558294 0.701895 0.153963 0.035770
1 0.281640 0.235245 0.059449 0.017170
2 0.243845 0.261915 0.153018 0.036230
5 0.302257 0.267395 0.048425 0.031050
3 0.274324 0.294945 0.083425 0.014430
1 0.601654 0.235585 0.061102 0.018150
4 0.270492 0.310505 0.092297 0.010590
2 0.564022 0.262280 0.154291 0.036300
3 0.581969 0.294635 0.108740 0.014210
4 0.552080 0.310210 0.169488 0.010780
1 0.922303 0.235505 0.060748 0.018150
2 0.883399 0.262385 0.154646 0.035770
3 0.902041 0.294345 0.107703 0.018670
4 0.878976 0.310075 0.157060 0.011570
1 0.282028 0.453375 0.060066 0.018150
0 0.491201 0.430475 0.304213 0.212170
0 0.810085 0.430475 0.304921 0.214350
0 0.179108 0.429385 0.299921 0.212170
0 0.811877 0.209575 0.305643 0.215450
0 0.494062 0.209300 0.304213 0.218180
0 0.180906 0.208485 0.294908 0.217630
