5 0.633492 0.711830 0.047607 0.031560
4 0.526359 0.754505 0.243823 0.011990
1 0.922861 0.680880 0.060884 0.017880
2 0.884389 0.707580 0.154265 0.036040
5 0.943218 0.713235 0.048231 0.031030
5 0.315091 0.713375 0.048440 0.030930
3 0.216788 0.741155 0.226164 0.015790
0 0.534941 0.875560 0.304369 0.215200
0 0.844844 0.666050 0.249376 0.198320
0 0.528570 0.656240 0.263615 0.210440
0 0.214363 0.439745 0.256060 0.213270
4 0.181365 0.757505 0.295943 0.011670
1 0.612757 0.679320 0.060338 0.018940
2 0.575000 0.706310 0.153927 0.036300
3 0.523693 0.738805 0.248322 0.018310
2 0.602217 0.927260 0.153927 0.035980
5 0.660910 0.932310 0.047204 0.030940
3 0.555013 0.960410 0.244226 0.017020
4 0.552835 0.976405 0.245878 0.011370
3 0.872581 0.740195 0.168283 0.016570
0 0.527984 0.224435 0.257711 0.199530
0 0.827542 0.215300 0.276619 0.222540
4 0.845839 0.756320 0.223017 0.010260
1 0.640182 0.900270 0.060754 0.018620
2 0.259213 0.488970 0.153927 0.035780
5 0.316853 0.493835 0.047542 0.030250
2 0.255988 0.708485 0.154343 0.036930
4 0.223986 0.536950 0.217542 0.011840
4 0.523283 0.537605 0.251066 0.012630
1 0.912880 0.460955 0.061235 0.019730
2 0.875078 0.488180 0.153927 0.035780
5 0.933401 0.493835 0.048231 0.031310
3 0.829759 0.521060 0.236346 0.017360
4 0.833004 0.536025 0.229519 0.011570
1 0.294571 0.681500 0.060741 0.018940
1 0.296671 0.462010 0.060546 0.019200
4 0.843095 0.317570 0.223017 0.011840
5 0.940046 0.273865 0.047607 0.031570
3 0.864551 0.300635 0.177867 0.016050
2 0.880748 0.268605 0.153069 0.035510
1 0.918953 0.241730 0.059285 0.017980
3 0.558992 0.520640 0.179233 0.017880
5 0.633388 0.493545 0.048908 0.030510
2 0.574551 0.488550 0.154954 0.036820
1 0.613381 0.461455 0.060884 0.018410
3 0.564967 0.301420 0.159948 0.016440
0 0.184785 0.663755 0.313212 0.204210
0 0.834207 0.439910 0.253641 0.209440
0 0.524317 0.439745 0.271651 0.212170
0 0.212705 0.216980 0.262497 0.217560
3 0.231339 0.520930 0.203511 0.017100
4 0.561365 0.317050 0.170455 0.011840
5 0.630371 0.273470 0.047893 0.030240
2 0.571814 0.268755 0.154239 0.036170
1 0.610280 0.241575 0.060715 0.018630
4 0.228602 0.317965 0.207633 0.011050
3 0.238693 0.300370 0.188466 0.018140
5 0.317022 0.274065 0.048218 0.030770
2 0.258192 0.268540 0.153576 0.034980
1 0.297016 0.241845 0.060195 0.018410
