0 0.588322 0.864915 0.423668 0.206170
1 0.758923 0.898605 0.049230 0.014690
0 0.874811 0.429200 0.176828 0.188180
0 0.610398 0.650830 0.483486 0.189260
4 0.696749 0.959045 0.197389 0.011990
2 0.729308 0.920745 0.122193 0.029150
3 0.709980 0.943985 0.168943 0.012310
5 0.776038 0.924995 0.039778 0.025210
0 0.468342 0.218300 0.424386 0.184900
0 0.364021 0.422020 0.164491 0.207260
0 0.618231 0.423925 0.325418 0.205630
3 0.376430 0.502885 0.129804 0.015250
4 0.478930 0.959330 0.191723 0.010600
3 0.488466 0.943720 0.171214 0.013700
5 0.554289 0.924995 0.038394 0.025210
2 0.506808 0.921945 0.120666 0.032510
1 0.537924 0.899020 0.048407 0.015160
4 0.770333 0.738405 0.156671 0.008950
3 0.752337 0.722325 0.193159 0.014070
5 0.829262 0.698780 0.040352 0.025640
2 0.779811 0.694575 0.130483 0.029590
1 0.811580 0.672105 0.050366 0.016650
4 0.462115 0.738035 0.115901 0.008950
3 0.445522 0.722125 0.146815 0.013150
5 0.501436 0.699045 0.040627 0.025210
2 0.452076 0.694990 0.130209 0.030680
1 0.485013 0.672040 0.051802 0.016440
4 0.874902 0.516960 0.170326 0.010260
3 0.885822 0.502250 0.147650 0.012100
5 0.941319 0.479565 0.040783 0.025750
2 0.892148 0.474465 0.131162 0.030870
1 0.923668 0.451525 0.050783 0.015350
4 0.687467 0.517610 0.178564 0.010960
3 0.689040 0.502400 0.174269 0.012280
5 0.758009 0.478835 0.040927 0.025650
2 0.707787 0.474785 0.130483 0.031130
1 0.740405 0.451525 0.050940 0.015570
4 0.366645 0.517615 0.147311 0.011570
5 0.423479 0.479210 0.041214 0.025260
2 0.373003 0.474475 0.131854 0.030510
1 0.405450 0.452115 0.052546 0.016310
4 0.576664 0.303365 0.199517 0.011310
3 0.589889 0.288165 0.171345 0.013950
5 0.657539 0.263835 0.041554 0.024730
2 0.607402 0.259625 0.131514 0.030510
1 0.640196 0.236610 0.052193 0.016040
4 0.355176 0.302780 0.194869 0.010520
3 0.363766 0.287870 0.175992 0.011840
5 0.434445 0.264310 0.041501 0.026080
2 0.384223 0.260035 0.131632 0.030250
1 0.416704 0.236910 0.051214 0.016000
