0 0.839367 0.441250 0.282427 0.197720
0 0.190132 0.654100 0.308707 0.211080
0 0.507104 0.660925 0.313734 0.199630
0 0.521135 0.432930 0.284222 0.214900
5 0.318331 0.710335 0.047427 0.031350
3 0.872269 0.737105 0.187942 0.016670
5 0.951201 0.709645 0.045963 0.029930
2 0.893245 0.704805 0.152982 0.035510
1 0.930884 0.677980 0.059551 0.017320
4 0.574571 0.753035 0.172071 0.012710
3 0.565778 0.737010 0.189420 0.014240
5 0.635732 0.709960 0.046847 0.030900
2 0.577460 0.704875 0.154129 0.035510
1 0.615488 0.678570 0.058997 0.018420
4 0.282348 0.752920 0.122032 0.011180
3 0.267137 0.736635 0.151530 0.013810
2 0.259189 0.705075 0.154129 0.035730
1 0.297467 0.678030 0.059525 0.018260
4 0.875633 0.531950 0.205778 0.010780
3 0.873450 0.517375 0.208562 0.016050
5 0.952916 0.490150 0.048918 0.031040
2 0.893575 0.485420 0.153720 0.036300
1 0.932434 0.458510 0.060858 0.018120
4 0.572982 0.532080 0.174670 0.011400
3 0.587263 0.515920 0.145237 0.014440
5 0.635152 0.489930 0.047137 0.030900
2 0.576451 0.484775 0.152401 0.035950
1 0.614479 0.458145 0.060726 0.017750
4 0.245053 0.532630 0.194908 0.012060
3 0.264624 0.516870 0.153259 0.015780
5 0.316392 0.489795 0.047427 0.030470
0 0.189776 0.221845 0.309420 0.195270
0 0.521854 0.213115 0.285660 0.213810
0 0.851359 0.208525 0.257256 0.220450
0 0.202368 0.436470 0.284235 0.208900
0 0.825442 0.654320 0.305106 0.214360
4 0.879103 0.972410 0.178707 0.010520
3 0.880732 0.956835 0.174894 0.014470
5 0.953087 0.930005 0.048232 0.031310
2 0.895310 0.924615 0.154763 0.035770
1 0.932790 0.898310 0.060383 0.017880
4 0.556293 0.972140 0.182770 0.011680
3 0.556359 0.956270 0.178654 0.013260
5 0.633397 0.929750 0.047058 0.030300
2 0.575515 0.924860 0.152823 0.035660
1 0.611728 0.897925 0.060739 0.018850
4 0.878047 0.752105 0.180897 0.010990
0 0.833786 0.906095 0.293588 0.155450
1 0.296695 0.237850 0.060145 0.018200
2 0.258931 0.264765 0.153852 0.035730
5 0.317704 0.269790 0.047467 0.029620
3 0.255693 0.296505 0.174894 0.014990
4 0.267315 0.312180 0.150251 0.011040
1 0.614736 0.238395 0.060158 0.019510
2 0.576887 0.264880 0.152982 0.033760
5 0.633971 0.269780 0.048575 0.029980
3 0.521365 0.297005 0.279354 0.016050
4 0.551346 0.312045 0.218628 0.011310
1 0.931372 0.237715 0.059763 0.018090
2 0.893503 0.264255 0.154420 0.035770
5 0.952328 0.269650 0.048588 0.029720
3 0.894723 0.295820 0.165172 0.016300
4 0.899578 0.311655 0.157203 0.010530
1 0.296016 0.457645 0.060475 0.018090
2 0.258265 0.484315 0.153839 0.035730
0 0.514730 0.872225 0.288404 0.216650
