1 0.444308 0.229795 0.061123 0.019090
0 0.290483 0.210760 0.398094 0.203820
5 0.463590 0.262750 0.047467 0.029540
2 0.404850 0.256845 0.153094 0.035910
0 0.515333 0.882365 0.273433 0.195270
0 0.820385 0.233735 0.292232 0.158390
0 0.812866 0.421585 0.307611 0.193210
4 0.838675 0.973195 0.232467 0.011050
0 0.219537 0.874100 0.277115 0.212720
0 0.817017 0.878740 0.297872 0.203980
5 0.940255 0.930005 0.046358 0.029990
4 0.522650 0.972775 0.237363 0.010410
3 0.513486 0.956940 0.253760 0.016840
5 0.626899 0.929100 0.047689 0.030140
2 0.567800 0.924100 0.152859 0.036540
5 0.939667 0.261465 0.048629 0.029670
3 0.820261 0.288825 0.265535 0.015530
4 0.822148 0.304775 0.270483 0.009470
1 0.916834 0.434240 0.060326 0.019320
2 0.879008 0.461130 0.154778 0.035220
5 0.938845 0.467190 0.046984 0.030680
3 0.808544 0.492950 0.286802 0.014780
4 0.833518 0.508745 0.240822 0.011370
1 0.309432 0.897505 0.061710 0.018630
2 0.272050 0.924545 0.154282 0.037270
5 0.329909 0.929090 0.048068 0.030000
3 0.238819 0.957505 0.213616 0.015910
4 0.217337 0.973270 0.262272 0.011820
3 0.289928 0.288825 0.377298 0.017050
4 0.322369 0.305340 0.313303 0.011360
1 0.605725 0.897250 0.061292 0.017900
1 0.918322 0.229620 0.059334 0.018940
2 0.880829 0.256290 0.152467 0.035040
2 0.882043 0.924350 0.154530 0.036040
3 0.813975 0.955970 0.279125 0.013940
1 0.919817 0.897125 0.060444 0.018410
