5 0.902611 0.705735 0.099466 0.028090
0 0.506745 0.311620 0.311068 0.437220
0 0.187930 0.311975 0.314167 0.436150
0 0.820801 0.313260 0.303398 0.439180
0 0.289850 0.646085 0.400560 0.215990
0 0.747813 0.646740 0.432344 0.216000
0 0.346100 0.871900 0.623841 0.219920
3 0.815768 0.729570 0.134401 0.015780
5 0.903027 0.673860 0.099466 0.030620
1 0.812402 0.678910 0.020143 0.013580
1 0.814460 0.711265 0.042331 0.013890
2 0.763906 0.705895 0.169740 0.028410
2 0.764518 0.674335 0.169323 0.029670
4 0.380612 0.747485 0.203698 0.010070
3 0.364290 0.730965 0.236315 0.014210
2 0.410352 0.699400 0.153776 0.037360
1 0.448887 0.671780 0.059596 0.017880
2 0.891973 0.475840 0.152409 0.036560
1 0.929818 0.448485 0.060964 0.018670
4 0.505345 0.523325 0.098138 0.010990
3 0.505000 0.506775 0.088776 0.016290
5 0.579473 0.481020 0.149935 0.030680
5 0.579225 0.448060 0.149440 0.030680
2 0.430892 0.481210 0.137852 0.030300
1 0.468600 0.488165 0.023008 0.013250
1 0.466751 0.453760 0.023424 0.012620
2 0.430996 0.448075 0.139336 0.030930
4 0.236549 0.523895 0.187917 0.009850
3 0.194134 0.508060 0.275195 0.013260
5 0.316940 0.480600 0.047344 0.030300
2 0.258008 0.475490 0.154375 0.036740
0 0.813301 0.870060 0.285326 0.223060
1 0.296725 0.448215 0.060169 0.017810
4 0.898483 0.524455 0.133242 0.011050
3 0.879473 0.509250 0.169883 0.017100
4 0.824505 0.973590 0.142135 0.010260
3 0.799811 0.957915 0.192487 0.013410
5 0.881152 0.930165 0.047617 0.031570
2 0.822415 0.925560 0.152070 0.036040
4 0.815085 0.746855 0.136315 0.011310
1 0.598906 0.882295 0.072995 0.021590
2 0.553776 0.914110 0.183958 0.042800
5 0.624303 0.920360 0.058685 0.037120
3 0.553281 0.954070 0.175078 0.017420
4 0.582526 0.972180 0.120339 0.012500
1 0.860775 0.898335 0.060977 0.019470
