0 0.183511 0.453655 0.286554 0.184350
5 0.642724 0.243160 0.173615 0.025880
3 0.659928 0.302340 0.143654 0.014720
4 0.651723 0.315995 0.161105 0.010790
1 0.924298 0.242210 0.059857 0.018680
2 0.886333 0.269435 0.154954 0.035770
0 0.866469 0.232620 0.237412 0.185600
5 0.944311 0.274435 0.048570 0.029990
3 0.861879 0.300870 0.190858 0.017100
4 0.876274 0.317705 0.165553 0.011570
1 0.279538 0.462465 0.060715 0.018850
2 0.241632 0.489755 0.152497 0.036610
5 0.299980 0.495145 0.046749 0.031350
3 0.244779 0.522360 0.139961 0.015560
4 0.260176 0.538435 0.112055 0.011070
2 0.467698 0.465530 0.054720 0.026300
0 0.374902 0.210080 0.224603 0.226120
2 0.467009 0.495910 0.054382 0.029200
5 0.585195 0.495625 0.172393 0.028930
5 0.585026 0.465795 0.172055 0.025250
1 0.480150 0.460385 0.031925 0.008550
1 0.479122 0.485610 0.032783 0.007460
3 0.559363 0.522375 0.225072 0.016570
0 0.612978 0.210390 0.246112 0.224720
0 0.510488 0.434835 0.337620 0.221990
0 0.840585 0.437295 0.269805 0.215990
2 0.525234 0.273175 0.054733 0.030510
2 0.525059 0.243315 0.054382 0.025510
1 0.540618 0.237665 0.025995 0.009470
1 0.537133 0.264175 0.030442 0.008150
5 0.642685 0.273020 0.174447 0.030300
1 0.062477 0.264885 0.032861 0.009290
5 0.170995 0.240435 0.178713 0.031790
5 0.171651 0.209815 0.179012 0.026310
1 0.064454 0.204835 0.031118 0.007850
2 0.050715 0.209070 0.055137 0.024740
1 0.062633 0.230445 0.032003 0.008750
2 0.051495 0.239925 0.055631 0.029990
2 0.051073 0.271750 0.056216 0.028160
5 0.461339 0.274215 0.047880 0.031790
1 0.441242 0.241445 0.060715 0.018850
2 0.402620 0.269065 0.153355 0.037710
4 0.418557 0.317485 0.115735 0.010090
3 0.402906 0.301395 0.148231 0.015570
4 0.215293 0.314815 0.092250 0.009590
3 0.215793 0.300275 0.090858 0.014610
5 0.171704 0.271780 0.177867 0.027840
4 0.575442 0.538525 0.196684 0.009210
0 0.140442 0.209890 0.244317 0.226500
4 0.854389 0.537475 0.220975 0.010790
3 0.871112 0.521430 0.189844 0.015780
5 0.950156 0.494410 0.047204 0.030300
2 0.891261 0.489175 0.154330 0.035670
1 0.929434 0.462345 0.060741 0.017990
