0 0.812646 0.879365 0.278036 0.203450
3 0.227919 0.958780 0.199766 0.015260
4 0.243479 0.974115 0.170338 0.010790
0 0.200832 0.223295 0.283121 0.201810
0 0.524142 0.888960 0.266567 0.185900
3 0.858010 0.518720 0.186346 0.014520
1 0.921489 0.679585 0.060091 0.018450
2 0.883010 0.706165 0.153641 0.035510
5 0.313231 0.931350 0.046463 0.031780
2 0.254512 0.926225 0.155345 0.035290
1 0.292614 0.899420 0.061274 0.019720
4 0.880936 0.753765 0.150845 0.011310
3 0.872724 0.738120 0.161105 0.014200
5 0.941580 0.711210 0.047321 0.030680
4 0.847575 0.974360 0.131977 0.010740
3 0.841443 0.957585 0.141378 0.014030
5 0.899467 0.930875 0.047880 0.030250
2 0.840299 0.925875 0.153238 0.036030
1 0.878602 0.899045 0.059519 0.018150
4 0.577152 0.974510 0.139220 0.011580
3 0.572126 0.957795 0.147763 0.014070
5 0.631339 0.931020 0.047022 0.031780
2 0.573049 0.925765 0.153355 0.035950
1 0.611671 0.898690 0.058427 0.018200
1 0.286795 0.457740 0.059623 0.017900
0 0.196691 0.447840 0.276034 0.184540
0 0.829129 0.218300 0.270117 0.205440
0 0.525917 0.219665 0.273654 0.207270
5 0.937048 0.491620 0.046086 0.031600
2 0.878758 0.486155 0.152497 0.036170
1 0.916567 0.459110 0.059324 0.018020
4 0.577750 0.535480 0.137113 0.010300
3 0.572562 0.518820 0.147932 0.014240
5 0.631912 0.491855 0.047594 0.030910
2 0.573557 0.486485 0.152497 0.036170
1 0.611339 0.459855 0.058726 0.018410
4 0.250806 0.532630 0.143953 0.009860
3 0.249441 0.517155 0.143953 0.013370
5 0.307016 0.489975 0.048179 0.031350
2 0.248726 0.484385 0.152224 0.035510
4 0.833179 0.313865 0.240117 0.010730
3 0.838479 0.297830 0.230273 0.017040
5 0.937848 0.271540 0.047191 0.030780
2 0.879460 0.266595 0.152549 0.035250
1 0.918114 0.239635 0.060208 0.018670
4 0.562074 0.312920 0.172393 0.011360
3 0.552133 0.296885 0.190871 0.015150
5 0.633205 0.269735 0.048440 0.031570
2 0.574298 0.265145 0.151456 0.035690
1 0.613069 0.238530 0.059870 0.018940
4 0.254226 0.315620 0.151365 0.009860
3 0.252321 0.299510 0.151352 0.015780
5 0.315312 0.272330 0.046463 0.030240
2 0.256736 0.267065 0.153914 0.035510
1 0.294220 0.240105 0.060715 0.019290
4 0.572055 0.754350 0.149077 0.011840
3 0.574018 0.738530 0.142237 0.016460
5 0.631593 0.711355 0.047035 0.030450
2 0.573875 0.705970 0.153342 0.036380
1 0.611645 0.678680 0.058999 0.018200
4 0.228199 0.754110 0.189272 0.010960
3 0.220650 0.738870 0.204941 0.016000
5 0.308446 0.711805 0.047035 0.030250
2 0.250007 0.706325 0.153641 0.035950
1 0.288459 0.679305 0.060091 0.018630
4 0.872204 0.534050 0.159337 0.010520
0 0.525735 0.449835 0.265982 0.183270
0 0.825878 0.434430 0.274252 0.212260
0 0.209252 0.657310 0.248544 0.207860
0 0.527692 0.660330 0.263030 0.207720
0 0.825761 0.671560 0.281586 0.178360
0 0.184870 0.878730 0.305579 0.207260
