5 0.316468 0.494320 0.049858 0.032200
4 0.814806 0.980340 0.157089 0.011400
3 0.793221 0.963705 0.196507 0.014690
5 0.877872 0.936765 0.047646 0.031310
2 0.819715 0.931085 0.153816 0.036030
1 0.858169 0.904250 0.061255 0.019200
4 0.390724 0.979720 0.194774 0.012940
3 0.371734 0.963590 0.232342 0.013260
5 0.473409 0.936445 0.047775 0.029670
2 0.415220 0.931235 0.153545 0.036930
1 0.452995 0.903775 0.059211 0.019250
4 0.841119 0.758295 0.229069 0.011370
3 0.830175 0.742575 0.244592 0.015790
5 0.939812 0.715115 0.047361 0.031570
2 0.881009 0.709745 0.153532 0.035350
1 0.918991 0.682915 0.059612 0.019570
4 0.550343 0.758820 0.193622 0.010520
4 0.222484 0.537210 0.217102 0.011840
3 0.192613 0.521030 0.275291 0.017100
2 0.257238 0.488640 0.152717 0.035980
1 0.295589 0.461750 0.059560 0.017900
4 0.781708 0.317650 0.270323 0.012620
3 0.765944 0.301965 0.299728 0.016410
5 0.899877 0.274345 0.047361 0.031250
2 0.841876 0.269610 0.153506 0.035660
0 0.828959 0.447155 0.288706 0.195910
0 0.207962 0.660810 0.268422 0.215340
3 0.549017 0.743275 0.197025 0.015790
5 0.632898 0.715655 0.047633 0.031030
0 0.502555 0.444655 0.316831 0.202350
0 0.197025 0.446290 0.294230 0.199080
0 0.725356 0.216620 0.401604 0.220380
2 0.575149 0.710605 0.152445 0.035510
1 0.612620 0.683985 0.059547 0.018850
4 0.250899 0.758425 0.160944 0.012370
3 0.215201 0.740460 0.230039 0.017100
5 0.315925 0.715205 0.047633 0.031830
2 0.257232 0.709425 0.154153 0.035510
1 0.295343 0.682595 0.060233 0.018150
4 0.849243 0.528625 0.225395 0.027650
3 0.837342 0.497605 0.251371 0.031590
5 0.945246 0.462155 0.047646 0.030250
2 0.887820 0.456565 0.151708 0.035730
1 0.925647 0.429955 0.059832 0.018850
4 0.542859 0.538130 0.216766 0.011040
3 0.499340 0.522345 0.303389 0.016730
5 0.635731 0.493830 0.046779 0.029820
2 0.576746 0.489115 0.152846 0.035730
1 0.615310 0.462315 0.059858 0.019030
2 0.414625 0.267765 0.154554 0.035130
1 0.453525 0.241140 0.059625 0.018940
0 0.835647 0.661660 0.261462 0.206700
0 0.722005 0.878825 0.363389 0.217630
0 0.312529 0.893165 0.372561 0.190470
5 0.474146 0.273240 0.048189 0.031560
3 0.383085 0.300385 0.209897 0.016410
4 0.386229 0.317020 0.205395 0.011360
1 0.879871 0.242295 0.061242 0.019590
0 0.544541 0.664190 0.231436 0.202900
0 0.325097 0.215025 0.349987 0.219810
