1 0.911069 0.626124 0.046910 0.014246
0 0.811284 0.630500 0.285332 0.124535
0 0.195248 0.762088 0.289478 0.135904
0 0.502673 0.762238 0.285241 0.133327
0 0.810398 0.761099 0.281760 0.133327
0 0.349335 0.898766 0.597288 0.130360
4 0.809081 0.683731 0.116441 0.008541
3 0.809993 0.675310 0.159622 0.008561
5 0.927373 0.651728 0.037197 0.024775
2 0.880600 0.647498 0.121591 0.028501
0 0.511780 0.626678 0.301812 0.134176
4 0.503553 0.683731 0.114720 0.008541
3 0.501897 0.675225 0.084967 0.008551
5 0.640156 0.651508 0.037757 0.024336
2 0.593468 0.647652 0.121591 0.028492
1 0.624368 0.625954 0.048918 0.014905
4 0.195984 0.684136 0.174263 0.009131
3 0.194550 0.675914 0.154707 0.008032
5 0.312581 0.651573 0.037940 0.024805
2 0.265802 0.647103 0.122373 0.027552
1 0.295893 0.625939 0.047875 0.015075
4 0.810939 0.542897 0.120156 0.008771
3 0.809941 0.533996 0.086115 0.009211
5 0.920267 0.511334 0.037666 0.024845
2 0.873207 0.507128 0.122529 0.028861
1 0.903364 0.485849 0.048396 0.014795
4 0.504159 0.541518 0.148761 0.008332
3 0.500867 0.533077 0.086688 0.009431
5 0.627158 0.511973 0.036949 0.024665
2 0.579746 0.506803 0.121578 0.028312
1 0.610026 0.485794 0.048162 0.014066
2 0.258181 0.507423 0.122777 0.028492
4 0.195828 0.541743 0.144824 0.007762
3 0.194837 0.533067 0.085632 0.009590
5 0.304426 0.511169 0.038866 0.024296
1 0.288814 0.485689 0.047197 0.014975
2 0.460789 0.917707 0.121578 0.028501
1 0.491395 0.895894 0.048344 0.015564
4 0.810802 0.819635 0.123299 0.008981
3 0.809029 0.810959 0.093546 0.008332
5 0.921767 0.784720 0.038057 0.026084
2 0.875424 0.780994 0.121591 0.027842
1 0.905893 0.759181 0.048057 0.015784
4 0.502555 0.819745 0.190535 0.009201
3 0.503416 0.811329 0.159348 0.007453
5 0.620847 0.784051 0.038149 0.024845
2 0.574622 0.781019 0.122777 0.027772
1 0.604759 0.759575 0.046962 0.015335
4 0.192451 0.819491 0.187849 0.008032
3 0.195078 0.812008 0.178553 0.007293
5 0.313031 0.784361 0.037432 0.023746
2 0.265228 0.780804 0.122060 0.027582
1 0.295867 0.759431 0.047927 0.015165
2 0.880332 0.917298 0.121525 0.028142
4 0.811226 0.953786 0.098409 0.007233
3 0.809687 0.946024 0.077810 0.007453
1 0.911571 0.895989 0.048070 0.015514
3 0.353344 0.946319 0.286297 0.008521
5 0.508279 0.921344 0.037184 0.024326
0 0.193585 0.466598 0.284746 0.170719
0 0.504009 0.471643 0.288879 0.162268
5 0.926741 0.921059 0.037080 0.024196
4 0.354211 0.955095 0.308136 0.008831
0 0.195196 0.623791 0.288201 0.139011
0 0.810398 0.899351 0.287106 0.135904
0 0.809824 0.480669 0.284733 0.144975
