3 0.229668 0.300969 0.199674 0.017103
3 0.576623 0.303207 0.142816 0.015784
5 0.633435 0.274930 0.047027 0.031299
2 0.575078 0.270065 0.152764 0.035774
1 0.612666 0.242972 0.061108 0.019990
4 0.238651 0.317887 0.180508 0.010300
5 0.314492 0.275215 0.047210 0.030909
4 0.836695 0.524970 0.235789 0.012498
3 0.860698 0.508931 0.184133 0.013566
5 0.938931 0.481259 0.047040 0.030509
2 0.879954 0.476738 0.154485 0.036034
1 0.917542 0.449505 0.060065 0.017892
4 0.547660 0.524176 0.208123 0.010989
3 0.540587 0.509590 0.219974 0.016284
5 0.635502 0.481563 0.046962 0.029920
2 0.577419 0.476454 0.153246 0.036364
1 0.614739 0.449181 0.059804 0.018182
4 0.192477 0.524745 0.276819 0.012128
3 0.203057 0.509401 0.258031 0.017802
5 0.317405 0.481783 0.045997 0.029980
2 0.259459 0.476733 0.152764 0.036304
1 0.296708 0.449640 0.061108 0.017882
4 0.828559 0.319545 0.259935 0.011678
3 0.811669 0.304675 0.295776 0.015465
5 0.943677 0.277398 0.048240 0.031518
2 0.885000 0.271848 0.153233 0.036304
1 0.923514 0.244860 0.060561 0.018312
4 0.561310 0.318437 0.174042 0.010519
1 0.293892 0.242223 0.060926 0.018851
0 0.189615 0.430959 0.311434 0.206354
0 0.815378 0.228511 0.309661 0.199620
2 0.255561 0.269510 0.153625 0.036164
0 0.526845 0.233242 0.268136 0.190899
0 0.510639 0.440360 0.301538 0.183916
0 0.829674 0.439371 0.272282 0.188631
0 0.194361 0.220509 0.297197 0.208172
