0 0.718463 0.208210 0.278217 0.213380
0 0.302829 0.447110 0.331214 0.183260
0 0.853760 0.665390 0.225788 0.195700
0 0.793727 0.429440 0.310349 0.225160
0 0.619942 0.654265 0.241848 0.217950
3 0.812590 0.513795 0.261408 0.016730
4 0.905484 0.753245 0.118256 0.013890
3 0.854341 0.736545 0.217364 0.015470
5 0.938152 0.708610 0.048941 0.030300
2 0.879018 0.703875 0.153333 0.036610
1 0.917351 0.676255 0.061990 0.019250
4 0.617371 0.753085 0.231227 0.011050
3 0.620549 0.738060 0.220633 0.016100
5 0.716260 0.709685 0.047300 0.030310
2 0.657048 0.704130 0.153346 0.034720
1 0.695381 0.676670 0.060349 0.018940
4 0.859813 0.531345 0.169651 0.012630
5 0.916983 0.487755 0.047713 0.030930
2 0.859276 0.482075 0.153333 0.035350
1 0.896596 0.454925 0.060762 0.019570
4 0.748559 0.307425 0.209935 0.011750
3 0.726537 0.290415 0.252997 0.014390
5 0.825930 0.263385 0.047235 0.031830
2 0.767539 0.258785 0.153269 0.036030
1 0.805265 0.231165 0.061512 0.019730
4 0.376757 0.531030 0.174134 0.012000
3 0.366641 0.514110 0.194935 0.013580
5 0.438417 0.487755 0.047300 0.031570
2 0.379690 0.481595 0.153333 0.035670
1 0.417610 0.454615 0.060491 0.019210
