0 0.823891 0.210600 0.287289 0.221820
0 0.191874 0.651375 0.295006 0.212170
0 0.509021 0.661135 0.301362 0.195050
0 0.820441 0.651100 0.299948 0.214900
0 0.197464 0.436965 0.286083 0.199630
0 0.505629 0.429435 0.306459 0.213370
0 0.821965 0.433360 0.290104 0.205520
3 0.818054 0.733120 0.283165 0.017620
5 0.943859 0.705685 0.048054 0.031570
2 0.886427 0.700115 0.153243 0.036170
1 0.923534 0.672935 0.060843 0.018630
4 0.522944 0.749615 0.247678 0.012630
3 0.504008 0.734830 0.285214 0.017360
5 0.632121 0.706870 0.045720 0.029720
2 0.573372 0.701315 0.152840 0.035510
1 0.611576 0.674355 0.059364 0.018410
4 0.188878 0.748670 0.277575 0.011680
3 0.191868 0.723640 0.270610 0.031880
5 0.312847 0.689355 0.048340 0.031350
2 0.253794 0.684125 0.153528 0.035750
1 0.292205 0.656715 0.059637 0.019070
4 0.840227 0.529450 0.232672 0.011040
3 0.817030 0.514065 0.276680 0.016570
2 0.882536 0.480655 0.153191 0.037090
5 0.940383 0.485655 0.047043 0.030250
1 0.920668 0.453110 0.059935 0.017900
4 0.569066 0.529660 0.154890 0.009740
4 0.854351 0.309445 0.202659 0.011990
0 0.836706 0.885095 0.244773 0.191990
0 0.517302 0.884280 0.289339 0.192540
5 0.940778 0.265480 0.046433 0.030880
3 0.840882 0.293005 0.228586 0.014730
1 0.294060 0.453720 0.060726 0.018940
2 0.256018 0.480815 0.153178 0.035250
0 0.501038 0.210665 0.316213 0.212170
5 0.314870 0.485945 0.047769 0.031830
3 0.206518 0.514275 0.247691 0.018670
4 0.232445 0.529135 0.194462 0.011050
1 0.612743 0.454170 0.059364 0.019200
2 0.575214 0.481130 0.152840 0.034720
5 0.633042 0.486260 0.047432 0.030780
3 0.558495 0.514145 0.180130 0.018150
4 0.867244 0.970700 0.159209 0.011840
3 0.862036 0.955180 0.169442 0.016000
5 0.932399 0.927230 0.047471 0.031120
2 0.873405 0.922185 0.152957 0.036390
1 0.911933 0.894565 0.061115 0.018850
4 0.517626 0.969710 0.264799 0.012120
3 0.514455 0.954885 0.269274 0.016170
5 0.634507 0.927005 0.047899 0.031250
2 0.575486 0.922565 0.152840 0.035510
1 0.614377 0.894810 0.060039 0.019460
4 0.196822 0.948500 0.275123 0.028720
3 0.180649 0.925145 0.308275 0.019250
5 0.319099 0.896825 0.046628 0.030250
2 0.260901 0.891395 0.153813 0.035730
1 0.298995 0.864320 0.060558 0.018420
4 0.829994 0.749295 0.258612 0.013150
5 0.315071 0.234975 0.047860 0.031230
1 0.294650 0.202735 0.061414 0.019950
0 0.195999 0.218555 0.287639 0.198510
0 0.184734 0.874515 0.320052 0.183270
4 0.229377 0.301790 0.202309 0.028680
3 0.249468 0.271490 0.161038 0.030780
2 0.255817 0.230110 0.154202 0.036300
2 0.882283 0.260330 0.153515 0.035440
1 0.920415 0.233200 0.059248 0.019180
4 0.505590 0.308940 0.282983 0.012500
3 0.495713 0.292655 0.302140 0.015530
5 0.632121 0.265755 0.049118 0.031830
2 0.574254 0.260390 0.153178 0.036300
1 0.611958 0.233035 0.058677 0.018410
