0 0.794883 0.429930 0.237917 0.194720
0 0.502057 0.424530 0.252266 0.203560
0 0.207448 0.425605 0.297396 0.201130
4 0.520677 0.517615 0.192760 0.012310
1 0.865378 0.442365 0.062057 0.018630
2 0.827155 0.469670 0.154128 0.035980
5 0.885521 0.474085 0.047266 0.030310
3 0.795710 0.501545 0.210430 0.015150
4 0.803437 0.518405 0.196042 0.011990
2 0.545026 0.469790 0.151380 0.036560
5 0.602396 0.474870 0.047266 0.031820
3 0.508841 0.502085 0.217005 0.015470
2 0.789915 0.265035 0.144674 0.032510
0 0.671602 0.214665 0.395938 0.211810
0 0.248633 0.210650 0.257448 0.216660
1 0.582702 0.442565 0.059596 0.018410
4 0.241810 0.518875 0.206328 0.011050
3 0.232975 0.501200 0.223997 0.015160
5 0.328939 0.475000 0.046029 0.030940
2 0.271608 0.470105 0.154128 0.035670
1 0.310039 0.442645 0.059193 0.019250
4 0.722884 0.312760 0.275768 0.011680
3 0.681829 0.295810 0.357565 0.013260
5 0.844583 0.270085 0.045208 0.028730
1 0.826087 0.239795 0.058372 0.018590
4 0.281471 0.311655 0.177422 0.010530
3 0.267057 0.295215 0.203438 0.014470
5 0.355247 0.268120 0.040755 0.032880
2 0.305931 0.261810 0.131862 0.037620
1 0.337272 0.233755 0.052669 0.019550
