1 0.490484 0.229640 0.061963 0.018680
2 0.452094 0.256735 0.153901 0.035510
0 0.818678 0.430200 0.296990 0.220360
0 0.511806 0.429885 0.280812 0.218630
4 0.448207 0.304685 0.152173 0.010790
5 0.510458 0.261465 0.047513 0.030250
3 0.415772 0.289875 0.217592 0.014470
1 0.878580 0.230120 0.059908 0.018940
0 0.182507 0.431020 0.314725 0.217260
0 0.765550 0.233525 0.326623 0.158630
0 0.341656 0.235115 0.387893 0.153630
3 0.520190 0.516870 0.239856 0.016660
5 0.626001 0.488350 0.047343 0.030460
2 0.567389 0.483725 0.152919 0.035290
1 0.605831 0.456545 0.059961 0.019070
4 0.218907 0.531820 0.217736 0.010420
3 0.177945 0.516225 0.300236 0.016910
5 0.313658 0.488605 0.047814 0.031050
2 0.254601 0.483580 0.153495 0.035440
1 0.292736 0.456365 0.059529 0.018810
4 0.831819 0.305340 0.166911 0.011360
3 0.802153 0.290255 0.225170 0.014830
5 0.899241 0.262950 0.047513 0.030940
2 0.840164 0.257265 0.153285 0.035350
4 0.860262 0.531860 0.208298 0.011840
3 0.819352 0.516430 0.292657 0.013420
5 0.939719 0.488695 0.047579 0.030510
2 0.881394 0.483365 0.153547 0.036030
1 0.918750 0.456400 0.059568 0.017360
4 0.561446 0.531420 0.161531 0.010520
