2 0.868219 0.924875 0.155252 0.036563
5 0.927503 0.930395 0.048245 0.031299
3 0.845116 0.957622 0.192632 0.016304
1 0.906948 0.897383 0.060813 0.018941
4 0.558884 0.976244 0.180194 0.011369
3 0.529000 0.961064 0.238490 0.016414
0 0.782239 0.208327 0.250232 0.221229
0 0.200045 0.430594 0.281794 0.216533
0 0.511135 0.430959 0.298813 0.217263
0 0.218219 0.878292 0.253342 0.213267
0 0.530800 0.881673 0.261368 0.203447
0 0.834226 0.878891 0.237561 0.206174
4 0.864503 0.973292 0.155845 0.012937
0 0.349394 0.213242 0.307148 0.208362
3 0.217232 0.960340 0.233200 0.017043
5 0.634400 0.932522 0.048129 0.030899
2 0.576045 0.927133 0.153174 0.036603
1 0.613703 0.899840 0.058606 0.018422
4 0.234561 0.975455 0.196916 0.012308
5 0.317323 0.932088 0.047703 0.031249
2 0.258374 0.927298 0.153213 0.036414
1 0.296942 0.900145 0.061161 0.018671
4 0.885200 0.753147 0.140903 0.010609
3 0.883639 0.736823 0.140903 0.016663
5 0.940387 0.709925 0.046968 0.030300
2 0.881845 0.704610 0.153600 0.036174
1 0.919355 0.677213 0.060155 0.019001
4 0.569961 0.753372 0.158323 0.010779
3 0.574271 0.737328 0.143716 0.014735
5 0.633387 0.709970 0.048581 0.032607
2 0.575123 0.704316 0.153574 0.036044
1 0.612432 0.677468 0.060168 0.018811
4 0.244310 0.752453 0.177006 0.010000
3 0.236974 0.737248 0.192968 0.016573
5 0.318342 0.709630 0.047910 0.031828
2 0.259742 0.704500 0.154245 0.035774
1 0.297955 0.677143 0.060813 0.019461
4 0.870665 0.531054 0.173277 0.011578
3 0.843316 0.514610 0.225935 0.013936
5 0.942187 0.487258 0.046542 0.031299
2 0.883406 0.482128 0.153213 0.036304
1 0.920781 0.455030 0.060142 0.018412
4 0.566426 0.532133 0.168387 0.011359
3 0.559129 0.516414 0.177355 0.017363
5 0.633529 0.488417 0.047290 0.030619
2 0.575845 0.483362 0.153703 0.036294
1 0.613755 0.456059 0.060748 0.018312
4 0.221929 0.530869 0.217303 0.011988
3 0.195871 0.513981 0.268258 0.014196
5 0.315323 0.486678 0.047290 0.030300
2 0.257845 0.481783 0.153290 0.036294
1 0.295458 0.454251 0.060877 0.018811
4 0.805335 0.310180 0.175316 0.011309
3 0.802955 0.293871 0.179381 0.014995
5 0.878735 0.266049 0.048697 0.031558
2 0.819361 0.260714 0.152606 0.035914
1 0.857581 0.233961 0.060297 0.019291
4 0.402948 0.309780 0.177510 0.010749
3 0.404194 0.293317 0.173548 0.015784
5 0.475819 0.265804 0.046710 0.030030
2 0.417503 0.260659 0.152039 0.035504
1 0.455013 0.233801 0.060581 0.019071
0 0.821523 0.655989 0.289187 0.212118
0 0.539019 0.662088 0.248929 0.199540
0 0.202865 0.653407 0.287432 0.214905
0 0.825303 0.449081 0.288800 0.180480
