0 0.343288 0.663510 0.418889 0.204080
0 0.750588 0.655785 0.304209 0.214990
0 0.234261 0.873955 0.231712 0.206810
0 0.677373 0.881455 0.398353 0.192430
0 0.223863 0.444685 0.352850 0.198590
0 0.811333 0.444350 0.301542 0.197720
1 0.291261 0.239955 0.060458 0.018410
2 0.253693 0.267065 0.153582 0.035510
5 0.312320 0.271990 0.048484 0.029980
3 0.259712 0.298805 0.157830 0.015810
4 0.247680 0.315470 0.179830 0.011840
0 0.530575 0.436470 0.244549 0.214460
5 0.874725 0.714495 0.046131 0.030690
2 0.564902 0.267385 0.153699 0.035770
3 0.236327 0.954650 0.203216 0.013940
5 0.322719 0.927625 0.047765 0.031510
2 0.264536 0.922345 0.152340 0.035250
1 0.302595 0.896020 0.060405 0.019360
4 0.854817 0.756035 0.088824 0.012050
3 0.862124 0.741570 0.076510 0.010740
2 0.817163 0.709635 0.152157 0.035070
1 0.854843 0.682955 0.060745 0.018410
4 0.371085 0.756560 0.337516 0.011680
3 0.373222 0.741750 0.330915 0.014520
5 0.524072 0.713095 0.046706 0.030250
2 0.465902 0.707615 0.153294 0.035950
1 0.503438 0.680765 0.059895 0.018630
4 0.888601 0.536555 0.124810 0.011050
3 0.840216 0.519980 0.220405 0.014460
5 0.934948 0.493020 0.048824 0.029980
2 0.877007 0.487495 0.153699 0.035250
1 0.915007 0.460930 0.061203 0.018940
4 0.554072 0.535945 0.191516 0.012890
3 0.530176 0.519900 0.238627 0.013940
5 0.624608 0.492405 0.046706 0.030250
2 0.566444 0.487455 0.152444 0.035290
1 0.603837 0.460490 0.060458 0.018640
4 0.223778 0.536235 0.347425 0.011050
3 0.247758 0.519580 0.302444 0.015760
5 0.371327 0.492425 0.047856 0.029670
2 0.312869 0.487475 0.153869 0.035290
1 0.350085 0.460975 0.060745 0.018410
4 0.863497 0.314940 0.177765 0.010260
3 0.874150 0.298185 0.157477 0.015250
5 0.939137 0.272545 0.045386 0.030250
2 0.882065 0.268200 0.147163 0.034200
1 0.918680 0.242295 0.058797 0.018150
0 0.828301 0.218025 0.272078 0.210750
0 0.506092 0.214890 0.286980 0.216820
0 0.212477 0.218225 0.256484 0.212110
1 0.817732 0.895285 0.058993 0.019570
4 0.256203 0.970480 0.161425 0.011140
4 0.553869 0.315600 0.167111 0.010520
4 0.768425 0.970825 0.190497 0.011050
3 0.561641 0.298555 0.148536 0.016570
5 0.622856 0.272255 0.047490 0.030250
3 0.719118 0.954310 0.291725 0.017040
5 0.838444 0.927260 0.047869 0.030940
2 0.779444 0.922525 0.152667 0.035350
1 0.602209 0.239635 0.060523 0.017090
