0 0.739935 0.650670 0.459274 0.219920
0 0.179968 0.877595 0.303022 0.225910
0 0.681355 0.878765 0.486446 0.228430
2 0.250863 0.932120 0.153528 0.037260
2 0.825733 0.921640 0.184228 0.044500
1 0.871180 0.888815 0.073696 0.022410
4 0.212620 0.981140 0.224358 0.013260
3 0.221427 0.964475 0.206329 0.015470
4 0.806459 0.979245 0.218210 0.012630
3 0.817348 0.961725 0.190363 0.019250
1 0.288878 0.904785 0.060843 0.018850
3 0.831025 0.736670 0.244410 0.014840
5 0.939384 0.709465 0.048314 0.031250
2 0.880843 0.703890 0.153930 0.036520
1 0.919125 0.676445 0.060272 0.018630
4 0.323703 0.751455 0.131686 0.009990
3 0.323975 0.736645 0.133735 0.012890
5 0.404319 0.712840 0.114293 0.028400
5 0.403301 0.680880 0.114280 0.029720
2 0.264799 0.712480 0.154086 0.028500
2 0.264799 0.680985 0.154371 0.029370
3 0.403398 0.291665 0.112244 0.016570
2 0.387198 0.258520 0.154215 0.037080
1 0.425240 0.230770 0.060389 0.019460
4 0.891446 0.752205 0.129377 0.009470
0 0.307399 0.204605 0.324293 0.223190
1 0.309377 0.717395 0.021141 0.011310
1 0.310026 0.685565 0.018418 0.011570
4 0.810208 0.529585 0.137821 0.011310
3 0.811096 0.512435 0.135447 0.014730
5 0.898061 0.488495 0.099961 0.029730
5 0.897549 0.456800 0.098936 0.029460
0 0.733541 0.204435 0.462205 0.219530
0 0.727114 0.427475 0.452309 0.217570
0 0.248405 0.540055 0.437198 0.438530
1 0.808340 0.493630 0.009468 0.011140
1 0.808761 0.461700 0.031038 0.011500
2 0.759345 0.456785 0.169741 0.030470
2 0.759144 0.488570 0.169728 0.028940
4 0.880350 0.306285 0.157198 0.010730
3 0.863891 0.289935 0.187497 0.013890
2 0.885798 0.257585 0.154345 0.035670
1 0.923872 0.230440 0.060999 0.019260
4 0.420084 0.307450 0.078820 0.010520
