0 0.331589 0.656695 0.285260 0.202270
0 0.779023 0.653285 0.326693 0.207270
0 0.294896 0.880460 0.351562 0.216540
0 0.756628 0.881080 0.365964 0.222720
1 0.905781 0.227775 0.060286 0.018150
5 0.925710 0.259840 0.048633 0.031040
3 0.845651 0.286750 0.212083 0.016420
4 0.889336 0.302815 0.122891 0.012630
1 0.475996 0.461840 0.059180 0.018940
2 0.436953 0.488350 0.152891 0.034720
5 0.495931 0.493560 0.046445 0.029360
3 0.387220 0.521340 0.270430 0.017360
4 0.387715 0.537340 0.271263 0.012620
1 0.893171 0.461280 0.059935 0.018420
2 0.854688 0.488460 0.155078 0.035800
5 0.913203 0.493575 0.048047 0.031050
3 0.849141 0.520865 0.181250 0.015790
4 0.860566 0.536235 0.159883 0.012310
1 0.428177 0.674315 0.059948 0.018850
2 0.390645 0.700955 0.153841 0.035290
5 0.448496 0.705465 0.047956 0.029810
3 0.357305 0.734185 0.213203 0.013590
4 0.372865 0.749530 0.179245 0.010960
1 0.892428 0.674315 0.060221 0.018850
2 0.855358 0.701195 0.153268 0.035290
5 0.913236 0.706145 0.047669 0.030030
3 0.860443 0.733765 0.156693 0.013810
4 0.868913 0.749745 0.141003 0.011390
4 0.831185 0.974825 0.207135 0.027150
3 0.824316 0.942445 0.223164 0.029670
5 0.908164 0.907245 0.048906 0.031250
2 0.849538 0.902255 0.153789 0.035510
1 0.887129 0.875130 0.059935 0.019000
4 0.398691 0.981660 0.137852 0.010960
3 0.394186 0.964600 0.146419 0.016000
5 0.442077 0.938695 0.048815 0.030690
2 0.383112 0.933785 0.151276 0.035510
1 0.421361 0.906495 0.060508 0.020390
1 0.427754 0.228205 0.061081 0.018850
2 0.390645 0.255055 0.151836 0.035730
5 0.449785 0.261150 0.048242 0.031560
3 0.330423 0.286905 0.265924 0.016410
4 0.365111 0.303760 0.198919 0.011360
2 0.867246 0.254995 0.153789 0.035770
0 0.823639 0.440290 0.238633 0.206720
0 0.301185 0.205535 0.352786 0.210970
0 0.813704 0.207115 0.281237 0.206170
0 0.294186 0.440295 0.468034 0.209990
