3 0.185803 0.942685 0.296088 0.016310
5 0.319041 0.915310 0.046606 0.029960
5 0.634922 0.898505 0.046606 0.030690
2 0.577066 0.892775 0.151049 0.035730
1 0.614812 0.866005 0.059858 0.018610
4 0.216982 0.959990 0.236451 0.012360
0 0.837746 0.871895 0.259430 0.218610
0 0.531464 0.874735 0.257876 0.213810
3 0.549799 0.932955 0.200350 0.028670
0 0.190330 0.867140 0.310868 0.203180
4 0.541347 0.965170 0.222150 0.027620
1 0.922785 0.897940 0.059352 0.018940
2 0.885104 0.925425 0.152306 0.037090
0 0.827144 0.653285 0.284028 0.214910
5 0.941496 0.929770 0.047707 0.031040
3 0.836211 0.958045 0.243277 0.014990
4 0.836762 0.973460 0.239870 0.010520
3 0.526820 0.271820 0.243303 0.030540
2 0.575894 0.231430 0.150259 0.034720
1 0.612014 0.204865 0.060997 0.019990
4 0.233161 0.310870 0.197280 0.012100
3 0.210402 0.295270 0.242254 0.015780
1 0.295583 0.235160 0.060311 0.018680
2 0.258109 0.262255 0.152306 0.036030
2 0.261548 0.910290 0.152137 0.035800
1 0.299165 0.883075 0.058925 0.018270
4 0.875434 0.752905 0.167293 0.012890
3 0.862170 0.736670 0.196256 0.017360
5 0.944456 0.709710 0.045311 0.031300
1 0.885855 0.704450 0.153679 0.036560
1 0.923510 0.677355 0.060648 0.018670
4 0.533854 0.746060 0.225557 0.027620
3 0.538076 0.715865 0.213977 0.030250
5 0.629734 0.679055 0.046852 0.030030
2 0.571755 0.673835 0.152759 0.036170
1 0.608815 0.646765 0.060479 0.018410
4 0.220220 0.744615 0.223860 0.026830
3 0.205674 0.713710 0.253161 0.032360
5 0.317254 0.677015 0.047694 0.029990
2 0.258653 0.672545 0.152642 0.035770
1 0.296263 0.645555 0.059624 0.019210
4 0.858905 0.523270 0.198977 0.027620
5 0.943232 0.456455 0.047370 0.030770
2 0.885706 0.450975 0.152189 0.035950
1 0.922908 0.424145 0.060194 0.018630
1 0.926593 0.235505 0.059637 0.018410
4 0.536755 0.303110 0.225220 0.027620
5 0.633180 0.236820 0.045997 0.030240
3 0.852435 0.491780 0.212953 0.031300
5 0.315855 0.268040 0.047021 0.030780
4 0.593990 0.531685 0.103912 0.011830
3 0.561826 0.516325 0.167306 0.017090
5 0.631341 0.488705 0.045997 0.030250
2 0.572902 0.483180 0.153316 0.036040
1 0.610382 0.456090 0.059288 0.019200
4 0.272578 0.532190 0.111010 0.012060
3 0.239922 0.516295 0.177461 0.016210
5 0.312636 0.488655 0.046852 0.030690
2 0.254294 0.483395 0.153329 0.036830
1 0.292196 0.456545 0.059339 0.018630
4 0.818899 0.312445 0.289067 0.012310
3 0.815181 0.294925 0.295207 0.016090
5 0.948271 0.268095 0.047837 0.030610
2 0.890006 0.262725 0.153744 0.036930
0 0.820078 0.211480 0.309456 0.220360
0 0.213297 0.215115 0.259054 0.209990
0 0.201224 0.432385 0.273769 0.215450
0 0.513452 0.210120 0.289676 0.216540
0 0.514307 0.662740 0.283614 0.198360
0 0.206820 0.653010 0.274132 0.214360
0 0.827487 0.433530 0.282668 0.211340
0 0.532163 0.432610 0.248756 0.215140
