4 0.624038 0.812840 0.206281 0.029120
1 0.403661 0.896730 0.061573 0.018680
2 0.366554 0.924220 0.153576 0.036820
1 0.653713 0.255760 0.061001 0.016920
2 0.615832 0.283905 0.152497 0.037050
5 0.674122 0.289055 0.050741 0.031130
0 0.499610 0.647155 0.954772 0.213950
0 0.500130 0.428780 0.947308 0.217300
0 0.499571 0.207885 0.946528 0.216270
5 0.424083 0.929140 0.045150 0.029720
0 0.479233 0.879555 0.644395 0.207490
4 0.146502 0.291555 0.104421 0.025750
3 0.626209 0.857050 0.340559 0.050700
5 0.766925 0.712315 0.040611 0.026850
2 0.715852 0.707385 0.131834 0.030510
1 0.749109 0.684460 0.050598 0.016080
4 0.788394 0.588960 0.131977 0.026960
3 0.787945 0.610335 0.133966 0.013370
4 0.776573 0.424655 0.150234 0.030310
3 0.771307 0.445750 0.104902 0.011740
1 0.602633 0.481705 0.057464 0.016570
2 0.565390 0.509115 0.154603 0.035770
3 0.215215 0.191560 0.160078 0.024240
5 0.623023 0.514380 0.048231 0.032620
