0 0.515601 0.879750 0.268277 0.195700
1 0.590796 0.894150 0.062533 0.017700
5 0.611488 0.925500 0.047781 0.026800
3 0.520627 0.954550 0.242298 0.014500
4 0.513251 0.969850 0.260444 0.012900
2 0.529308 0.922450 0.110052 0.038900
0 0.204439 0.447100 0.255091 0.189800
5 0.303133 0.491250 0.047781 0.030100
1 0.284138 0.458450 0.063055 0.020500
4 0.222846 0.534000 0.206005 0.012200
2 0.221410 0.486700 0.108355 0.036400
3 0.222977 0.518350 0.210183 0.019700
0 0.289034 0.662350 0.272585 0.197300
1 0.370300 0.675550 0.062533 0.017100
4 0.296540 0.751200 0.250522 0.013600
3 0.289491 0.734950 0.263316 0.014700
5 0.389752 0.706150 0.049217 0.032100
2 0.308877 0.703650 0.105483 0.038900
0 0.723695 0.657350 0.407180 0.209500
4 0.795300 0.749200 0.237076 0.013600
1 0.877611 0.673500 0.062272 0.019600
5 0.897520 0.704800 0.052480 0.032600
3 0.782963 0.733700 0.260444 0.017400
2 0.814164 0.701800 0.109791 0.036600
0 0.822650 0.447150 0.282115 0.197300
5 0.934465 0.489750 0.050914 0.032700
1 0.914621 0.458000 0.062924 0.018800
4 0.855091 0.533600 0.195039 0.013200
3 0.837859 0.517600 0.230548 0.016000
2 0.852415 0.486050 0.109791 0.036900
0 0.200653 0.898050 0.259008 0.164900
3 0.200326 0.954400 0.242950 0.015800
4 0.214883 0.970450 0.213838 0.014700
1 0.284922 0.893450 0.063316 0.018700
5 0.302285 0.926650 0.046606 0.029900
2 0.222454 0.921900 0.110444 0.037600
0 0.290144 0.223650 0.361749 0.216900
3 0.292689 0.298400 0.344386 0.017200
2 0.358877 0.266600 0.109661 0.037600
1 0.421671 0.238300 0.063708 0.020000
5 0.440862 0.271800 0.050131 0.034400
4 0.301436 0.316000 0.312794 0.016400
0 0.500000 0.450850 0.317493 0.181300
1 0.610248 0.458050 0.062010 0.017900
4 0.499478 0.533050 0.312794 0.014100
3 0.537467 0.517550 0.221932 0.016900
5 0.629765 0.488950 0.050914 0.032900
2 0.546410 0.486200 0.109791 0.038400
0 0.732441 0.229900 0.467493 0.184000
5 0.937402 0.271050 0.052872 0.031300
1 0.916645 0.238800 0.064099 0.019000
4 0.838446 0.313250 0.233290 0.013900
3 0.804830 0.298400 0.302350 0.017000
2 0.854634 0.267000 0.110052 0.039000
0 0.835248 0.887300 0.247258 0.182400
1 0.913120 0.894550 0.061227 0.018300
3 0.837272 0.953700 0.226501 0.019000
5 0.931527 0.926050 0.048172 0.029900
2 0.850914 0.923450 0.108094 0.039100
4 0.833420 0.969950 0.238903 0.014300
