0 0.839856 0.439250 0.279188 0.219900
1 0.930105 0.459350 0.062827 0.019500
5 0.951178 0.493050 0.051571 0.033100
3 0.842408 0.519300 0.245026 0.016000
4 0.851440 0.535950 0.226963 0.014100
2 0.869437 0.488250 0.109031 0.038100
0 0.774869 0.660700 0.306021 0.200600
5 0.899018 0.708150 0.051440 0.033300
3 0.784620 0.734150 0.263482 0.015700
4 0.784490 0.751300 0.264791 0.015400
1 0.879058 0.674550 0.062304 0.017700
2 0.816754 0.702900 0.107592 0.037800
0 0.743063 0.891250 0.353403 0.178500
1 0.869045 0.895300 0.064005 0.019000
5 0.890510 0.929000 0.051440 0.032800
3 0.800524 0.955000 0.229319 0.017000
4 0.808835 0.972000 0.212958 0.013200
2 0.808508 0.924000 0.109162 0.037600
0 0.303796 0.883700 0.303927 0.189200
5 0.426636 0.928600 0.051440 0.033000
3 0.295484 0.955800 0.284162 0.015400
4 0.324738 0.971250 0.232199 0.012900
1 0.406545 0.895850 0.061780 0.018500
2 0.344110 0.924100 0.108377 0.037600
0 0.322251 0.675600 0.406806 0.177200
5 0.494830 0.710050 0.052225 0.032500
1 0.474346 0.676800 0.063874 0.019400
3 0.322448 0.736750 0.398560 0.016300
4 0.360471 0.752800 0.321466 0.016800
2 0.411584 0.705250 0.107984 0.037500
0 0.212107 0.454550 0.245942 0.194500
2 0.223495 0.487950 0.110079 0.038900
3 0.212107 0.519550 0.220288 0.019700
4 0.231217 0.536400 0.181545 0.014200
1 0.285864 0.459650 0.062827 0.017700
5 0.306086 0.492450 0.051963 0.032100
0 0.209555 0.222400 0.247906 0.210800
1 0.255759 0.239850 0.063351 0.018500
5 0.275982 0.272450 0.051702 0.032100
3 0.197840 0.300050 0.198298 0.018100
4 0.198298 0.316450 0.196335 0.013100
2 0.192801 0.268400 0.109686 0.038400
0 0.503272 0.220950 0.335864 0.213700
1 0.621204 0.240300 0.063874 0.018400
3 0.497120 0.300750 0.321728 0.018100
4 0.547579 0.316650 0.221335 0.014300
5 0.642474 0.273450 0.051440 0.031300
2 0.560471 0.268250 0.109948 0.037500
0 0.852683 0.222350 0.240183 0.207900
3 0.847644 0.299750 0.224869 0.018100
4 0.858312 0.315600 0.203534 0.012800
5 0.944568 0.273000 0.049869 0.031400
1 0.924607 0.239950 0.063874 0.018900
2 0.863220 0.268300 0.109162 0.037800
0 0.515641 0.438800 0.268979 0.216000
3 0.514202 0.518550 0.249607 0.018100
4 0.525327 0.535050 0.226309 0.014700
1 0.602683 0.459650 0.063743 0.018100
5 0.622186 0.492950 0.051440 0.032500
2 0.539791 0.488150 0.108115 0.038100
