0 0.825323 0.869800 0.303101 0.209400
4 0.812532 0.964700 0.231008 0.013400
3 0.881977 0.949950 0.092119 0.015500
2 0.853424 0.917400 0.156460 0.037800
1 0.891085 0.888850 0.063049 0.019100
0 0.824419 0.644700 0.305168 0.223600
4 0.892054 0.745350 0.146382 0.014900
3 0.916021 0.729150 0.098191 0.018100
2 0.891731 0.697950 0.157881 0.038500
1 0.929974 0.669200 0.062274 0.019400
0 0.182558 0.644400 0.316796 0.222400
4 0.264922 0.745950 0.138889 0.012900
3 0.279716 0.728600 0.109561 0.019400
2 0.256072 0.698300 0.156589 0.037800
1 0.293798 0.669750 0.063824 0.019700
0 0.503682 0.643450 0.302713 0.221100
4 0.561757 0.746450 0.160724 0.013100
3 0.558527 0.730300 0.167183 0.016600
5 0.627261 0.703150 0.052455 0.033300
1 0.607171 0.669550 0.062403 0.018900
2 0.543928 0.698050 0.108786 0.037900
0 0.192765 0.870600 0.321964 0.215400
4 0.212274 0.967550 0.234109 0.014300
3 0.236176 0.951500 0.186305 0.017000
2 0.254780 0.919800 0.157106 0.037400
1 0.292829 0.890900 0.063437 0.019600
0 0.513889 0.873000 0.302972 0.212200
3 0.565116 0.952300 0.178036 0.019200
2 0.577649 0.921600 0.156072 0.037800
1 0.616344 0.892950 0.063437 0.018900
4 0.524031 0.968650 0.260982 0.012900
0 0.188437 0.198200 0.327003 0.212400
1 0.302261 0.219600 0.063178 0.018800
5 0.321835 0.253100 0.050646 0.033200
2 0.240052 0.248200 0.106460 0.037000
3 0.250000 0.280900 0.178036 0.016200
4 0.255103 0.295950 0.167829 0.012500
0 0.509625 0.198800 0.304005 0.218000
5 0.633463 0.253300 0.049096 0.033800
2 0.551357 0.248600 0.112532 0.038000
1 0.612597 0.219950 0.061628 0.018900
3 0.544703 0.279700 0.209302 0.017400
4 0.562661 0.297450 0.174160 0.015100
0 0.825904 0.195650 0.304780 0.219900
1 0.927196 0.219900 0.056460 0.018000
2 0.862791 0.248400 0.110336 0.038600
5 0.945413 0.253150 0.051034 0.033900
3 0.885982 0.281250 0.148191 0.015700
4 0.891021 0.295900 0.138114 0.012600
0 0.185336 0.423200 0.323385 0.214400
2 0.264470 0.473500 0.156848 0.037800
3 0.299483 0.505450 0.078553 0.015700
4 0.263630 0.520800 0.153101 0.014400
1 0.302842 0.445050 0.063049 0.019100
0 0.504199 0.420450 0.304264 0.218500
1 0.606589 0.444850 0.062274 0.018900
3 0.559109 0.506050 0.164987 0.018100
4 0.526421 0.521150 0.230362 0.012100
5 0.625517 0.478100 0.048708 0.033000
2 0.544509 0.473700 0.108915 0.038200
0 0.822694 0.423610 0.304225 0.210300
1 0.926615 0.444900 0.063049 0.018800
5 0.946899 0.478250 0.052196 0.033500
3 0.898191 0.505650 0.128165 0.015500
4 0.900581 0.521400 0.124935 0.010600
2 0.863437 0.473700 0.110853 0.039000
