0 0.847871 0.667800 0.233806 0.201600
1 0.909097 0.683400 0.062839 0.019600
5 0.928774 0.716700 0.052645 0.034000
3 0.870774 0.743500 0.171484 0.016600
4 0.882258 0.759350 0.149548 0.015100
2 0.846839 0.712000 0.107871 0.037400
0 0.805419 0.880050 0.268903 0.221500
4 0.850774 0.980650 0.152645 0.014900
3 0.824194 0.964000 0.205032 0.016200
5 0.899032 0.937400 0.053806 0.034400
1 0.878323 0.903750 0.064258 0.018300
2 0.815677 0.932450 0.110323 0.039100
0 0.247677 0.440250 0.309806 0.210900
1 0.354839 0.460900 0.064258 0.019000
5 0.374710 0.494150 0.049548 0.033700
3 0.272065 0.521900 0.256129 0.017800
4 0.278839 0.537650 0.242839 0.012100
2 0.292774 0.488950 0.109677 0.036900
0 0.200516 0.672950 0.304516 0.190700
5 0.325032 0.716000 0.051871 0.033200
3 0.200129 0.744000 0.301161 0.016800
4 0.237484 0.760200 0.226968 0.013600
1 0.304774 0.682850 0.063742 0.019700
2 0.242516 0.711300 0.109548 0.037800
0 0.289161 0.879150 0.240258 0.219300
4 0.306194 0.979650 0.198968 0.012500
3 0.298387 0.964600 0.214839 0.017000
5 0.380323 0.936600 0.052774 0.033200
1 0.359871 0.903700 0.063742 0.018800
2 0.296516 0.932200 0.109161 0.038200
0 0.523548 0.678200 0.194968 0.179800
3 0.524774 0.743800 0.188387 0.015400
4 0.559290 0.759150 0.118581 0.012900
1 0.571419 0.682800 0.063355 0.019800
2 0.509419 0.711650 0.110710 0.038100
5 0.590774 0.716050 0.049419 0.033700
