0 0.816121 0.777273 0.296199 0.244655
2 0.855177 0.844805 0.109305 0.036264
4 0.858519 0.892408 0.192005 0.011788
3 0.852621 0.875574 0.209830 0.018082
5 0.937221 0.849351 0.051114 0.030769
1 0.917038 0.816434 0.064744 0.019481
0 0.500721 0.778721 0.281651 0.240759
2 0.533290 0.844006 0.109830 0.036264
4 0.511927 0.891558 0.249017 0.012687
5 0.614482 0.849001 0.049934 0.031668
1 0.594626 0.816434 0.064220 0.019481
3 0.498558 0.876024 0.273394 0.016783
0 0.185059 0.780919 0.268938 0.241958
2 0.209371 0.845554 0.109174 0.038561
5 0.291088 0.850450 0.051376 0.033167
4 0.207471 0.892907 0.203932 0.013586
3 0.208322 0.876573 0.201180 0.017882
1 0.272084 0.816983 0.063434 0.017383
0 0.186763 0.511838 0.306946 0.249850
2 0.230144 0.563736 0.107995 0.037163
4 0.211206 0.627572 0.238925 0.013586
3 0.215662 0.603546 0.227654 0.031668
5 0.312779 0.568332 0.052294 0.033566
1 0.291678 0.535864 0.063565 0.018581
0 0.505374 0.511988 0.301704 0.249151
2 0.542792 0.563237 0.109699 0.037163
1 0.604128 0.535265 0.063041 0.018382
4 0.528113 0.627173 0.227654 0.012388
3 0.528113 0.604995 0.227654 0.031968
5 0.624836 0.567532 0.053080 0.031369
0 0.822805 0.512288 0.312451 0.246553
2 0.866055 0.580170 0.111402 0.037862
1 0.927588 0.551698 0.062779 0.019081
4 0.864679 0.626124 0.221625 0.013686
3 0.821560 0.609540 0.308126 0.018282
5 0.949083 0.583716 0.053080 0.031968
0 0.824181 0.251598 0.311271 0.246653
2 0.869659 0.316084 0.109699 0.037163
4 0.894037 0.363437 0.149803 0.014386
3 0.894561 0.346803 0.149017 0.018881
1 0.929751 0.287912 0.065007 0.019580
5 0.950983 0.321029 0.051376 0.032667
0 0.517169 0.252048 0.287549 0.246553
3 0.513893 0.348052 0.275229 0.017582
4 0.538073 0.362687 0.225033 0.011688
5 0.632307 0.320380 0.050459 0.031369
1 0.612647 0.286763 0.062516 0.020280
2 0.550393 0.315784 0.109174 0.036563
0 0.199410 0.255495 0.290301 0.233267
5 0.318218 0.319081 0.048493 0.028771
4 0.266514 0.362887 0.139056 0.010889
3 0.223657 0.346803 0.233159 0.016883
1 0.299672 0.286713 0.065662 0.019580
2 0.237746 0.314985 0.110092 0.036963
