0 0.766361 0.447650 0.385864 0.207300
1 0.905759 0.460350 0.063874 0.017500
5 0.926505 0.493750 0.054058 0.034500
3 0.802094 0.519200 0.282461 0.016400
4 0.817343 0.535150 0.251963 0.014300
2 0.844241 0.488800 0.107330 0.038200
0 0.739529 0.669050 0.439267 0.195100
1 0.904450 0.678800 0.063874 0.018600
5 0.926309 0.711950 0.052094 0.032900
3 0.732330 0.737650 0.419110 0.017500
4 0.755563 0.755700 0.376832 0.015400
2 0.842736 0.706950 0.111126 0.037700
0 0.292997 0.229450 0.342801 0.205700
2 0.354123 0.270350 0.111126 0.037100
5 0.435602 0.274750 0.049215 0.032300
1 0.415314 0.242000 0.062565 0.018600
3 0.346793 0.300550 0.217147 0.015900
4 0.357199 0.318050 0.195026 0.015900
0 0.542997 0.883650 0.680497 0.202100
1 0.835798 0.898650 0.066885 0.018300
5 0.856806 0.929950 0.048953 0.032100
2 0.773626 0.926050 0.112435 0.036500
3 0.791819 0.957400 0.156937 0.016800
4 0.792866 0.973850 0.160864 0.014500
0 0.292081 0.664000 0.358770 0.207800
5 0.436322 0.712500 0.055105 0.033000
2 0.353469 0.706500 0.106675 0.037200
1 0.414791 0.678150 0.061780 0.018300
4 0.366296 0.755650 0.178665 0.014700
3 0.345942 0.739650 0.210995 0.017500
0 0.286649 0.444500 0.372251 0.207400
1 0.417801 0.460700 0.062565 0.018600
2 0.356348 0.488150 0.108508 0.036300
5 0.439136 0.494100 0.054188 0.035600
3 0.353272 0.520500 0.202356 0.017200
4 0.370812 0.537100 0.170681 0.014600
0 0.769045 0.226100 0.385209 0.207800
5 0.926243 0.274750 0.050654 0.032300
3 0.808246 0.302150 0.268586 0.019100
4 0.826963 0.318300 0.232461 0.013200
2 0.844503 0.270050 0.109162 0.037100
1 0.906021 0.242200 0.062827 0.018000
