0 0.208827 0.850100 0.353737 0.294200
2 0.287049 0.945050 0.098325 0.033900
4 0.271521 0.990150 0.218557 0.013100
3 0.249162 0.974100 0.264820 0.015000
1 0.342719 0.919550 0.057088 0.017100
5 0.360631 0.949650 0.047036 0.028700
0 0.733827 0.863600 0.223582 0.272800
4 0.729639 0.989800 0.207216 0.010400
3 0.729446 0.975500 0.207603 0.018200
5 0.812951 0.951300 0.047036 0.030200
2 0.738660 0.946450 0.097938 0.034300
1 0.794652 0.920100 0.054768 0.017000
0 0.505606 0.878600 0.226160 0.242800
2 0.516817 0.946200 0.100644 0.033800
1 0.574034 0.920100 0.056830 0.017400
4 0.510245 0.990450 0.196778 0.016300
3 0.500129 0.974150 0.215206 0.016300
5 0.592268 0.950000 0.047938 0.029400
0 0.808441 0.309800 0.302706 0.230000
2 0.842912 0.363050 0.110567 0.037500
5 0.925709 0.367650 0.051160 0.032500
1 0.904575 0.334550 0.062500 0.019100
4 0.824420 0.410650 0.252191 0.014100
3 0.824420 0.394050 0.252191 0.019100
