0 0.824804 0.872200 0.241253 0.209000
2 0.830875 0.920700 0.112402 0.038400
1 0.893734 0.892600 0.061619 0.018800
3 0.844256 0.952000 0.194256 0.016400
4 0.862010 0.967700 0.156397 0.016400
5 0.912598 0.924250 0.048956 0.031300
0 0.530744 0.433600 0.265405 0.202200
1 0.590601 0.449650 0.060836 0.019100
4 0.545235 0.524700 0.192298 0.015800
5 0.610248 0.480900 0.049739 0.030400
3 0.544582 0.507800 0.185248 0.019000
2 0.528916 0.477850 0.109791 0.037500
0 0.313055 0.655900 0.475196 0.216800
5 0.521606 0.701350 0.047911 0.031700
3 0.356332 0.728600 0.369060 0.017200
4 0.400326 0.744600 0.282115 0.015800
1 0.502219 0.670700 0.058486 0.017200
2 0.443930 0.697900 0.105875 0.037200
0 0.845888 0.432600 0.222846 0.201200
4 0.850914 0.523100 0.181723 0.015800
3 0.852546 0.506150 0.179504 0.017900
1 0.904765 0.447800 0.066710 0.019600
2 0.842755 0.476250 0.110052 0.037500
5 0.925718 0.480400 0.053264 0.034800
0 0.776762 0.213100 0.243603 0.223800
1 0.847781 0.235350 0.061880 0.019300
4 0.789883 0.311300 0.194648 0.014000
3 0.792428 0.295600 0.188773 0.017400
5 0.868277 0.267800 0.052742 0.033600
2 0.785052 0.263500 0.110052 0.037000
0 0.446606 0.213450 0.300522 0.222500
1 0.536554 0.204150 0.062402 0.018900
4 0.458159 0.304450 0.239817 0.031500
3 0.471149 0.270950 0.209922 0.030500
5 0.557050 0.236800 0.053003 0.034600
2 0.474347 0.232300 0.106919 0.037400
0 0.180418 0.212900 0.232115 0.221800
5 0.268407 0.268300 0.051436 0.035800
4 0.212990 0.310450 0.162010 0.017700
3 0.212402 0.293200 0.163185 0.016800
1 0.248890 0.235450 0.063316 0.018100
2 0.185705 0.263700 0.108747 0.037600
0 0.217885 0.434050 0.262663 0.202100
4 0.251240 0.523250 0.174543 0.014500
1 0.293603 0.447350 0.062402 0.019500
3 0.228460 0.506700 0.221149 0.018600
2 0.231593 0.476200 0.107572 0.038000
5 0.313381 0.479500 0.052872 0.034000
0 0.766514 0.651000 0.245300 0.205200
3 0.765927 0.729350 0.206527 0.016900
4 0.779047 0.745100 0.180287 0.013600
1 0.838577 0.667100 0.053394 0.019600
5 0.855940 0.701900 0.043995 0.032600
2 0.786031 0.696450 0.091906 0.039100
0 0.386554 0.878750 0.635770 0.197300
1 0.647977 0.894550 0.062272 0.020100
4 0.411554 0.968750 0.581593 0.012500
2 0.586227 0.923000 0.111358 0.038400
3 0.386162 0.951950 0.632898 0.016500
5 0.667298 0.926500 0.047650 0.029800
