0 0.322674 0.444850 0.353080 0.207500
3 0.348362 0.518250 0.170118 0.018900
1 0.394561 0.457900 0.061730 0.017600
4 0.361599 0.536150 0.143644 0.015700
2 0.332634 0.486600 0.109567 0.037800
5 0.414417 0.491350 0.050852 0.034300
0 0.278506 0.879950 0.466055 0.207500
3 0.394758 0.955950 0.206029 0.016300
4 0.444364 0.971600 0.112058 0.015000
1 0.460813 0.895600 0.057405 0.018800
5 0.484010 0.928550 0.051376 0.033100
2 0.397510 0.923400 0.115858 0.037200
0 0.767497 0.888850 0.406291 0.194500
1 0.915858 0.895300 0.060288 0.017600
3 0.858847 0.956250 0.195806 0.014100
4 0.859502 0.970700 0.199476 0.015000
5 0.937156 0.927850 0.054391 0.034500
2 0.851311 0.923400 0.114155 0.039400
0 0.488008 0.658350 0.606422 0.206700
3 0.688532 0.737400 0.174443 0.017200
4 0.685452 0.751450 0.180603 0.012500
1 0.736763 0.676200 0.060157 0.019000
2 0.674902 0.705250 0.110223 0.039100
5 0.758388 0.708650 0.051245 0.033300
0 0.538336 0.222000 0.302621 0.213800
2 0.577064 0.268600 0.111402 0.037600
4 0.580341 0.315950 0.196068 0.013300
5 0.661206 0.273900 0.049803 0.032600
1 0.641940 0.239600 0.062647 0.020400
3 0.583552 0.300700 0.187811 0.018800
0 0.777195 0.443150 0.413893 0.210700
2 0.860878 0.486600 0.109174 0.037800
5 0.944364 0.491100 0.053866 0.032600
3 0.775557 0.517900 0.383093 0.017000
4 0.798165 0.533550 0.325819 0.015700
1 0.923460 0.459050 0.058191 0.017300
