0 0.282943 0.655550 0.309115 0.207900
5 0.410417 0.706000 0.050781 0.034400
3 0.338151 0.733500 0.175260 0.018600
4 0.327799 0.750750 0.197005 0.015900
1 0.389063 0.673600 0.062500 0.018600
2 0.328320 0.701500 0.108464 0.036200
0 0.298112 0.875200 0.424089 0.210600
5 0.480208 0.928950 0.053646 0.033100
3 0.376497 0.956350 0.238932 0.018100
4 0.390625 0.972650 0.209375 0.014500
1 0.459310 0.896600 0.061589 0.018800
2 0.397331 0.924200 0.109505 0.036200
0 0.738802 0.888700 0.319010 0.182400
1 0.843945 0.893900 0.061589 0.018400
3 0.790690 0.953050 0.181641 0.019700
4 0.760091 0.969350 0.245443 0.013100
2 0.783789 0.922000 0.110026 0.037000
5 0.864831 0.926770 0.051172 0.033200
0 0.729362 0.671200 0.349870 0.188800
3 0.762109 0.736350 0.271354 0.018900
4 0.762370 0.752600 0.271875 0.013600
5 0.876107 0.708800 0.051172 0.033200
1 0.855990 0.676850 0.063802 0.018100
2 0.794271 0.705000 0.109635 0.037800
0 0.803385 0.434150 0.336979 0.210900
2 0.863802 0.483650 0.110938 0.038100
5 0.946094 0.488300 0.050260 0.033200
3 0.800911 0.515150 0.329167 0.016300
4 0.814779 0.530150 0.302995 0.014700
1 0.925000 0.455350 0.062500 0.018500
0 0.326367 0.438150 0.470703 0.201700
4 0.468034 0.530200 0.182422 0.014000
3 0.449349 0.514100 0.219792 0.017400
5 0.533594 0.487900 0.052083 0.032800
1 0.511914 0.454700 0.063932 0.017800
2 0.451107 0.482800 0.110286 0.037800
0 0.205534 0.224050 0.293099 0.200100
1 0.297656 0.235150 0.060938 0.017900
4 0.211979 0.311300 0.243490 0.013600
3 0.197786 0.296850 0.269010 0.016300
5 0.318880 0.268600 0.052604 0.032600
2 0.235742 0.263150 0.109766 0.037500
0 0.807292 0.224050 0.311198 0.200100
4 0.860482 0.312500 0.198047 0.013600
3 0.851172 0.295300 0.215104 0.015400
5 0.932227 0.270250 0.052214 0.032500
1 0.911784 0.236250 0.063151 0.019100
2 0.849805 0.265350 0.108984 0.038100
0 0.516862 0.224050 0.241797 0.200100
1 0.590104 0.236050 0.061979 0.018500
3 0.519466 0.296700 0.212370 0.016600
2 0.527930 0.264200 0.110286 0.037800
5 0.609961 0.268550 0.050130 0.032100
4 0.540885 0.311600 0.170573 0.013200
