0 0.282395 0.235350 0.392539 0.215300
5 0.426309 0.275400 0.056283 0.032600
4 0.360602 0.320100 0.186126 0.015000
3 0.364856 0.301200 0.174215 0.017600
1 0.405236 0.242850 0.061780 0.018500
2 0.340510 0.270500 0.106675 0.037200
0 0.762173 0.234850 0.442932 0.216100
5 0.939463 0.272750 0.052225 0.033500
1 0.917801 0.240500 0.060209 0.018200
2 0.856937 0.268600 0.108901 0.038000
4 0.873037 0.318100 0.189791 0.013600
3 0.866885 0.300350 0.201047 0.021700
0 0.271924 0.879300 0.386257 0.202800
1 0.410471 0.897750 0.062827 0.018500
3 0.383050 0.958700 0.150654 0.016400
4 0.375262 0.973250 0.168063 0.012500
5 0.430681 0.929490 0.053508 0.034800
2 0.349346 0.925900 0.109948 0.038400
0 0.755694 0.657600 0.449607 0.206800
4 0.878141 0.753550 0.189267 0.014100
3 0.851374 0.737200 0.241230 0.019600
1 0.916950 0.677650 0.059031 0.017900
2 0.855039 0.705500 0.107461 0.038000
5 0.938416 0.710050 0.055105 0.033700
0 0.746793 0.879250 0.449869 0.212900
1 0.918063 0.898600 0.062042 0.017800
5 0.939987 0.930950 0.053272 0.032900
3 0.893848 0.958700 0.143455 0.016400
4 0.867212 0.973650 0.198822 0.014900
2 0.857395 0.926700 0.110864 0.038400
0 0.266623 0.664400 0.433770 0.203200
5 0.430432 0.711700 0.054058 0.034800
1 0.410144 0.678750 0.064791 0.017900
4 0.362827 0.755700 0.192147 0.015200
3 0.344306 0.739100 0.226309 0.019000
2 0.347186 0.707250 0.108246 0.039100
0 0.774215 0.449600 0.420942 0.195200
1 0.919830 0.461650 0.065576 0.017300
4 0.860203 0.537200 0.208914 0.011800
3 0.878534 0.522050 0.178534 0.017100
2 0.856086 0.489750 0.111387 0.038500
5 0.939529 0.494300 0.052880 0.034600
0 0.293521 0.451200 0.458508 0.204200
4 0.372055 0.538000 0.168194 0.016400
1 0.404777 0.461550 0.062173 0.017900
2 0.341885 0.489900 0.109424 0.038800
5 0.425851 0.495150 0.053796 0.032500
3 0.372055 0.521050 0.164791 0.016300
