0 0.186227 0.207900 0.316841 0.219200
1 0.302089 0.230050 0.065013 0.018500
2 0.263577 0.258200 0.157702 0.037800
3 0.253329 0.287800 0.174543 0.017000
4 0.252807 0.305650 0.173499 0.018100
0 0.669648 0.205050 0.606397 0.210700
1 0.930091 0.223950 0.064099 0.019500
3 0.831136 0.282300 0.272715 0.018600
4 0.824804 0.300250 0.288773 0.017300
2 0.891514 0.252300 0.158486 0.037800
0 0.254961 0.653550 0.434465 0.214500
2 0.352219 0.706750 0.110444 0.037500
1 0.413969 0.678600 0.062141 0.019000
5 0.432833 0.710500 0.048956 0.031000
3 0.338446 0.737150 0.224935 0.016900
4 0.346997 0.752900 0.206527 0.013600
0 0.262337 0.433000 0.433290 0.215000
4 0.375718 0.525700 0.171018 0.014600
3 0.376371 0.508750 0.145431 0.013900
1 0.414426 0.449000 0.062533 0.019200
5 0.434334 0.481650 0.051175 0.029900
2 0.350326 0.477250 0.114491 0.037300
0 0.752742 0.427050 0.442820 0.212300
2 0.893473 0.477400 0.158486 0.037400
3 0.823042 0.508500 0.296214 0.016000
4 0.858290 0.524150 0.225457 0.015100
1 0.932898 0.449300 0.061358 0.018800
0 0.753916 0.648400 0.445431 0.213800
1 0.934204 0.671750 0.062402 0.018500
2 0.895170 0.699600 0.156136 0.036600
4 0.888120 0.747500 0.170235 0.014000
3 0.894843 0.731750 0.155483 0.016300
0 0.753003 0.867050 0.428721 0.201900
1 0.906789 0.875700 0.061619 0.018800
3 0.846671 0.935150 0.193081 0.014700
4 0.845366 0.951950 0.195953 0.012500
2 0.844060 0.903450 0.108225 0.036700
5 0.926893 0.909250 0.052480 0.031500
0 0.266253 0.873350 0.457833 0.213500
4 0.340666 0.964850 0.252350 0.014700
1 0.427546 0.888000 0.062141 0.019200
3 0.340927 0.948050 0.252872 0.018900
2 0.365013 0.915400 0.107833 0.036600
5 0.446932 0.920650 0.051828 0.032100
