0 0.192651 0.883800 0.304987 0.201200
3 0.260039 0.958000 0.164436 0.017000
1 0.292717 0.897400 0.061811 0.018800
5 0.312927 0.929000 0.051050 0.033400
4 0.269816 0.973900 0.146457 0.013200
2 0.229331 0.926050 0.113255 0.037900
0 0.505709 0.885650 0.303281 0.201100
1 0.602690 0.897550 0.066273 0.019100
2 0.538123 0.926000 0.106693 0.037600
5 0.621457 0.929900 0.053412 0.033000
3 0.562467 0.956850 0.180052 0.017700
4 0.561811 0.973350 0.178740 0.011900
0 0.826969 0.884700 0.304593 0.201000
5 0.887533 0.930450 0.052231 0.033300
1 0.866798 0.897500 0.060892 0.017600
2 0.804921 0.925950 0.111417 0.038500
3 0.848097 0.957550 0.132677 0.014700
4 0.865289 0.972900 0.099606 0.012200
0 0.824278 0.675800 0.315748 0.172200
5 0.943635 0.712100 0.052887 0.032600
3 0.910302 0.738800 0.119554 0.017200
4 0.922703 0.752900 0.096850 0.011800
1 0.923360 0.678550 0.060892 0.018100
2 0.860761 0.707200 0.109186 0.038800
0 0.504856 0.673900 0.304987 0.176200
5 0.626509 0.713300 0.053543 0.034200
1 0.606102 0.680950 0.063123 0.017500
3 0.584711 0.740800 0.142651 0.017400
4 0.573556 0.755750 0.160499 0.010300
2 0.543701 0.708750 0.109186 0.038100
0 0.188845 0.673800 0.300000 0.176400
1 0.290748 0.679950 0.064173 0.018500
3 0.279331 0.741350 0.115617 0.016300
4 0.298622 0.755450 0.074147 0.010900
5 0.312073 0.713900 0.055643 0.034200
2 0.227887 0.709000 0.109843 0.040800
0 0.290551 0.502700 0.398425 0.146400
1 0.418176 0.494100 0.065748 0.016400
3 0.402756 0.554400 0.131496 0.018000
4 0.401640 0.568900 0.137664 0.011000
2 0.357546 0.521250 0.109055 0.037700
5 0.439633 0.525450 0.051181 0.030500
0 0.721588 0.500850 0.417454 0.152700
1 0.881824 0.492250 0.063386 0.018900
5 0.899869 0.525800 0.054068 0.033200
4 0.865617 0.568100 0.123360 0.013600
2 0.817060 0.521300 0.109449 0.037800
3 0.870669 0.552800 0.113517 0.017000
