0 0.179844 0.203700 0.306112 0.224200
2 0.248440 0.258900 0.156957 0.037000
3 0.251691 0.290150 0.146294 0.017900
4 0.235826 0.306450 0.179584 0.014700
1 0.287711 0.231100 0.061508 0.018600
0 0.494408 0.201750 0.308713 0.223900
4 0.575878 0.302850 0.131469 0.014700
3 0.605462 0.285750 0.070741 0.018300
2 0.566645 0.255000 0.156957 0.037800
1 0.604616 0.226650 0.061508 0.018900
0 0.178739 0.425350 0.305722 0.213100
4 0.176723 0.523600 0.190117 0.011600
3 0.175813 0.507550 0.255917 0.017900
5 0.242133 0.485450 0.086866 0.020300
2 0.100325 0.456200 0.069571 0.027000
1 0.160468 0.488850 0.035631 0.011900
1 0.159688 0.459650 0.035631 0.011900
2 0.103186 0.486250 0.064889 0.023900
5 0.235371 0.456300 0.091808 0.020800
0 0.818921 0.423800 0.315605 0.208800
4 0.876333 0.520200 0.178153 0.013200
3 0.881144 0.503800 0.164369 0.017400
1 0.925813 0.443700 0.063589 0.019600
2 0.887386 0.472000 0.153446 0.037000
0 0.339077 0.650250 0.626138 0.216500
1 0.604226 0.672300 0.065150 0.018000
2 0.564044 0.700100 0.159818 0.037600
3 0.585371 0.732600 0.110923 0.018000
4 0.563069 0.748250 0.155787 0.013300
0 0.829194 0.763800 0.329909 0.450400
4 0.853511 0.967650 0.167360 0.013100
3 0.867425 0.950550 0.195189 0.017100
2 0.885111 0.918800 0.157737 0.037200
1 0.923602 0.890650 0.063589 0.018300
0 0.337516 0.877750 0.626918 0.219300
4 0.553511 0.979200 0.166060 0.012400
3 0.554551 0.962600 0.165800 0.017200
1 0.598440 0.903550 0.064499 0.018900
2 0.560663 0.931250 0.156957 0.036500
0 0.817750 0.201600 0.316385 0.220600
4 0.866515 0.300050 0.193108 0.014300
3 0.870481 0.283900 0.186216 0.016600
2 0.886801 0.251800 0.154356 0.035200
0 0.492848 0.425250 0.308973 0.218500
4 0.532575 0.525200 0.223797 0.012800
3 0.534135 0.508600 0.219376 0.018200
1 0.605267 0.448900 0.064369 0.019000
2 0.567035 0.478000 0.154876 0.038000
