0 0.772662 0.438350 0.300130 0.225500
5 0.890065 0.493500 0.048701 0.030400
4 0.797597 0.537100 0.222468 0.012800
2 0.808961 0.489150 0.111169 0.035900
3 0.788442 0.521950 0.240779 0.015300
1 0.870065 0.461050 0.062987 0.020100
0 0.300130 0.439650 0.313506 0.217500
4 0.315649 0.536800 0.255455 0.012800
3 0.332208 0.519650 0.218182 0.017700
5 0.427532 0.493750 0.050390 0.032100
2 0.344026 0.488900 0.106234 0.038600
1 0.406429 0.460450 0.062208 0.018500
0 0.499805 0.668500 0.600909 0.174600
4 0.621429 0.745700 0.338961 0.013200
3 0.568377 0.726900 0.443247 0.017400
2 0.673247 0.690750 0.123377 0.041900
1 0.742143 0.658800 0.071299 0.021800
5 0.765130 0.694800 0.058571 0.038000
0 0.308117 0.883300 0.321948 0.221800
3 0.357013 0.970960 0.201558 0.017000
5 0.441169 0.942550 0.052987 0.031500
2 0.358442 0.937950 0.109091 0.037500
4 0.336688 0.985850 0.242987 0.012500
1 0.421948 0.909150 0.062857 0.020100
0 0.286558 0.209200 0.301688 0.221800
2 0.324805 0.259150 0.110390 0.038500
5 0.407662 0.263650 0.052468 0.031900
4 0.329416 0.307200 0.188961 0.014600
3 0.305065 0.291350 0.236883 0.016500
1 0.387727 0.230000 0.061688 0.019600
0 0.752987 0.882300 0.323377 0.226200
5 0.886688 0.943300 0.051558 0.031800
3 0.796688 0.969855 0.213896 0.015310
2 0.803247 0.938200 0.111948 0.038000
4 0.785390 0.986350 0.237273 0.012500
1 0.866494 0.909700 0.063896 0.019000
0 0.734805 0.210900 0.355844 0.212000
2 0.799091 0.259050 0.109870 0.036900
4 0.767403 0.306650 0.271948 0.013500
3 0.786039 0.290700 0.231299 0.016800
1 0.861039 0.230100 0.062078 0.019600
5 0.880974 0.264050 0.050000 0.032700
