0 0.469961 0.877350 0.253618 0.207100
1 0.542829 0.878650 0.060594 0.018500
5 0.562403 0.911250 0.050904 0.034500
2 0.481266 0.906750 0.107752 0.037500
4 0.486370 0.963650 0.207881 0.028300
3 0.487468 0.939950 0.204393 0.017900
0 0.752132 0.891650 0.284109 0.180100
4 0.779393 0.970650 0.226227 0.014100
3 0.791344 0.954850 0.202326 0.016300
1 0.846189 0.894400 0.062403 0.019000
5 0.865633 0.927950 0.049096 0.032100
2 0.785078 0.923050 0.109948 0.037500
0 0.820866 0.650500 0.288243 0.210600
1 0.909625 0.668850 0.065762 0.018300
2 0.846253 0.696950 0.108010 0.038500
3 0.838630 0.729600 0.234367 0.015000
4 0.851098 0.745550 0.211240 0.011700
5 0.929328 0.702500 0.051421 0.032600
0 0.787274 0.208800 0.230362 0.204400
3 0.799548 0.286550 0.198837 0.018500
1 0.850840 0.225950 0.063953 0.017900
4 0.805491 0.302350 0.188243 0.013100
2 0.788695 0.254450 0.108140 0.039100
5 0.870543 0.258500 0.049871 0.034200
0 0.186111 0.649450 0.297287 0.211300
4 0.211047 0.745650 0.231654 0.012500
1 0.278747 0.668200 0.063695 0.020400
2 0.216537 0.697900 0.113437 0.039200
5 0.299031 0.701650 0.049742 0.032500
3 0.203165 0.730400 0.249225 0.016400
0 0.506331 0.217800 0.309044 0.201800
1 0.603165 0.233800 0.063178 0.019600
5 0.622674 0.266600 0.050000 0.033000
2 0.542829 0.262350 0.106848 0.037500
3 0.503488 0.295300 0.299225 0.016400
4 0.544638 0.310000 0.218475 0.012800
0 0.505168 0.649850 0.312920 0.205700
1 0.603424 0.668550 0.063695 0.021100
2 0.540310 0.697500 0.111628 0.036800
5 0.623450 0.702000 0.051292 0.033200
3 0.501938 0.730250 0.301809 0.016300
4 0.503230 0.745650 0.298191 0.012500
0 0.530168 0.435950 0.275323 0.209700
2 0.556654 0.484200 0.109173 0.036800
1 0.618669 0.456200 0.066021 0.019600
5 0.637984 0.489350 0.049871 0.033700
3 0.557171 0.516550 0.212791 0.016300
4 0.561693 0.532350 0.205039 0.013100
0 0.805879 0.437150 0.269121 0.208700
1 0.850129 0.456450 0.065375 0.020100
2 0.788307 0.484950 0.110207 0.036900
3 0.804457 0.516550 0.193152 0.018500
4 0.806848 0.532850 0.186822 0.013100
5 0.870478 0.489600 0.051292 0.033200
0 0.208398 0.433850 0.341344 0.213100
1 0.315633 0.424900 0.065375 0.019000
2 0.252455 0.453400 0.107752 0.038000
5 0.336499 0.458150 0.051550 0.032300
3 0.210917 0.493400 0.308398 0.031000
4 0.209690 0.524700 0.305943 0.027200
0 0.209819 0.215350 0.261240 0.195700
1 0.286047 0.229500 0.065375 0.019600
2 0.223579 0.258050 0.107364 0.037500
5 0.305620 0.262200 0.050258 0.031800
3 0.224612 0.289550 0.217700 0.016300
4 0.233721 0.305500 0.199742 0.011200
0 0.217765 0.877150 0.235271 0.207700
1 0.285724 0.894850 0.063695 0.020100
2 0.223902 0.923350 0.108527 0.035900
4 0.233527 0.971450 0.198062 0.012500
3 0.242636 0.956000 0.179845 0.017400
5 0.304780 0.927700 0.049871 0.032600
