0 0.493645 0.780700 0.315953 0.237000
2 0.540986 0.844400 0.108690 0.037800
4 0.496304 0.892350 0.305188 0.012100
1 0.600259 0.815450 0.064591 0.018500
3 0.493580 0.875200 0.311414 0.017800
5 0.621855 0.848750 0.050973 0.032100
0 0.509339 0.245000 0.277821 0.245200
4 0.504799 0.350550 0.265888 0.027900
2 0.540986 0.277650 0.109728 0.037500
1 0.602789 0.249850 0.064202 0.017900
5 0.621530 0.282500 0.047990 0.031000
3 0.505447 0.318450 0.267185 0.032100
0 0.817121 0.244200 0.340597 0.246800
4 0.823476 0.358150 0.289754 0.013700
3 0.808042 0.342450 0.320882 0.015700
2 0.869131 0.309200 0.111543 0.038600
5 0.950545 0.314450 0.047990 0.031000
1 0.928923 0.280500 0.061997 0.018200
0 0.190402 0.244900 0.309728 0.247400
4 0.210830 0.358250 0.254604 0.013100
3 0.191764 0.342650 0.294034 0.017500
2 0.226913 0.309500 0.107782 0.037000
5 0.308106 0.314300 0.051492 0.030400
1 0.288392 0.280900 0.064202 0.019000
0 0.825422 0.504650 0.309728 0.262900
2 0.869455 0.575700 0.109598 0.037800
3 0.890143 0.607000 0.165499 0.017400
4 0.889948 0.623650 0.164073 0.014300
1 0.931064 0.547200 0.061349 0.019200
5 0.951427 0.580250 0.050973 0.033300
0 0.517510 0.505450 0.284306 0.262900
2 0.539883 0.575650 0.108820 0.038100
1 0.603048 0.546750 0.062646 0.018100
4 0.537095 0.624400 0.201297 0.013200
5 0.622309 0.579800 0.051362 0.033600
3 0.548962 0.608550 0.176783 0.015300
0 0.189105 0.504850 0.341375 0.265900
1 0.303372 0.532300 0.063035 0.019600
4 0.185279 0.623650 0.312451 0.016300
3 0.186122 0.600100 0.307912 0.029400
2 0.241829 0.560850 0.108301 0.037500
5 0.323022 0.564350 0.049157 0.031500
0 0.195525 0.774600 0.281842 0.251800
5 0.304150 0.847850 0.051102 0.032500
1 0.283722 0.815750 0.064202 0.018900
4 0.209987 0.891750 0.229831 0.014100
3 0.210441 0.875250 0.229183 0.015900
2 0.221984 0.844650 0.109079 0.038100
0 0.828275 0.773950 0.267964 0.249500
2 0.849935 0.843450 0.108171 0.035900
5 0.932036 0.848650 0.052918 0.032300
1 0.911738 0.815900 0.061868 0.018400
3 0.850454 0.876450 0.201297 0.015100
4 0.860311 0.891200 0.174838 0.013600
