0 0.678055 0.215150 0.534560 0.225500
4 0.867083 0.316550 0.135742 0.016300
3 0.855650 0.300600 0.158607 0.015800
2 0.828844 0.268450 0.110775 0.036900
5 0.910710 0.272600 0.050066 0.032800
0 0.793627 0.662550 0.303417 0.203500
1 0.897635 0.675600 0.062549 0.018800
5 0.918331 0.707450 0.050591 0.031300
4 0.817477 0.751400 0.235742 0.013200
3 0.801445 0.735250 0.264389 0.018300
2 0.836465 0.702550 0.110512 0.036700
0 0.276675 0.882300 0.387254 0.194600
4 0.292313 0.970200 0.332852 0.011400
3 0.269448 0.953900 0.371485 0.015800
5 0.437385 0.926900 0.051380 0.034800
1 0.417674 0.894050 0.065046 0.019100
2 0.355322 0.922850 0.110381 0.037500
0 0.743824 0.442550 0.471091 0.212700
1 0.929501 0.458750 0.066623 0.019900
4 0.823522 0.535550 0.291721 0.014900
3 0.784560 0.519200 0.369645 0.015800
5 0.948226 0.492700 0.049409 0.032600
2 0.867017 0.487000 0.110644 0.037600
0 0.309593 0.660300 0.340079 0.212000
1 0.405782 0.677500 0.064915 0.019000
4 0.339685 0.753250 0.214980 0.014500
5 0.426610 0.709500 0.051643 0.034000
2 0.345466 0.705450 0.104862 0.036700
3 0.298620 0.736900 0.299474 0.017200
0 0.281143 0.436550 0.363601 0.221900
1 0.418068 0.459550 0.065046 0.018500
3 0.304402 0.518650 0.303154 0.018100
4 0.328712 0.535100 0.259527 0.014000
5 0.436465 0.492050 0.047438 0.032100
2 0.355848 0.487900 0.110381 0.037400
0 0.718397 0.895500 0.359001 0.166800
1 0.846846 0.894650 0.061892 0.018500
4 0.755716 0.971000 0.251511 0.013600
2 0.785545 0.922950 0.108279 0.038100
3 0.743233 0.955250 0.283574 0.016900
5 0.867083 0.927550 0.051380 0.032100
