0 0.858562 0.872400 0.216732 0.205200
2 0.844967 0.886650 0.109020 0.036700
3 0.866078 0.925100 0.164052 0.029400
4 0.869935 0.956650 0.156340 0.028100
1 0.906471 0.858950 0.060261 0.018100
5 0.926928 0.892150 0.050980 0.032100
0 0.862810 0.654800 0.194379 0.211000
1 0.908889 0.642950 0.061438 0.018300
4 0.874706 0.742950 0.144967 0.029100
2 0.846536 0.670950 0.110588 0.039100
5 0.929281 0.674600 0.050980 0.029400
3 0.864902 0.711350 0.161176 0.029900
0 0.617190 0.655900 0.224967 0.205000
1 0.680392 0.673550 0.064837 0.018300
5 0.700850 0.706800 0.049542 0.032600
3 0.628693 0.733450 0.176601 0.016700
4 0.634248 0.749850 0.165490 0.013900
2 0.619869 0.702600 0.109281 0.037200
0 0.152680 0.434000 0.224837 0.215000
1 0.213268 0.423550 0.063137 0.018500
2 0.151634 0.451900 0.109020 0.037000
5 0.233987 0.456400 0.048889 0.031000
3 0.173856 0.491550 0.155817 0.031500
4 0.179542 0.523300 0.143660 0.028200
0 0.386667 0.435400 0.215425 0.208000
4 0.396928 0.523650 0.174771 0.028300
1 0.440980 0.424850 0.063922 0.017900
2 0.379085 0.452650 0.110588 0.037500
5 0.460850 0.457000 0.046667 0.031000
3 0.404248 0.493100 0.149673 0.032600
0 0.623660 0.434700 0.231634 0.209400
1 0.686928 0.423750 0.062484 0.019500
4 0.650850 0.523100 0.145098 0.029400
3 0.647778 0.490900 0.149150 0.030200
2 0.625229 0.452100 0.108235 0.036400
5 0.706144 0.455650 0.049935 0.031500
0 0.865817 0.435900 0.207190 0.202600
1 0.907124 0.424550 0.053725 0.016500
4 0.861046 0.522500 0.159216 0.027200
2 0.842026 0.451300 0.111242 0.037000
5 0.923007 0.456050 0.048627 0.034500
3 0.865850 0.491000 0.151569 0.029400
0 0.395621 0.658900 0.212941 0.196800
1 0.451830 0.673350 0.063922 0.017900
3 0.389346 0.733400 0.193333 0.015200
4 0.397255 0.748350 0.179085 0.014700
5 0.472614 0.706800 0.051373 0.032600
2 0.390392 0.701850 0.109935 0.039100
0 0.630065 0.872750 0.209673 0.200300
4 0.643268 0.957050 0.156340 0.028900
3 0.651373 0.924650 0.140654 0.032100
1 0.680000 0.858450 0.064575 0.017900
2 0.619150 0.886600 0.108889 0.039000
5 0.700392 0.891500 0.050196 0.031000
0 0.397908 0.872650 0.238693 0.198500
5 0.487712 0.921800 0.050980 0.034000
3 0.393529 0.949000 0.226275 0.016800
4 0.392288 0.964150 0.222745 0.012700
1 0.469804 0.889500 0.056209 0.018000
2 0.404575 0.917900 0.111111 0.036200
0 0.513464 0.214250 0.371503 0.213100
1 0.626471 0.206800 0.063399 0.019600
2 0.566340 0.234050 0.108627 0.035700
5 0.647582 0.238150 0.049935 0.028700
3 0.497712 0.273900 0.329804 0.033800
4 0.506601 0.305450 0.312026 0.027500
0 0.835948 0.225000 0.257516 0.190000
3 0.843268 0.297200 0.232157 0.017200
1 0.916405 0.237150 0.063399 0.019500
5 0.935948 0.269200 0.051503 0.030800
2 0.854118 0.265250 0.109281 0.036700
4 0.856601 0.312950 0.208889 0.011500
0 0.147320 0.872800 0.232680 0.205200
1 0.218562 0.891050 0.057516 0.015900
5 0.236144 0.922900 0.050065 0.032600
3 0.167843 0.949650 0.168105 0.016500
4 0.166993 0.965550 0.175817 0.011900
2 0.155229 0.917250 0.109673 0.034900
0 0.176732 0.217850 0.275294 0.209300
1 0.266732 0.222300 0.066536 0.017200
5 0.285686 0.253650 0.051111 0.030500
4 0.173725 0.313300 0.252810 0.013200
3 0.191242 0.289350 0.221699 0.030700
2 0.204248 0.249000 0.109412 0.036800
0 0.163856 0.658500 0.213203 0.201400
5 0.233399 0.676400 0.050327 0.032600
3 0.162026 0.711250 0.177647 0.033500
4 0.162026 0.743200 0.177647 0.027600
1 0.213007 0.643500 0.060261 0.018600
2 0.152941 0.671150 0.108497 0.036700
