0 0.503268 0.648900 0.289935 0.209400
1 0.608431 0.670600 0.063922 0.019000
2 0.569085 0.699200 0.155686 0.037000
3 0.527778 0.731550 0.230980 0.015700
4 0.530654 0.746550 0.228105 0.013100
0 0.255686 0.204550 0.451765 0.217100
1 0.438889 0.231700 0.061307 0.018600
2 0.400850 0.258850 0.153595 0.036500
3 0.401830 0.288850 0.144837 0.019100
4 0.386144 0.305400 0.173333 0.014000
0 0.751373 0.200250 0.452026 0.220100
4 0.894967 0.302500 0.144706 0.012400
3 0.924575 0.288250 0.075817 0.015500
1 0.926536 0.227550 0.063007 0.018300
2 0.887908 0.255000 0.158824 0.036400
0 0.755098 0.427900 0.442745 0.212000
2 0.884967 0.478850 0.156340 0.037500
3 0.916209 0.510350 0.087320 0.015300
4 0.894183 0.524700 0.131373 0.013400
1 0.922418 0.450450 0.061569 0.017900
0 0.261373 0.428200 0.466275 0.210600
4 0.408954 0.526600 0.162745 0.012200
3 0.432157 0.510850 0.117124 0.017300
2 0.415686 0.479300 0.154248 0.036600
1 0.452026 0.451350 0.061176 0.019300
0 0.824902 0.644600 0.302092 0.220200
4 0.856144 0.744000 0.212157 0.011400
3 0.857124 0.730150 0.206275 0.017100
1 0.922614 0.668550 0.061699 0.018100
2 0.884118 0.697000 0.156471 0.037400
0 0.825621 0.866450 0.299869 0.207500
3 0.855621 0.939050 0.178954 0.016100
1 0.907712 0.878350 0.063268 0.017900
2 0.870065 0.905800 0.155817 0.036800
4 0.847255 0.954400 0.194902 0.013800
0 0.508562 0.867100 0.309673 0.210200
3 0.539281 0.951650 0.230458 0.015100
4 0.531699 0.964950 0.244837 0.012100
2 0.579935 0.918800 0.155948 0.036200
1 0.618824 0.890750 0.062745 0.019300
0 0.190261 0.870000 0.307582 0.216200
3 0.249412 0.954600 0.177255 0.015000
2 0.263660 0.922250 0.155556 0.037100
4 0.249216 0.968950 0.177647 0.012900
1 0.302026 0.894100 0.062092 0.018600
0 0.180719 0.647100 0.307582 0.212600
4 0.217516 0.746600 0.225098 0.011400
3 0.209542 0.731250 0.241046 0.018100
1 0.294510 0.671850 0.062745 0.017700
2 0.255359 0.699200 0.155163 0.036200
