0 0.720947 0.435450 0.357069 0.206100
5 0.870558 0.484500 0.050584 0.032400
4 0.757912 0.529000 0.269390 0.013800
3 0.718288 0.513300 0.345266 0.017600
1 0.850389 0.451900 0.062387 0.018600
2 0.788262 0.479950 0.111414 0.036500
0 0.536057 0.220700 0.339040 0.198000
2 0.596693 0.261200 0.110117 0.037400
3 0.575875 0.294300 0.239948 0.016800
4 0.588716 0.309750 0.214527 0.011900
1 0.657847 0.232950 0.061738 0.018300
5 0.678275 0.266400 0.050973 0.032800
0 0.286446 0.873700 0.366667 0.196200
2 0.349611 0.914800 0.110895 0.037200
3 0.331193 0.948200 0.266796 0.017200
1 0.411349 0.886750 0.062387 0.018100
4 0.344942 0.964050 0.242672 0.011900
5 0.432490 0.920850 0.050195 0.033100
0 0.719326 0.880300 0.371984 0.181200
3 0.763619 0.948600 0.266796 0.017400
1 0.855642 0.886900 0.061738 0.018600
4 0.781518 0.964300 0.220363 0.012200
5 0.875875 0.920650 0.050584 0.031700
2 0.794228 0.915200 0.110636 0.037200
0 0.483204 0.652750 0.349805 0.210100
1 0.610246 0.672200 0.061738 0.018600
4 0.564073 0.748850 0.168093 0.014100
3 0.514137 0.733350 0.267964 0.017700
5 0.630804 0.705250 0.048898 0.030500
2 0.548444 0.700100 0.110895 0.037200
0 0.274838 0.444450 0.375875 0.184300
4 0.366407 0.528100 0.175097 0.013800
3 0.358560 0.512400 0.188975 0.018200
5 0.436316 0.484600 0.050584 0.031800
1 0.415499 0.452200 0.064462 0.018600
2 0.354864 0.480100 0.109728 0.036800
