0 0.768905 0.219630 0.354759 0.185315
1 0.890026 0.215634 0.074185 0.022078
3 0.861147 0.287313 0.145502 0.017183
4 0.876271 0.302797 0.115254 0.013586
5 0.913168 0.254695 0.060235 0.038861
2 0.815124 0.248851 0.131421 0.044356
0 0.228553 0.425724 0.208605 0.217882
1 0.283246 0.452498 0.060626 0.018082
3 0.228292 0.513387 0.200782 0.016384
4 0.237744 0.527622 0.181877 0.012887
2 0.220991 0.480769 0.108996 0.037463
5 0.302608 0.485814 0.049283 0.031169
0 0.510756 0.439710 0.268449 0.193506
1 0.596545 0.452997 0.062190 0.017283
3 0.511343 0.513736 0.243546 0.016284
4 0.516362 0.528521 0.233507 0.012288
5 0.615906 0.485614 0.049544 0.032567
2 0.534550 0.480420 0.110300 0.037562
0 0.818514 0.438861 0.292047 0.196204
1 0.915645 0.452498 0.062842 0.018282
2 0.853716 0.480819 0.109778 0.037762
5 0.935332 0.485764 0.051369 0.031868
3 0.819361 0.511988 0.261930 0.018382
4 0.839635 0.528671 0.222164 0.010390
0 0.616623 0.868881 0.209257 0.202298
3 0.608801 0.947802 0.186571 0.014486
4 0.641199 0.962987 0.122034 0.012288
5 0.686180 0.919381 0.050587 0.031568
2 0.604628 0.915435 0.112256 0.037862
1 0.666297 0.887413 0.062451 0.018182
0 0.155020 0.655445 0.240678 0.210989
1 0.231160 0.673776 0.060756 0.018282
5 0.249870 0.706494 0.047588 0.031568
2 0.169752 0.701898 0.110300 0.038561
3 0.148761 0.734815 0.221382 0.015285
4 0.162256 0.750450 0.194394 0.013586
0 0.383703 0.656743 0.220339 0.216384
1 0.445698 0.673876 0.064276 0.017882
3 0.382920 0.734216 0.216428 0.016883
4 0.382855 0.751598 0.214993 0.014685
2 0.384485 0.701698 0.109518 0.037163
5 0.466754 0.707093 0.051369 0.033367
0 0.375359 0.870430 0.237288 0.206593
5 0.466558 0.919431 0.048892 0.030470
4 0.393546 0.963187 0.173794 0.011688
3 0.369426 0.947153 0.222034 0.015185
2 0.384941 0.914735 0.111213 0.037463
1 0.446610 0.886464 0.061408 0.017882
0 0.835724 0.869680 0.222425 0.203896
3 0.823533 0.946853 0.194654 0.016184
5 0.901630 0.919081 0.049413 0.034565
2 0.820665 0.914436 0.110169 0.037463
4 0.835528 0.962238 0.171447 0.013586
1 0.881617 0.886713 0.061017 0.017982
0 0.622881 0.668531 0.216558 0.176623
4 0.630117 0.749800 0.180965 0.011489
3 0.619817 0.733916 0.208605 0.014086
5 0.705215 0.706943 0.049283 0.030869
2 0.623924 0.701798 0.110169 0.037562
1 0.686375 0.673626 0.062190 0.018382
0 0.848435 0.662737 0.230900 0.196803
5 0.937744 0.705994 0.046545 0.030769
4 0.858475 0.749750 0.202999 0.011389
2 0.857562 0.702098 0.110691 0.037762
1 0.918318 0.672977 0.064537 0.018082
3 0.847914 0.735514 0.226206 0.015485
0 0.143351 0.868581 0.216819 0.201698
1 0.205280 0.886214 0.062451 0.017383
2 0.142699 0.913986 0.113299 0.036963
5 0.224902 0.919680 0.047979 0.030769
3 0.141004 0.948601 0.199348 0.015884
4 0.158344 0.962987 0.161799 0.011688
0 0.304368 0.221828 0.520078 0.178521
1 0.514798 0.224376 0.062973 0.017982
4 0.406128 0.300899 0.290222 0.012587
3 0.355476 0.283616 0.391265 0.017383
5 0.535658 0.255495 0.048631 0.031269
2 0.454302 0.252747 0.110691 0.038362
