0 0.753478 0.652900 0.309055 0.216600
4 0.765748 0.750300 0.246719 0.013800
5 0.871588 0.706550 0.050262 0.030700
2 0.790354 0.701700 0.110630 0.037400
3 0.746457 0.733800 0.287402 0.017000
1 0.851115 0.673850 0.062598 0.018300
0 0.308858 0.654800 0.420079 0.206600
2 0.409186 0.702250 0.109449 0.035900
5 0.489108 0.706300 0.049606 0.030800
3 0.403871 0.733200 0.198556 0.016600
4 0.421654 0.749850 0.166404 0.012900
1 0.468504 0.674450 0.062205 0.019500
0 0.314764 0.871350 0.404593 0.197300
4 0.407480 0.962050 0.195276 0.011700
3 0.395144 0.947150 0.211549 0.014300
5 0.487467 0.919750 0.050787 0.030900
2 0.404724 0.915700 0.112073 0.037000
1 0.466010 0.887400 0.060630 0.019600
0 0.729265 0.871750 0.334646 0.197300
4 0.810958 0.963050 0.148425 0.012300
3 0.799869 0.947200 0.171916 0.016200
5 0.868766 0.920450 0.050131 0.032700
2 0.786811 0.914750 0.111417 0.037500
1 0.849278 0.886950 0.062336 0.018100
0 0.197047 0.218650 0.304593 0.209300
3 0.195407 0.300100 0.291864 0.014400
5 0.317060 0.271300 0.050394 0.031200
2 0.235039 0.267600 0.108399 0.036400
1 0.296063 0.239800 0.063517 0.019000
4 0.212861 0.315950 0.261155 0.012500
0 0.514042 0.219850 0.289764 0.207300
5 0.626575 0.272500 0.050000 0.031400
2 0.545341 0.268600 0.109843 0.036200
1 0.606759 0.240700 0.062598 0.019000
3 0.524606 0.300200 0.240814 0.016800
4 0.532940 0.315300 0.224147 0.013600
0 0.830512 0.218150 0.252100 0.209700
5 0.925131 0.272850 0.049738 0.031500
2 0.843307 0.267800 0.111286 0.036200
1 0.905774 0.238800 0.064829 0.020800
3 0.827822 0.298100 0.228871 0.015400
4 0.849016 0.314150 0.184383 0.014900
0 0.199344 0.441850 0.278215 0.190300
3 0.230381 0.512700 0.183333 0.017600
5 0.307874 0.485350 0.050656 0.031500
2 0.225197 0.480650 0.111549 0.037500
1 0.286549 0.452150 0.061024 0.018500
4 0.202887 0.528500 0.238320 0.011400
0 0.528412 0.445800 0.258661 0.183000
3 0.542388 0.514100 0.205774 0.016400
5 0.629528 0.486800 0.051706 0.032600
2 0.548294 0.481500 0.109449 0.038000
1 0.608530 0.453650 0.062205 0.017700
4 0.563255 0.529200 0.167717 0.011800
0 0.823425 0.447150 0.259711 0.186500
1 0.898819 0.452350 0.062467 0.018500
3 0.816207 0.511900 0.239239 0.014400
5 0.919357 0.484850 0.050787 0.032100
2 0.837927 0.480300 0.110236 0.037400
4 0.820801 0.527900 0.232415 0.013200
