0 0.841645 0.867800 0.198956 0.209300
1 0.895300 0.858600 0.063185 0.019600
3 0.845496 0.924850 0.169582 0.033700
4 0.837076 0.957300 0.186684 0.025600
5 0.913969 0.891150 0.049086 0.032700
2 0.831984 0.886550 0.112533 0.037500
0 0.301893 0.889250 0.295431 0.176900
1 0.397324 0.892850 0.063055 0.019500
4 0.354569 0.968350 0.177023 0.012500
3 0.344452 0.952150 0.197258 0.016900
5 0.417755 0.925250 0.050653 0.031300
2 0.335313 0.921000 0.111358 0.036800
0 0.628460 0.652500 0.207050 0.214800
5 0.703198 0.691900 0.050261 0.032600
4 0.631332 0.750750 0.196345 0.012700
3 0.629700 0.726900 0.199347 0.030200
1 0.683029 0.658800 0.062402 0.019000
2 0.621540 0.687100 0.110444 0.037600
0 0.634465 0.872200 0.188773 0.201200
3 0.646475 0.925100 0.136292 0.034200
4 0.631593 0.957200 0.166057 0.026600
1 0.678460 0.858100 0.062402 0.020400
5 0.699413 0.891250 0.048956 0.031500
2 0.616971 0.886500 0.111227 0.036400
0 0.800979 0.432550 0.264883 0.195100
1 0.879112 0.445250 0.062663 0.018300
2 0.818864 0.474600 0.109791 0.039200
5 0.899674 0.479250 0.050522 0.032500
3 0.816775 0.505800 0.216319 0.015000
4 0.818407 0.521600 0.218016 0.012600
0 0.498825 0.434700 0.260574 0.193800
4 0.530157 0.521700 0.193995 0.012200
1 0.579896 0.446100 0.062663 0.018600
2 0.517755 0.473700 0.111227 0.037600
5 0.600000 0.478850 0.050914 0.031700
3 0.518734 0.506700 0.213708 0.015800
0 0.203655 0.435700 0.253003 0.194400
1 0.276762 0.445650 0.063446 0.020500
2 0.214621 0.474550 0.111227 0.035900
5 0.297258 0.478500 0.050392 0.032000
3 0.207898 0.506450 0.235901 0.014900
4 0.262794 0.522400 0.124282 0.011600
0 0.722389 0.221750 0.472715 0.212700
1 0.896345 0.208850 0.061619 0.019100
2 0.835770 0.237100 0.110183 0.037200
5 0.917493 0.242200 0.050131 0.030800
3 0.716123 0.276850 0.453394 0.028100
4 0.737598 0.308050 0.407833 0.029100
0 0.268734 0.231650 0.317885 0.186300
1 0.370039 0.239600 0.062794 0.019600
2 0.308290 0.267650 0.111097 0.035900
5 0.390209 0.273100 0.050914 0.030400
3 0.291057 0.299850 0.258355 0.014700
4 0.306723 0.315150 0.222846 0.011700
0 0.850457 0.652300 0.233551 0.212400
4 0.856136 0.749850 0.202350 0.012700
3 0.863969 0.735300 0.189295 0.014800
0 0.281593 0.657650 0.297650 0.199300
3 0.279830 0.733700 0.094125 0.013600
4 0.277350 0.748850 0.099608 0.012100
