0 0.811688 0.862350 0.310390 0.199300
2 0.857468 0.899800 0.110779 0.037400
5 0.939026 0.904450 0.048182 0.031300
1 0.918117 0.871800 0.063766 0.017600
4 0.854870 0.946100 0.202208 0.013800
3 0.842338 0.929900 0.230909 0.017000
0 0.809351 0.643750 0.307792 0.207500
1 0.920909 0.660550 0.060779 0.018900
2 0.882143 0.688650 0.154935 0.037300
4 0.847013 0.736600 0.222078 0.013200
3 0.820065 0.719550 0.275455 0.017700
0 0.494351 0.860950 0.300649 0.197100
4 0.563506 0.951100 0.153506 0.014000
3 0.540260 0.935050 0.196104 0.015900
2 0.565325 0.905000 0.156104 0.036800
1 0.603312 0.876550 0.063247 0.019500
0 0.175909 0.861850 0.294416 0.201700
1 0.277857 0.876400 0.061429 0.019800
4 0.215649 0.953450 0.194675 0.015100
3 0.203182 0.936050 0.219610 0.018900
2 0.238636 0.905000 0.155714 0.036200
0 0.269416 0.240100 0.396494 0.139600
1 0.426104 0.226050 0.064416 0.021500
2 0.386753 0.255050 0.155065 0.036500
3 0.382143 0.286450 0.159351 0.015700
4 0.373571 0.301750 0.182987 0.013700
0 0.747662 0.199050 0.439740 0.215300
1 0.920974 0.219200 0.066104 0.019600
2 0.883571 0.248950 0.157532 0.038500
3 0.873896 0.283200 0.171948 0.017000
4 0.868052 0.298500 0.183896 0.012400
0 0.810779 0.425700 0.306753 0.217200
2 0.882987 0.477700 0.158442 0.036400
1 0.920974 0.450850 0.062727 0.018300
3 0.842532 0.507800 0.224545 0.016600
4 0.877792 0.525400 0.164416 0.012600
0 0.492208 0.423700 0.301558 0.214600
1 0.599156 0.447500 0.062208 0.018200
2 0.559416 0.476000 0.159351 0.037800
3 0.515065 0.507900 0.241299 0.017000
4 0.505714 0.524000 0.261818 0.012800
0 0.173636 0.424200 0.290649 0.213400
2 0.239286 0.476050 0.155974 0.037300
1 0.276558 0.447700 0.062468 0.019000
3 0.222727 0.506650 0.179481 0.019500
4 0.223052 0.523700 0.176494 0.011800
0 0.175519 0.642200 0.295974 0.206600
1 0.281169 0.657350 0.062338 0.019500
2 0.242857 0.685900 0.157662 0.037600
3 0.211364 0.718700 0.207662 0.013600
4 0.205260 0.732300 0.224805 0.013600
0 0.493571 0.642150 0.304805 0.207500
1 0.603052 0.657250 0.062727 0.018900
2 0.564156 0.685400 0.156883 0.037400
3 0.497208 0.716050 0.287662 0.016300
4 0.501039 0.732250 0.276623 0.012300
