0 0.508268 0.899900 0.299349 0.171400
1 0.606315 0.899500 0.062891 0.017400
5 0.626432 0.932700 0.053125 0.034000
3 0.619076 0.959500 0.068880 0.016600
4 0.616146 0.976100 0.073698 0.013600
2 0.544076 0.927450 0.109505 0.038500
0 0.193815 0.899300 0.302995 0.169600
2 0.230078 0.927900 0.110677 0.038600
1 0.292969 0.899350 0.065104 0.017300
5 0.313411 0.932450 0.052344 0.033700
3 0.246159 0.959450 0.189714 0.016900
4 0.257878 0.975750 0.164974 0.012500
0 0.523698 0.505750 0.655729 0.182700
2 0.741732 0.539750 0.112109 0.038100
3 0.735417 0.570300 0.228385 0.015000
4 0.743750 0.587250 0.209375 0.014500
1 0.804036 0.510650 0.064323 0.018900
5 0.825195 0.545100 0.050130 0.032600
0 0.276758 0.709300 0.368099 0.187000
2 0.345833 0.743050 0.109896 0.039100
3 0.432422 0.774050 0.045313 0.018500
4 0.433138 0.791150 0.046745 0.016900
1 0.406706 0.716650 0.061328 0.014100
5 0.429167 0.748200 0.051823 0.031000
0 0.752409 0.711150 0.393359 0.185900
5 0.915234 0.747950 0.052083 0.033300
2 0.831836 0.742350 0.112109 0.037700
1 0.894206 0.714750 0.063151 0.017300
3 0.868945 0.774400 0.145443 0.016400
4 0.878971 0.790750 0.126172 0.014500
0 0.834115 0.898550 0.284635 0.170300
4 0.897070 0.975300 0.152734 0.012000
1 0.927344 0.899000 0.062760 0.018600
5 0.947461 0.932750 0.051172 0.033300
3 0.901107 0.959350 0.145443 0.017300
2 0.865755 0.927400 0.110677 0.038400
