0 0.221382 0.722700 0.216408 0.175600
1 0.277455 0.721850 0.063437 0.018900
5 0.298127 0.756150 0.051550 0.033500
3 0.222028 0.782450 0.183850 0.018100
4 0.227842 0.800400 0.170930 0.014000
2 0.214729 0.750600 0.112661 0.038400
0 0.491214 0.250050 0.319638 0.240300
1 0.580297 0.232400 0.062920 0.018800
4 0.491796 0.334950 0.263953 0.031300
5 0.600388 0.265600 0.048062 0.032200
2 0.518669 0.260600 0.111499 0.037600
3 0.491667 0.301750 0.276098 0.032100
0 0.487016 0.522000 0.255685 0.233400
1 0.562984 0.513500 0.064212 0.020200
5 0.583979 0.546650 0.052196 0.031100
2 0.499483 0.542550 0.112920 0.037700
3 0.482300 0.584050 0.235401 0.034100
4 0.491473 0.615900 0.226873 0.027000
0 0.749160 0.738500 0.223902 0.206600
3 0.761628 0.792250 0.129974 0.033100
4 0.765181 0.824150 0.125194 0.028100
2 0.726744 0.751200 0.112661 0.038600
5 0.811563 0.756550 0.051034 0.032700
1 0.790762 0.722650 0.062920 0.018100
