0 0.827734 0.449000 0.287240 0.201600
1 0.924414 0.464350 0.062109 0.018900
4 0.847526 0.540150 0.240625 0.013100
3 0.828060 0.523800 0.283203 0.016600
5 0.945833 0.497350 0.048958 0.031900
2 0.864388 0.492650 0.111589 0.036700
0 0.316862 0.899300 0.350391 0.177200
2 0.381250 0.932000 0.109375 0.037000
5 0.461198 0.936600 0.048698 0.031000
1 0.441276 0.904000 0.062240 0.019000
3 0.362370 0.961400 0.253646 0.017400
4 0.373438 0.977850 0.231510 0.014700
0 0.276693 0.225350 0.466927 0.205900
3 0.276628 0.303650 0.462109 0.017500
5 0.481576 0.275600 0.049089 0.031200
2 0.399284 0.271450 0.111328 0.039900
1 0.460221 0.242950 0.063411 0.018100
4 0.321680 0.319050 0.370443 0.013100
0 0.761198 0.227600 0.426562 0.211600
4 0.781641 0.319800 0.357552 0.013600
3 0.756185 0.303800 0.410547 0.016800
2 0.863932 0.270900 0.111719 0.037200
1 0.924544 0.243000 0.062891 0.018600
5 0.946094 0.276450 0.049740 0.031500
0 0.747135 0.892700 0.400521 0.189800
5 0.921224 0.936500 0.050000 0.031600
3 0.822396 0.962500 0.231250 0.016800
4 0.837370 0.979900 0.202344 0.013600
1 0.900651 0.903300 0.062240 0.018200
2 0.839323 0.931200 0.111719 0.037600
0 0.301172 0.663600 0.291146 0.209200
1 0.397721 0.682150 0.061589 0.018100
2 0.336914 0.709700 0.111849 0.036200
5 0.418229 0.714750 0.048958 0.032500
3 0.320052 0.740900 0.229427 0.017200
4 0.323568 0.758350 0.226562 0.013100
0 0.743164 0.668400 0.429818 0.193800
1 0.908919 0.679700 0.062109 0.018600
2 0.847591 0.707400 0.111849 0.035800
5 0.929688 0.712750 0.050781 0.031500
3 0.755143 0.739300 0.381120 0.017200
4 0.785221 0.755350 0.320964 0.014900
0 0.195638 0.446200 0.297266 0.203000
5 0.316276 0.497500 0.051562 0.031400
2 0.233854 0.491750 0.111719 0.036700
1 0.295117 0.464200 0.061328 0.018400
4 0.260026 0.540450 0.142708 0.010900
3 0.259180 0.524800 0.143359 0.016800
0 0.525130 0.445750 0.253125 0.203900
2 0.543815 0.491300 0.111068 0.037600
5 0.625195 0.496600 0.050651 0.031600
1 0.604427 0.462950 0.061458 0.018100
4 0.549284 0.539350 0.183464 0.014100
3 0.520182 0.523900 0.241927 0.016800
