0 0.151958 0.205650 0.178590 0.183900
1 0.198760 0.233800 0.055744 0.015400
3 0.157898 0.284750 0.106397 0.010500
4 0.146149 0.293350 0.130157 0.007700
2 0.143211 0.259100 0.099478 0.034400
5 0.217037 0.264400 0.045039 0.029400
0 0.339752 0.206550 0.148956 0.195300
5 0.389883 0.262950 0.047911 0.028500
4 0.327480 0.299400 0.076893 0.007200
2 0.316514 0.258900 0.098564 0.034000
3 0.328068 0.288200 0.073368 0.014600
1 0.370692 0.233950 0.054439 0.015900
0 0.509138 0.216100 0.153786 0.183000
1 0.541123 0.234150 0.054830 0.016500
5 0.559922 0.263600 0.044909 0.027200
3 0.508812 0.288550 0.108225 0.009100
4 0.524543 0.299200 0.073368 0.012200
2 0.487010 0.258950 0.100131 0.033100
0 0.683159 0.215800 0.148303 0.181200
5 0.732180 0.262900 0.045822 0.029400
3 0.697911 0.288750 0.052219 0.013900
4 0.694974 0.299800 0.063055 0.007200
2 0.659073 0.259300 0.097781 0.032800
1 0.713577 0.233700 0.056397 0.017000
0 0.127154 0.430650 0.171018 0.179700
2 0.090666 0.469850 0.094125 0.031700
5 0.160444 0.473100 0.043603 0.027600
3 0.153264 0.500650 0.112794 0.016100
4 0.141645 0.513300 0.134987 0.009800
1 0.142232 0.446150 0.053394 0.015100
0 0.187076 0.656550 0.285379 0.213700
2 0.217624 0.675550 0.110966 0.037500
3 0.221736 0.714450 0.210052 0.031500
1 0.281070 0.647800 0.067363 0.019000
5 0.300587 0.680700 0.051044 0.032600
4 0.238512 0.746800 0.176762 0.028800
0 0.524413 0.661800 0.212010 0.212000
2 0.516580 0.708100 0.111227 0.037200
1 0.579308 0.679400 0.066449 0.017600
5 0.600196 0.713650 0.053655 0.033900
3 0.549478 0.740100 0.149869 0.017600
4 0.536292 0.755500 0.176240 0.014400
0 0.820366 0.659550 0.269191 0.207500
5 0.926828 0.712550 0.049739 0.032100
2 0.844125 0.707750 0.112010 0.037900
3 0.838838 0.740150 0.225457 0.015100
4 0.820822 0.755000 0.263316 0.012000
1 0.905875 0.680100 0.061880 0.017600
0 0.815470 0.877700 0.206658 0.188000
2 0.809661 0.916750 0.109661 0.036700
1 0.870496 0.888500 0.064230 0.018800
5 0.891188 0.921400 0.051305 0.032600
3 0.837598 0.948350 0.148303 0.015100
4 0.837141 0.964850 0.153133 0.010700
0 0.511097 0.878850 0.251958 0.190300
5 0.603264 0.924600 0.049086 0.031600
2 0.521997 0.919200 0.110836 0.037400
1 0.583355 0.890900 0.062794 0.019200
3 0.535640 0.950200 0.184073 0.017600
4 0.544060 0.966200 0.168016 0.012600
0 0.222063 0.878950 0.188773 0.192500
5 0.286253 0.924105 0.049426 0.032390
2 0.205222 0.919750 0.111749 0.038500
3 0.221997 0.951500 0.174021 0.016600
4 0.233355 0.967300 0.155222 0.012800
1 0.266514 0.891150 0.062272 0.018100
0 0.303916 0.429650 0.158225 0.200300
2 0.266384 0.469800 0.094648 0.030600
1 0.318734 0.446000 0.054178 0.016000
5 0.336554 0.474050 0.043603 0.027700
3 0.319909 0.505550 0.122846 0.015100
4 0.341580 0.521600 0.084987 0.013200
0 0.882376 0.368750 0.162663 0.308900
1 0.916253 0.444650 0.053394 0.015100
5 0.934073 0.474250 0.043081 0.028300
2 0.864360 0.469600 0.094256 0.033000
3 0.887859 0.509700 0.067363 0.007600
4 0.877742 0.517400 0.089164 0.007200
0 0.694125 0.432600 0.167624 0.174400
5 0.612311 0.474660 0.041906 0.027700
2 0.686423 0.469950 0.095300 0.032700
5 0.755940 0.474050 0.041906 0.027700
3 0.686292 0.499500 0.108094 0.008800
4 0.675326 0.508350 0.128982 0.007500
1 0.739883 0.445850 0.053133 0.015700
0 0.497585 0.433200 0.268277 0.190200
5 0.612311 0.474660 0.041906 0.027700
5 0.476266 0.474660 0.041906 0.027700
2 0.408355 0.470450 0.091384 0.033100
2 0.545496 0.470200 0.087598 0.030800
3 0.504373 0.502400 0.136684 0.016400
1 0.594256 0.446200 0.051436 0.017200
1 0.458551 0.445750 0.054439 0.016300
4 0.512402 0.519400 0.115927 0.018600
