0 0.511688 0.436350 0.265714 0.209100
5 0.616104 0.458450 0.050649 0.033100
2 0.534870 0.453000 0.110260 0.037800
1 0.595390 0.424650 0.064545 0.018900
3 0.511299 0.493600 0.249610 0.030800
4 0.531039 0.524900 0.209610 0.027400
0 0.523377 0.886100 0.296104 0.188400
2 0.561169 0.925100 0.110390 0.037400
5 0.643377 0.929850 0.049870 0.030700
3 0.552143 0.956700 0.215714 0.016000
1 0.621753 0.896500 0.063766 0.019600
4 0.564156 0.973900 0.192727 0.011200
0 0.204935 0.875250 0.275584 0.210300
1 0.294675 0.897600 0.064935 0.019200
4 0.245844 0.972300 0.178961 0.013800
3 0.260584 0.956950 0.142208 0.014500
2 0.233896 0.925900 0.110909 0.036800
5 0.315065 0.930300 0.049351 0.032400
0 0.525130 0.214400 0.263247 0.206200
4 0.554481 0.310050 0.172597 0.011700
1 0.605519 0.232650 0.063766 0.017700
2 0.544351 0.261150 0.111039 0.039300
3 0.562208 0.293300 0.158442 0.017400
5 0.625584 0.265750 0.048052 0.030900
0 0.829286 0.432950 0.287143 0.215900
4 0.833961 0.524950 0.256494 0.027300
2 0.861948 0.453200 0.109610 0.037000
1 0.923896 0.425050 0.064675 0.019300
3 0.833182 0.493550 0.259870 0.032500
5 0.944156 0.457300 0.052468 0.033200
0 0.714416 0.656700 0.542857 0.208800
2 0.871104 0.703450 0.112338 0.038100
1 0.935000 0.675100 0.063506 0.017400
5 0.954740 0.708300 0.052338 0.032600
3 0.710714 0.735450 0.524545 0.016300
4 0.775000 0.751250 0.390519 0.013100
0 0.830325 0.215150 0.287143 0.207900
1 0.924740 0.236540 0.065325 0.016300
2 0.862662 0.263650 0.112857 0.038500
5 0.945325 0.269350 0.051169 0.031700
4 0.875974 0.311750 0.171169 0.011300
3 0.862468 0.295400 0.201818 0.016800
0 0.189675 0.437450 0.307143 0.203900
2 0.234156 0.482300 0.110390 0.038000
1 0.296039 0.454500 0.065844 0.018600
5 0.315779 0.487550 0.050000 0.030300
3 0.186558 0.515400 0.296494 0.017200
4 0.215260 0.531700 0.233636 0.013600
0 0.208896 0.221050 0.256234 0.209500
4 0.214805 0.313000 0.215325 0.012400
3 0.212662 0.296400 0.222468 0.016400
1 0.286104 0.234150 0.065714 0.020100
2 0.223442 0.263000 0.114156 0.038600
5 0.307597 0.268700 0.050779 0.034800
0 0.223182 0.654700 0.254156 0.209800
2 0.240195 0.704100 0.108961 0.037200
5 0.322013 0.708850 0.048961 0.031100
1 0.302143 0.675500 0.063506 0.019000
3 0.248701 0.735350 0.177662 0.018100
4 0.243377 0.751600 0.190649 0.013600
0 0.823701 0.873850 0.208961 0.213100
5 0.898052 0.929000 0.049351 0.033600
2 0.815974 0.923700 0.111169 0.037200
3 0.824675 0.956100 0.175325 0.017400
4 0.825000 0.972550 0.174416 0.011100
1 0.876623 0.895550 0.063636 0.018100
