0 0.325228 0.222800 0.352146 0.214600
2 0.388817 0.271300 0.114174 0.037600
4 0.360013 0.318650 0.271131 0.014500
3 0.385891 0.302650 0.225098 0.017700
1 0.450975 0.242800 0.064239 0.018600
5 0.471391 0.275400 0.048895 0.032200
0 0.737386 0.659800 0.335111 0.210400
4 0.821196 0.757450 0.150585 0.013100
1 0.854746 0.682100 0.062939 0.019000
3 0.818010 0.742900 0.151235 0.016000
5 0.875553 0.715400 0.050195 0.031800
2 0.795059 0.710300 0.110533 0.036400
0 0.744538 0.447450 0.315345 0.197900
3 0.798570 0.523000 0.202861 0.015200
1 0.854941 0.462750 0.063329 0.018500
4 0.790442 0.538550 0.219116 0.012500
5 0.875033 0.496000 0.047074 0.031200
2 0.793108 0.491500 0.111313 0.038000
0 0.352406 0.660000 0.282445 0.214600
4 0.384135 0.757550 0.181534 0.013100
1 0.438557 0.681500 0.062809 0.018200
2 0.377048 0.709400 0.109623 0.036200
5 0.459233 0.714200 0.050065 0.031800
3 0.389662 0.740950 0.177243 0.018700
0 0.205527 0.878700 0.231860 0.210400
1 0.262419 0.885450 0.061899 0.017900
3 0.199220 0.947700 0.217685 0.019600
4 0.219376 0.969700 0.178934 0.023400
2 0.201430 0.913450 0.111834 0.038100
5 0.284005 0.918150 0.052276 0.031100
0 0.530039 0.880050 0.233290 0.211500
3 0.533290 0.963500 0.220546 0.015600
4 0.548570 0.979100 0.188427 0.011600
1 0.596099 0.902350 0.062679 0.019500
5 0.616840 0.935850 0.048244 0.030500
2 0.535436 0.930450 0.112224 0.036700
0 0.344863 0.441550 0.331079 0.215100
4 0.424187 0.538050 0.162549 0.012500
3 0.426788 0.522250 0.156307 0.017900
1 0.460403 0.461100 0.063069 0.019400
5 0.479714 0.495250 0.047334 0.031300
2 0.399415 0.490100 0.110923 0.038600
0 0.731014 0.222650 0.342913 0.212500
3 0.792003 0.302150 0.218596 0.016300
1 0.853576 0.242250 0.064759 0.019900
4 0.771261 0.318530 0.256697 0.011800
5 0.875098 0.275600 0.048765 0.031200
2 0.792978 0.270650 0.109753 0.036700
0 0.836476 0.884300 0.222757 0.200800
4 0.841352 0.976000 0.205722 0.011400
1 0.899155 0.901000 0.062549 0.019000
3 0.835982 0.961560 0.218466 0.016900
5 0.919831 0.934050 0.050065 0.030100
2 0.837581 0.929250 0.110533 0.037500
