0 0.193709 0.428200 0.281842 0.204800
1 0.283074 0.445100 0.061349 0.018800
4 0.204734 0.522250 0.232036 0.014700
3 0.188911 0.506350 0.263684 0.017900
5 0.304734 0.477950 0.051751 0.032500
2 0.220558 0.472900 0.107004 0.036000
0 0.521595 0.217850 0.247341 0.204700
4 0.546693 0.312050 0.179248 0.012700
3 0.543515 0.296850 0.180934 0.016700
5 0.616926 0.268600 0.051751 0.034400
2 0.534112 0.264100 0.110506 0.037200
1 0.596304 0.235800 0.062387 0.018600
0 0.191829 0.215300 0.287678 0.214800
3 0.220363 0.296200 0.226200 0.019000
4 0.248054 0.312200 0.172114 0.013800
5 0.302983 0.268600 0.049546 0.032600
2 0.221077 0.265200 0.111154 0.037600
1 0.281518 0.236700 0.062127 0.018400
0 0.728534 0.867550 0.300389 0.206500
5 0.852983 0.916950 0.049416 0.031300
3 0.745136 0.943650 0.248508 0.017700
4 0.740467 0.960450 0.261479 0.013100
2 0.771725 0.913300 0.110246 0.037600
1 0.834112 0.884000 0.062516 0.019200
0 0.270039 0.658100 0.271595 0.209200
3 0.262322 0.737550 0.254604 0.014300
5 0.374903 0.709750 0.051232 0.031300
2 0.292088 0.704900 0.108431 0.036600
1 0.352724 0.677050 0.060571 0.019100
4 0.265824 0.753250 0.250713 0.012500
0 0.279248 0.873250 0.306874 0.185300
3 0.306848 0.943280 0.227626 0.015100
4 0.305642 0.958470 0.229702 0.013600
2 0.321466 0.910150 0.110636 0.038500
1 0.382490 0.882100 0.061219 0.017800
5 0.403502 0.914500 0.051362 0.032800
0 0.674578 0.661100 0.432944 0.196800
2 0.782296 0.702350 0.110895 0.036500
1 0.843904 0.674100 0.061608 0.018600
4 0.795201 0.750300 0.177691 0.012000
3 0.806485 0.733400 0.149416 0.017400
5 0.864267 0.707000 0.050713 0.031000
0 0.810182 0.427500 0.276654 0.206800
3 0.841796 0.484110 0.208366 0.031300
2 0.830804 0.445650 0.111414 0.036900
4 0.845603 0.515680 0.200415 0.027400
5 0.911803 0.449650 0.049805 0.030700
1 0.892477 0.417550 0.061479 0.019100
0 0.512970 0.428700 0.275227 0.206200
1 0.601946 0.444650 0.062516 0.019100
4 0.529183 0.521400 0.227756 0.013600
3 0.523800 0.505000 0.229702 0.017800
5 0.623281 0.478150 0.049416 0.030500
2 0.540661 0.473300 0.109598 0.037600
0 0.811349 0.212950 0.272503 0.208300
5 0.899027 0.265650 0.050973 0.032100
2 0.816342 0.262050 0.110765 0.038500
1 0.879572 0.233050 0.062387 0.018900
4 0.833243 0.310530 0.162127 0.011700
3 0.840791 0.293930 0.146952 0.014700
