0 0.806718 0.864500 0.282171 0.212200
1 0.904587 0.884150 0.062403 0.019300
4 0.820349 0.961550 0.240698 0.013300
2 0.866344 0.913400 0.158786 0.037600
3 0.878618 0.944300 0.132429 0.018000
0 0.496641 0.866650 0.297158 0.213700
3 0.590116 0.951500 0.085401 0.016000
5 0.617636 0.924050 0.050000 0.031500
1 0.597222 0.891500 0.062145 0.019200
4 0.559755 0.966550 0.144057 0.013300
2 0.537920 0.919800 0.108656 0.036800
0 0.181977 0.194850 0.291344 0.212900
1 0.282171 0.218000 0.062532 0.019600
2 0.219186 0.246450 0.107623 0.037700
5 0.299871 0.251400 0.049871 0.031000
3 0.201292 0.278850 0.231783 0.018500
4 0.202649 0.294350 0.233204 0.010300
0 0.497804 0.641300 0.308527 0.216600
5 0.617119 0.699950 0.050775 0.031700
3 0.551098 0.727600 0.162403 0.017400
1 0.597093 0.667100 0.062403 0.019600
4 0.538372 0.743350 0.190698 0.011300
2 0.535724 0.695650 0.109432 0.038100
0 0.178359 0.639750 0.298579 0.216900
1 0.283463 0.663750 0.061499 0.018100
5 0.301873 0.696900 0.045607 0.032200
4 0.248973 0.739790 0.143941 0.012700
3 0.280685 0.723950 0.081266 0.017100
2 0.222416 0.691700 0.110207 0.037200
0 0.492506 0.417500 0.300258 0.215200
1 0.596641 0.438400 0.061757 0.018400
4 0.565245 0.515600 0.139535 0.013200
3 0.583140 0.498300 0.097028 0.017600
5 0.616279 0.471350 0.048320 0.031300
2 0.534367 0.467850 0.109819 0.038500
0 0.179716 0.863900 0.308527 0.216600
4 0.201938 0.962850 0.251421 0.012500
3 0.218152 0.944950 0.217700 0.020100
1 0.292636 0.885400 0.064599 0.019600
2 0.253941 0.913700 0.155943 0.037000
0 0.186822 0.417950 0.303876 0.216100
1 0.294638 0.443450 0.062661 0.018500
4 0.283204 0.519250 0.099483 0.011700
3 0.268605 0.502900 0.122997 0.017200
5 0.313372 0.475800 0.047416 0.029000
2 0.233398 0.471700 0.109948 0.036200
0 0.808592 0.641850 0.298579 0.219900
1 0.915568 0.666450 0.061628 0.018300
2 0.876809 0.695450 0.156718 0.039100
3 0.896757 0.727650 0.112145 0.014300
4 0.864987 0.744610 0.173643 0.012400
0 0.495801 0.194350 0.305556 0.212700
1 0.607623 0.217450 0.061499 0.019300
2 0.567571 0.246100 0.156331 0.037200
3 0.587791 0.278300 0.108915 0.019000
4 0.564922 0.294600 0.158010 0.010000
