0 0.376580 0.186500 0.227060 0.168600
1 0.461332 0.190500 0.038599 0.013800
2 0.405082 0.212450 0.095330 0.031500
5 0.472527 0.213050 0.035989 0.031500
3 0.378640 0.239250 0.222115 0.010500
4 0.380357 0.256350 0.200549 0.018300
0 0.133379 0.548000 0.225000 0.168400
3 0.136951 0.600750 0.162363 0.012100
1 0.213462 0.553950 0.043132 0.012300
2 0.159959 0.575850 0.097390 0.030500
5 0.224931 0.575550 0.033654 0.030900
4 0.135577 0.617600 0.213462 0.020400
0 0.632005 0.539150 0.207143 0.168900
3 0.616758 0.602800 0.114286 0.010000
4 0.617102 0.614700 0.166071 0.009200
1 0.701923 0.554600 0.050000 0.013600
2 0.647940 0.577600 0.098077 0.031400
5 0.714423 0.577850 0.033791 0.030900
0 0.863805 0.539400 0.235577 0.164000
4 0.864766 0.613300 0.229533 0.008200
2 0.882967 0.575750 0.096154 0.029500
3 0.863874 0.600300 0.195604 0.013200
1 0.938530 0.553250 0.039973 0.012700
5 0.948558 0.575600 0.035027 0.030000
0 0.135096 0.731350 0.202885 0.160900
1 0.208585 0.733600 0.052335 0.016800
2 0.154739 0.756650 0.096566 0.030300
5 0.220879 0.756000 0.031868 0.029000
3 0.137157 0.783100 0.123214 0.008400
4 0.136195 0.799850 0.171016 0.018700
0 0.384478 0.733450 0.205220 0.146500
3 0.372321 0.783100 0.174038 0.008400
1 0.455288 0.734100 0.052335 0.013600
2 0.399931 0.757650 0.095742 0.029700
5 0.465453 0.756950 0.033654 0.030900
4 0.374107 0.794050 0.178984 0.009700
0 0.617582 0.719400 0.245879 0.168600
1 0.691896 0.733100 0.046978 0.014200
2 0.638393 0.755950 0.099313 0.030300
5 0.703846 0.755000 0.031868 0.028400
3 0.617582 0.783350 0.167582 0.010300
4 0.616621 0.795900 0.236813 0.011000
0 0.136676 0.904850 0.223352 0.152500
4 0.135714 0.975100 0.219780 0.009600
3 0.135783 0.962550 0.205632 0.012300
2 0.163187 0.934750 0.097527 0.030300
1 0.216003 0.912500 0.055907 0.014200
5 0.228777 0.935400 0.033654 0.031600
0 0.375549 0.901450 0.224176 0.159900
5 0.462775 0.926050 0.035440 0.031100
3 0.375069 0.953450 0.221566 0.009700
2 0.398077 0.925650 0.095879 0.030300
1 0.451786 0.902850 0.050549 0.015500
4 0.376374 0.970050 0.203022 0.019700
0 0.623283 0.899000 0.226786 0.169200
3 0.617857 0.947100 0.200549 0.023400
2 0.647184 0.916350 0.094093 0.029700
1 0.703503 0.894750 0.048764 0.013500
5 0.712363 0.916050 0.034615 0.030300
4 0.620055 0.969900 0.217582 0.019400
0 0.135508 0.180450 0.205907 0.157500
4 0.120948 0.250900 0.147390 0.009200
1 0.211401 0.193700 0.050275 0.009800
3 0.120330 0.237150 0.089286 0.010500
2 0.153984 0.214600 0.095330 0.029400
5 0.219643 0.213900 0.032418 0.029400
0 0.375137 0.545950 0.220330 0.169900
3 0.378571 0.602350 0.192308 0.009100
4 0.380426 0.619400 0.209753 0.019600
1 0.454052 0.552150 0.053709 0.012300
2 0.403777 0.573750 0.095467 0.030900
5 0.468132 0.573750 0.034341 0.030900
0 0.375481 0.365050 0.224863 0.145500
3 0.374313 0.419250 0.161538 0.011900
4 0.375824 0.431450 0.220055 0.009700
1 0.454464 0.368900 0.052885 0.013400
2 0.401580 0.392150 0.098214 0.033100
5 0.467995 0.391800 0.030220 0.033800
0 0.139011 0.359350 0.219505 0.184300
1 0.217102 0.372900 0.052885 0.016600
2 0.162088 0.395650 0.091758 0.029100
5 0.226854 0.395700 0.039973 0.032200
4 0.135165 0.438250 0.145604 0.021500
3 0.136195 0.421600 0.210302 0.013400
0 0.752266 0.303700 0.454258 0.277800
1 0.921703 0.345350 0.076648 0.021300
2 0.835852 0.381100 0.151099 0.048800
5 0.938942 0.381150 0.052885 0.047100
3 0.743613 0.416450 0.188874 0.011100
4 0.743681 0.430900 0.266484 0.013400
0 0.866758 0.722300 0.206593 0.177200
5 0.954052 0.743400 0.033654 0.028400
1 0.942102 0.722150 0.052335 0.015500
2 0.889354 0.744400 0.099313 0.029000
3 0.870810 0.777450 0.150687 0.020300
4 0.872596 0.800300 0.157830 0.019600
0 0.873764 0.897700 0.211813 0.169200
5 0.960714 0.913750 0.034615 0.027100
2 0.894712 0.915050 0.095742 0.032300
1 0.948283 0.892450 0.052335 0.012900
3 0.869918 0.946100 0.132967 0.025600
4 0.869437 0.969700 0.199588 0.021200
