0 0.394299 0.820250 0.213599 0.180300
5 0.480975 0.858250 0.033654 0.029700
1 0.467445 0.837350 0.047253 0.012100
2 0.416896 0.859700 0.096978 0.028800
3 0.381937 0.892700 0.146841 0.011200
4 0.383310 0.904300 0.187500 0.010200
0 0.154258 0.819800 0.238736 0.183000
5 0.256181 0.850350 0.033242 0.030700
1 0.245330 0.828500 0.047253 0.013000
2 0.189698 0.850350 0.096978 0.030700
4 0.143887 0.899650 0.196566 0.019500
3 0.144918 0.882850 0.181593 0.011900
0 0.158173 0.623250 0.261676 0.163500
5 0.221016 0.662200 0.029396 0.026000
1 0.206937 0.639850 0.052335 0.016700
2 0.157212 0.663150 0.095742 0.027900
4 0.125824 0.698000 0.120055 0.010200
3 0.127404 0.686400 0.115247 0.011200
0 0.623352 0.122150 0.187637 0.170300
1 0.685852 0.124300 0.051099 0.011200
2 0.632692 0.146950 0.094505 0.030700
5 0.697665 0.147000 0.038187 0.034400
3 0.614835 0.179000 0.155769 0.011200
4 0.611745 0.195700 0.129258 0.020400
0 0.862569 0.114800 0.233379 0.185400
5 0.851580 0.145600 0.026786 0.024200
5 0.962569 0.144600 0.024313 0.026000
1 0.839629 0.126650 0.036951 0.012100
1 0.950687 0.125700 0.039560 0.010200
2 0.799863 0.146050 0.079121 0.025100
2 0.908997 0.143700 0.077885 0.024200
4 0.866277 0.196250 0.222115 0.019500
3 0.866896 0.172900 0.154396 0.027000
0 0.853709 0.301300 0.243681 0.170000
5 0.828022 0.324450 0.033242 0.026900
5 0.956868 0.323550 0.028022 0.026900
1 0.946291 0.306000 0.043407 0.010200
1 0.816758 0.304550 0.039560 0.009300
2 0.771772 0.323550 0.074038 0.025100
2 0.902610 0.325400 0.075275 0.023200
3 0.847734 0.352150 0.190247 0.026100
4 0.848832 0.375550 0.193819 0.019500
0 0.629945 0.295250 0.189286 0.165300
5 0.706662 0.327250 0.030632 0.032500
1 0.694162 0.305000 0.044643 0.010200
2 0.639698 0.326800 0.100824 0.031600
3 0.619299 0.357900 0.146841 0.010200
4 0.621772 0.370900 0.146841 0.010200
0 0.634478 0.473800 0.225824 0.165600
1 0.715316 0.482450 0.038324 0.013900
2 0.660714 0.504750 0.094505 0.030700
5 0.727266 0.505200 0.036126 0.031600
3 0.628503 0.537300 0.153984 0.010000
4 0.625618 0.548900 0.200412 0.011200
0 0.857418 0.486850 0.208242 0.165700
5 0.934478 0.498200 0.031868 0.028800
1 0.922665 0.475500 0.039560 0.013000
2 0.867445 0.498650 0.096978 0.027900
3 0.852266 0.532100 0.135302 0.026000
4 0.852816 0.554600 0.190247 0.021200
0 0.857486 0.662200 0.210577 0.152200
1 0.919849 0.668250 0.046016 0.013900
2 0.863049 0.692900 0.098352 0.031600
3 0.836813 0.717100 0.114835 0.011200
5 0.929327 0.691950 0.036951 0.029700
4 0.838997 0.729290 0.168407 0.010200
0 0.627404 0.663450 0.211951 0.163900
1 0.701580 0.652000 0.038324 0.011200
2 0.644849 0.674300 0.095742 0.031600
5 0.710577 0.674350 0.038462 0.033500
4 0.614492 0.732700 0.150137 0.021600
3 0.612912 0.707800 0.177473 0.024200
0 0.637500 0.832350 0.257692 0.161700
1 0.738668 0.834150 0.048489 0.014900
2 0.681799 0.856950 0.095742 0.030700
5 0.746484 0.856400 0.033901 0.031600
4 0.638462 0.900550 0.195330 0.023300
3 0.637775 0.881750 0.252747 0.012500
0 0.876168 0.825350 0.191346 0.166300
5 0.955632 0.860150 0.033242 0.029700
1 0.942857 0.837850 0.051099 0.014900
2 0.889904 0.861100 0.095742 0.028000
4 0.875962 0.902850 0.184890 0.009300
3 0.876374 0.891450 0.150549 0.010300
0 0.397390 0.611250 0.214286 0.187700
5 0.483997 0.654300 0.034478 0.028800
1 0.474382 0.632450 0.046016 0.014900
2 0.418819 0.654350 0.093132 0.030700
3 0.377473 0.685500 0.155769 0.011200
4 0.375755 0.697500 0.169093 0.011200
0 0.144299 0.413650 0.241896 0.177300
3 0.142857 0.473100 0.236813 0.012200
1 0.223901 0.425850 0.058791 0.013900
2 0.169368 0.446650 0.094505 0.027900
5 0.234478 0.447900 0.033242 0.030400
4 0.143750 0.489800 0.175962 0.021400
0 0.388874 0.413250 0.243956 0.172700
2 0.423352 0.446650 0.096978 0.027900
5 0.488668 0.445700 0.036126 0.029800
1 0.477885 0.422750 0.043407 0.013300
3 0.384409 0.470100 0.225962 0.012600
4 0.381250 0.488100 0.224588 0.021600
