0 0.636607 0.890800 0.196566 0.172000
3 0.626511 0.933150 0.175824 0.024100
1 0.707005 0.883250 0.040659 0.011700
4 0.626786 0.962600 0.161538 0.020000
2 0.652404 0.904750 0.096016 0.030100
5 0.718201 0.904100 0.035027 0.031800
0 0.383310 0.730200 0.218269 0.151800
3 0.382555 0.772600 0.214835 0.012600
4 0.383516 0.792100 0.160440 0.020400
1 0.462019 0.719200 0.044368 0.015200
2 0.408654 0.741650 0.097527 0.028500
5 0.473558 0.741800 0.035027 0.029400
0 0.145948 0.726800 0.208104 0.159600
3 0.138942 0.767500 0.129808 0.026800
4 0.137157 0.791500 0.188599 0.021400
2 0.216209 0.714250 0.048626 0.016100
2 0.164148 0.737300 0.094505 0.030600
5 0.230014 0.736400 0.035027 0.031000
0 0.376236 0.898900 0.229670 0.150800
3 0.375481 0.932650 0.164973 0.023300
4 0.377713 0.961950 0.223558 0.020100
1 0.462706 0.877350 0.036951 0.014300
2 0.407898 0.899700 0.096016 0.029600
5 0.473626 0.899050 0.032967 0.027900
0 0.140728 0.892350 0.228434 0.156300
3 0.136264 0.930800 0.147802 0.025600
4 0.140728 0.959350 0.224313 0.019900
1 0.216209 0.872500 0.048626 0.015200
2 0.162569 0.895350 0.096016 0.030100
5 0.228915 0.895150 0.035027 0.027900
0 0.870604 0.188500 0.218132 0.161200
1 0.951923 0.185100 0.045055 0.012400
4 0.864629 0.256700 0.194643 0.020000
5 0.960646 0.207150 0.033104 0.033300
2 0.893613 0.206300 0.098214 0.029000
3 0.867033 0.237350 0.173352 0.012500
0 0.638462 0.186000 0.201923 0.169000
1 0.707143 0.193900 0.038462 0.011800
3 0.628159 0.245550 0.159341 0.011500
4 0.625000 0.259900 0.157143 0.011000
5 0.716827 0.216450 0.038599 0.033300
2 0.651305 0.215650 0.093819 0.028500
0 0.387981 0.194900 0.219368 0.145600
1 0.462157 0.177050 0.053984 0.016700
3 0.380907 0.230500 0.167033 0.024600
4 0.379052 0.256000 0.193269 0.020000
2 0.406387 0.200100 0.096016 0.030600
5 0.472459 0.200200 0.037225 0.030200
0 0.133104 0.187400 0.230769 0.156400
4 0.136058 0.253900 0.204258 0.019000
2 0.164148 0.207100 0.094505 0.029600
5 0.230014 0.206800 0.035027 0.029400
3 0.133654 0.234000 0.225549 0.013200
1 0.219918 0.185350 0.040659 0.015100
0 0.134547 0.363300 0.229533 0.164800
3 0.138393 0.423450 0.160577 0.010100
4 0.138942 0.435000 0.165797 0.011400
5 0.234753 0.397300 0.025549 0.024800
2 0.058173 0.397150 0.074588 0.023700
2 0.182212 0.396950 0.077610 0.023100
5 0.109203 0.397300 0.027473 0.024800
1 0.225343 0.380650 0.035027 0.010300
1 0.102953 0.379550 0.026511 0.011700
0 0.390797 0.377600 0.203022 0.184400
5 0.473558 0.401900 0.035027 0.029400
1 0.465453 0.380000 0.037500 0.013400
2 0.409066 0.401200 0.095330 0.029600
3 0.379327 0.432150 0.144643 0.022500
4 0.382143 0.457050 0.152473 0.020700
0 0.624794 0.385250 0.224313 0.146900
4 0.624451 0.444400 0.153846 0.020000
5 0.715797 0.395400 0.037088 0.031800
1 0.706113 0.374000 0.037500 0.011200
2 0.649794 0.395250 0.093819 0.031700
3 0.625618 0.425100 0.203159 0.013200
0 0.869299 0.374750 0.224038 0.151700
4 0.868681 0.437400 0.136538 0.020000
5 0.958146 0.390890 0.035165 0.028600
1 0.947390 0.368400 0.038736 0.010800
2 0.889835 0.390200 0.095330 0.031200
3 0.864354 0.419350 0.193544 0.012500
0 0.864698 0.547050 0.233791 0.172300
3 0.864354 0.602800 0.227610 0.012400
4 0.868887 0.619150 0.178159 0.020700
5 0.961607 0.572700 0.036951 0.031800
1 0.951992 0.550050 0.041896 0.015700
2 0.895055 0.572500 0.095330 0.029000
0 0.630838 0.555000 0.214973 0.153400
4 0.624725 0.618700 0.140659 0.020000
5 0.719231 0.570350 0.034890 0.033300
1 0.709135 0.547650 0.039973 0.011700
2 0.652335 0.569800 0.097527 0.029000
3 0.626717 0.601250 0.196841 0.012500
0 0.382143 0.554050 0.214011 0.157900
3 0.376374 0.601500 0.178022 0.012000
4 0.377198 0.619050 0.146429 0.020700
5 0.470742 0.569980 0.033791 0.030200
1 0.461745 0.547150 0.039973 0.014300
2 0.404533 0.570000 0.095330 0.030600
0 0.139423 0.543700 0.215934 0.177400
4 0.138393 0.616250 0.200412 0.030700
1 0.217995 0.533900 0.046154 0.014800
2 0.163736 0.556350 0.095330 0.030100
3 0.137431 0.584200 0.194643 0.023200
5 0.228022 0.556100 0.035165 0.028600
0 0.635302 0.721750 0.201648 0.147900
3 0.622459 0.756950 0.135027 0.023300
4 0.622047 0.781350 0.161676 0.019900
1 0.706456 0.701950 0.040659 0.013900
2 0.649038 0.724650 0.095330 0.030100
5 0.715041 0.723700 0.037225 0.030200
0 0.883654 0.721050 0.195330 0.144700
3 0.869299 0.757400 0.118269 0.024200
4 0.868613 0.781300 0.162775 0.020000
5 0.961449 0.723760 0.033970 0.030200
1 0.949519 0.702400 0.039423 0.011200
2 0.895467 0.723300 0.097527 0.030600
0 0.881387 0.893700 0.194643 0.166400
3 0.864629 0.935400 0.154533 0.024000
1 0.949245 0.879850 0.039973 0.013900
2 0.895330 0.902400 0.094505 0.030600
4 0.868819 0.964200 0.159615 0.020600
5 0.961195 0.902500 0.036126 0.031800
