0 0.373970 0.713250 0.231456 0.156300
4 0.374107 0.785850 0.225962 0.008100
3 0.375755 0.774400 0.205632 0.013000
2 0.405082 0.753050 0.097527 0.032300
5 0.471154 0.752850 0.036538 0.029100
1 0.459066 0.730400 0.051374 0.015600
0 0.138255 0.532600 0.217170 0.150000
2 0.165728 0.557600 0.092170 0.027200
1 0.219231 0.536450 0.039835 0.014900
5 0.229464 0.559250 0.034753 0.030100
3 0.134684 0.590750 0.127610 0.012300
4 0.134821 0.601100 0.181731 0.009600
0 0.136745 0.898800 0.218819 0.165200
3 0.132898 0.947300 0.170192 0.023200
2 0.160440 0.915300 0.097527 0.030400
5 0.225755 0.916300 0.035302 0.030200
1 0.213118 0.891650 0.052335 0.014300
4 0.132280 0.969950 0.201648 0.020100
0 0.138187 0.712500 0.227747 0.175600
4 0.133379 0.790450 0.206868 0.018300
3 0.134684 0.767250 0.217995 0.021900
2 0.169231 0.738800 0.097527 0.031000
1 0.221016 0.716150 0.046978 0.015500
5 0.233929 0.737500 0.033791 0.031800
0 0.623146 0.361750 0.220742 0.160700
4 0.617857 0.432100 0.208242 0.018800
3 0.617651 0.413300 0.201236 0.011000
2 0.652610 0.383150 0.093132 0.029700
1 0.705907 0.359000 0.050549 0.018800
5 0.714766 0.382950 0.036951 0.030100
0 0.860165 0.179850 0.216209 0.151700
4 0.860165 0.251150 0.215659 0.008700
3 0.859821 0.238100 0.157830 0.010400
2 0.904464 0.214100 0.077060 0.024600
1 0.946497 0.195100 0.037225 0.011000
5 0.955495 0.215200 0.025275 0.022600
0 0.622734 0.182100 0.228709 0.170400
4 0.617582 0.256500 0.216484 0.019400
3 0.618475 0.238150 0.174588 0.011700
2 0.652679 0.206350 0.094918 0.032300
1 0.703297 0.184400 0.050549 0.013000
5 0.717651 0.208450 0.035302 0.031700
0 0.141346 0.349250 0.200275 0.165300
4 0.138874 0.427250 0.194231 0.008100
3 0.135371 0.414900 0.158654 0.010400
2 0.159066 0.393000 0.094780 0.031000
1 0.213530 0.370250 0.040797 0.014300
5 0.222871 0.392600 0.038324 0.029000
0 0.384238 0.894800 0.220810 0.168000
4 0.377404 0.969750 0.200137 0.010300
3 0.375824 0.957650 0.122253 0.011700
2 0.404533 0.924700 0.098352 0.031000
5 0.471016 0.925150 0.038187 0.030700
1 0.458585 0.901950 0.045192 0.011700
0 0.622047 0.904600 0.216071 0.148400
4 0.623420 0.967350 0.197115 0.018300
3 0.624863 0.948850 0.191484 0.012300
2 0.645673 0.917950 0.096566 0.029100
1 0.699245 0.896150 0.040797 0.015500
5 0.710783 0.917600 0.035852 0.029600
0 0.387775 0.535550 0.207418 0.159700
4 0.380838 0.603350 0.166896 0.018300
2 0.408654 0.557800 0.097527 0.027800
1 0.462981 0.536750 0.041621 0.014300
5 0.472665 0.558750 0.037637 0.030100
3 0.381593 0.587250 0.179945 0.011700
0 0.619918 0.728400 0.234066 0.194400
4 0.624863 0.802550 0.217857 0.040300
3 0.621703 0.765650 0.227747 0.032900
2 0.649176 0.730850 0.094780 0.031700
5 0.713874 0.731000 0.032692 0.031800
1 0.701511 0.708450 0.046978 0.014300
0 0.861470 0.718000 0.229533 0.167200
3 0.866896 0.771100 0.207418 0.013000
2 0.891621 0.745300 0.097527 0.031000
5 0.956937 0.746300 0.033929 0.031200
1 0.943819 0.722600 0.054945 0.013000
4 0.866415 0.788850 0.219368 0.021500
0 0.632005 0.531000 0.206593 0.162200
2 0.650549 0.557850 0.097527 0.031700
1 0.704464 0.535800 0.046016 0.013600
5 0.716621 0.558700 0.035989 0.031200
4 0.626374 0.601250 0.170604 0.019500
3 0.625755 0.584900 0.157830 0.011200
0 0.384684 0.178900 0.204808 0.156200
4 0.376717 0.251100 0.160302 0.007600
3 0.376511 0.239450 0.098352 0.009100
1 0.459959 0.190950 0.044368 0.014300
5 0.469437 0.213300 0.032555 0.030600
2 0.405563 0.212800 0.096841 0.031000
0 0.380563 0.356200 0.233929 0.179000
3 0.377885 0.413750 0.219780 0.011500
4 0.378228 0.432650 0.192720 0.017700
2 0.403709 0.384900 0.094780 0.030400
1 0.456319 0.361900 0.054945 0.016800
5 0.466621 0.383700 0.035165 0.031800
0 0.860577 0.540550 0.224451 0.167100
3 0.862912 0.592350 0.203022 0.025900
2 0.889835 0.564700 0.097527 0.029800
5 0.954396 0.564600 0.034615 0.031200
1 0.943819 0.543500 0.054945 0.013600
4 0.860508 0.614050 0.222390 0.019300
0 0.866827 0.354950 0.217170 0.176700
3 0.859684 0.414950 0.198489 0.010300
4 0.856525 0.430750 0.186126 0.018300
2 0.892514 0.383500 0.095742 0.027800
1 0.946909 0.360250 0.038049 0.017500
5 0.957005 0.382900 0.035440 0.031200
0 0.861058 0.897550 0.233104 0.165300
2 0.896566 0.915000 0.098352 0.029800
5 0.960440 0.914950 0.032967 0.030700
1 0.947459 0.893000 0.044368 0.013000
4 0.866277 0.967450 0.217995 0.021700
3 0.864217 0.944300 0.189698 0.025000
0 0.130907 0.179650 0.219231 0.170700
3 0.131319 0.232750 0.216484 0.021900
2 0.150962 0.202150 0.094780 0.031700
1 0.205563 0.179550 0.044368 0.014900
5 0.215522 0.202200 0.035989 0.029000
4 0.132005 0.253750 0.211538 0.020500
