0 0.381181 0.540800 0.221703 0.174800
4 0.377747 0.614250 0.183242 0.019300
5 0.472321 0.561650 0.035577 0.030300
3 0.377404 0.591300 0.162500 0.024600
2 0.407349 0.561950 0.096016 0.030500
1 0.461332 0.539500 0.054808 0.014400
0 0.864698 0.537600 0.232692 0.174000
4 0.866552 0.613050 0.226511 0.019500
5 0.957143 0.563700 0.037363 0.027800
3 0.864148 0.592550 0.202473 0.021100
2 0.891552 0.564150 0.095467 0.030500
1 0.944712 0.542450 0.052885 0.015700
0 0.861882 0.718950 0.228984 0.167700
5 0.956387 0.750400 0.037225 0.028400
4 0.862637 0.790450 0.195604 0.021100
3 0.859409 0.772600 0.214423 0.011200
2 0.891140 0.749450 0.096016 0.030100
1 0.945673 0.727050 0.054808 0.013900
0 0.137981 0.716750 0.226236 0.166500
4 0.132280 0.786600 0.202473 0.020000
5 0.226786 0.747200 0.035440 0.031000
3 0.131387 0.770000 0.180907 0.011200
2 0.161538 0.747250 0.094231 0.030100
1 0.216621 0.725700 0.054121 0.014800
0 0.136882 0.528850 0.225962 0.175700
5 0.227060 0.569100 0.037088 0.031000
4 0.135646 0.605700 0.200137 0.020200
3 0.132624 0.590350 0.206181 0.012100
2 0.161813 0.568600 0.094780 0.029600
1 0.215934 0.546000 0.054121 0.014800
0 0.867102 0.181800 0.216621 0.159200
1 0.944505 0.176150 0.051099 0.017100
5 0.954670 0.198400 0.037088 0.031600
2 0.889904 0.199650 0.097115 0.029100
3 0.865316 0.230100 0.152610 0.022000
4 0.861745 0.250900 0.195192 0.018400
0 0.382143 0.183800 0.220330 0.147000
1 0.460096 0.180150 0.052335 0.015300
4 0.376786 0.249800 0.169231 0.010600
5 0.473214 0.201950 0.037363 0.029700
3 0.384890 0.236400 0.186538 0.010200
2 0.407418 0.202750 0.094780 0.029100
0 0.139560 0.182650 0.222527 0.175700
1 0.219299 0.181050 0.054808 0.015300
4 0.138049 0.257250 0.218956 0.020100
5 0.230563 0.203300 0.038874 0.031000
3 0.138049 0.231750 0.184066 0.024100
2 0.163393 0.203500 0.097940 0.033200
0 0.833516 0.895250 0.241758 0.153700
5 0.924519 0.927550 0.035302 0.030300
4 0.832830 0.964200 0.230769 0.009000
3 0.833379 0.951800 0.179121 0.010400
2 0.859821 0.927100 0.096016 0.031400
1 0.915522 0.904250 0.046154 0.013500
0 0.502473 0.899700 0.300000 0.145400
5 0.621223 0.927300 0.035577 0.031000
3 0.495261 0.950650 0.213049 0.012100
4 0.500549 0.962250 0.283791 0.009300
2 0.556387 0.927400 0.096016 0.031000
1 0.608585 0.904300 0.055357 0.014400
0 0.170192 0.892350 0.251648 0.160700
5 0.273558 0.924650 0.037775 0.029700
4 0.169574 0.962250 0.238874 0.009300
3 0.175962 0.950950 0.179121 0.012700
2 0.207692 0.926000 0.096703 0.031000
1 0.261882 0.903600 0.054808 0.016600
0 0.383379 0.722550 0.220055 0.171700
5 0.474794 0.745900 0.035852 0.031000
4 0.375412 0.796000 0.148352 0.019400
3 0.373077 0.772900 0.186538 0.022400
2 0.411126 0.744250 0.094780 0.028700
1 0.463393 0.722850 0.055357 0.017100
0 0.626992 0.723450 0.219918 0.175700
5 0.715797 0.745300 0.036538 0.028400
4 0.624382 0.799100 0.199588 0.018400
3 0.618407 0.773800 0.196703 0.024200
2 0.649863 0.744750 0.097253 0.030500
1 0.705014 0.721450 0.052335 0.015300
0 0.622321 0.538900 0.223764 0.176400
4 0.617857 0.614900 0.182143 0.018800
5 0.715110 0.562700 0.035714 0.028400
3 0.624794 0.592300 0.185302 0.024200
2 0.651099 0.562650 0.097253 0.030100
1 0.706525 0.540900 0.055357 0.016200
0 0.135234 0.358700 0.222940 0.158200
4 0.135371 0.426550 0.213049 0.019300
5 0.229464 0.384550 0.035852 0.029700
3 0.130701 0.407750 0.190247 0.009900
2 0.164286 0.384250 0.094780 0.030100
1 0.218407 0.361650 0.054121 0.015300
0 0.385989 0.356200 0.226374 0.158600
4 0.380014 0.424850 0.192720 0.008100
5 0.471978 0.387500 0.036264 0.031600
3 0.378709 0.410900 0.207418 0.010800
2 0.407692 0.387200 0.096703 0.031400
1 0.461813 0.364050 0.048626 0.013900
0 0.621978 0.355050 0.224451 0.167900
4 0.620055 0.426050 0.207418 0.019300
5 0.716415 0.383300 0.034753 0.028400
3 0.625343 0.407750 0.213049 0.011700
2 0.652679 0.383400 0.097940 0.031000
1 0.703777 0.361800 0.053434 0.014800
0 0.867170 0.355700 0.225275 0.173600
4 0.865659 0.430350 0.201099 0.021100
5 0.839766 0.385900 0.027610 0.019400
5 0.961951 0.382000 0.026099 0.019400
3 0.866277 0.408100 0.221016 0.023000
1 0.954258 0.367050 0.041209 0.008100
2 0.791209 0.385550 0.071978 0.019300
2 0.913393 0.383350 0.072665 0.022900
1 0.834272 0.371450 0.042445 0.009900
0 0.620055 0.177200 0.225824 0.165200
1 0.705014 0.178600 0.042445 0.014800
4 0.623970 0.245900 0.174863 0.019400
5 0.715591 0.200350 0.034753 0.030300
3 0.623764 0.228400 0.207418 0.013200
2 0.650549 0.200800 0.097253 0.029600
