0 0.867376 0.719800 0.220742 0.160200
2 0.893887 0.735850 0.102060 0.029500
3 0.868407 0.766500 0.159615 0.025600
1 0.946566 0.713500 0.050000 0.015800
4 0.866415 0.789100 0.216621 0.019800
5 0.960165 0.736300 0.034615 0.031000
0 0.862088 0.883600 0.231868 0.148600
2 0.891758 0.883300 0.097802 0.031800
3 0.863530 0.913600 0.200962 0.025600
4 0.861195 0.941600 0.226786 0.030800
5 0.957967 0.882850 0.036538 0.031700
1 0.945810 0.860450 0.046841 0.012500
0 0.625618 0.715350 0.225687 0.145100
2 0.651374 0.725800 0.097802 0.032600
3 0.621566 0.754850 0.203297 0.022500
4 0.622734 0.776550 0.219093 0.019900
5 0.717857 0.726250 0.036813 0.028900
1 0.703503 0.702900 0.044643 0.014800
0 0.627953 0.886250 0.220742 0.149100
2 0.652473 0.899250 0.100000 0.031100
3 0.623214 0.928600 0.198901 0.014000
4 0.621909 0.947500 0.157555 0.021400
5 0.719505 0.900100 0.037088 0.032800
1 0.707074 0.877800 0.052060 0.013200
0 0.146154 0.883350 0.213462 0.149500
2 0.168063 0.893450 0.096841 0.033300
3 0.138255 0.922550 0.160577 0.021700
4 0.137019 0.946550 0.190247 0.019500
5 0.232761 0.894000 0.034478 0.029800
1 0.223077 0.870900 0.041484 0.013200
0 0.396085 0.884450 0.202335 0.140900
2 0.412088 0.904650 0.097802 0.031100
3 0.387157 0.937550 0.137225 0.010100
4 0.386607 0.949250 0.181181 0.010300
5 0.476580 0.905150 0.034203 0.031700
1 0.465522 0.881700 0.047802 0.013200
0 0.380426 0.720550 0.228709 0.166300
2 0.408310 0.736600 0.094643 0.032600
3 0.374038 0.766500 0.180495 0.024000
4 0.381044 0.789150 0.226099 0.021300
5 0.474451 0.735950 0.037088 0.033300
1 0.462569 0.714200 0.052060 0.014000
0 0.139423 0.729050 0.224725 0.143100
2 0.165385 0.734650 0.100000 0.030300
3 0.133997 0.765200 0.171291 0.024200
4 0.131250 0.788100 0.202610 0.020400
5 0.231387 0.734650 0.034203 0.028900
1 0.219643 0.712650 0.042582 0.017100
0 0.379918 0.544900 0.228709 0.154200
3 0.383310 0.591450 0.185027 0.016300
5 0.476168 0.566850 0.038049 0.031500
4 0.381250 0.607850 0.204258 0.019100
1 0.471223 0.544150 0.047940 0.016300
2 0.407830 0.567450 0.097802 0.030300
0 0.622459 0.547800 0.236126 0.144400
3 0.622115 0.591400 0.232967 0.013200
5 0.718063 0.562500 0.036401 0.030200
4 0.621635 0.609000 0.195742 0.020400
1 0.704052 0.540300 0.052060 0.013200
2 0.652473 0.562050 0.097802 0.030300
0 0.864698 0.553550 0.226099 0.138900
3 0.863049 0.585300 0.208516 0.025600
5 0.957074 0.556700 0.038324 0.029800
4 0.864698 0.607650 0.215934 0.020700
1 0.947734 0.533000 0.047940 0.014000
2 0.895536 0.555850 0.096841 0.030300
0 0.147253 0.367600 0.213187 0.140200
3 0.140385 0.410650 0.173352 0.012500
4 0.141346 0.427300 0.168956 0.019400
5 0.232418 0.384550 0.040385 0.032300
1 0.220192 0.360300 0.058516 0.015600
2 0.166415 0.385150 0.095742 0.031100
0 0.385852 0.364950 0.215934 0.147300
4 0.378091 0.424950 0.187225 0.020900
5 0.472802 0.375500 0.039560 0.029800
3 0.376923 0.403600 0.155220 0.023200
1 0.459409 0.353700 0.052060 0.013200
2 0.406250 0.376550 0.094643 0.029500
0 0.387019 0.179800 0.219918 0.148800
3 0.380701 0.227100 0.194643 0.012400
4 0.376374 0.244200 0.195055 0.018600
5 0.476580 0.195250 0.039423 0.029900
2 0.408929 0.195350 0.097802 0.031100
1 0.465247 0.173350 0.040385 0.011700
0 0.625687 0.183950 0.225549 0.147700
3 0.625343 0.223650 0.203159 0.022500
4 0.625893 0.245200 0.219093 0.020600
5 0.719918 0.194350 0.035440 0.031700
1 0.709409 0.170150 0.052060 0.016300
2 0.653571 0.194200 0.100000 0.031800
0 0.871016 0.183600 0.229121 0.128400
3 0.867308 0.228700 0.180769 0.009400
5 0.960920 0.201700 0.040797 0.029800
4 0.868956 0.239900 0.224451 0.008600
1 0.949725 0.180250 0.050000 0.011700
2 0.895536 0.201200 0.096841 0.031800
0 0.625618 0.363345 0.222115 0.148910
3 0.622734 0.405650 0.212775 0.022500
4 0.623832 0.427000 0.195742 0.018800
5 0.717651 0.373200 0.034753 0.030800
1 0.705082 0.349500 0.050000 0.015600
2 0.653022 0.372300 0.098901 0.030200
0 0.873187 0.358630 0.222115 0.158660
4 0.871154 0.426600 0.200824 0.020800
3 0.870055 0.405600 0.192582 0.024000
5 0.963118 0.377800 0.036401 0.030800
1 0.949725 0.354100 0.056319 0.014000
2 0.898146 0.376500 0.095742 0.032600
0 0.140110 0.180600 0.241484 0.151800
3 0.145055 0.222450 0.214835 0.026300
4 0.137225 0.245300 0.215934 0.021000
5 0.229739 0.192400 0.035302 0.029800
1 0.219025 0.167450 0.052060 0.017100
2 0.164835 0.191450 0.098901 0.029500
0 0.136951 0.539500 0.228571 0.152600
3 0.132967 0.582650 0.200824 0.023100
5 0.113049 0.552050 0.028846 0.026100
4 0.141209 0.605400 0.218956 0.019400
5 0.235783 0.553900 0.028434 0.024200
2 0.061126 0.553050 0.076648 0.023300
1 0.226030 0.536050 0.038324 0.010900
1 0.104121 0.535700 0.039286 0.013200
2 0.182898 0.551950 0.077610 0.024100
