0 0.867239 0.227100 0.243819 0.192600
4 0.864148 0.307850 0.231319 0.021700
3 0.865728 0.286200 0.154258 0.025800
5 0.955426 0.257150 0.035577 0.029700
2 0.891003 0.254950 0.096566 0.030300
1 0.942445 0.234000 0.050549 0.014200
0 0.860920 0.426750 0.211951 0.188100
2 0.884409 0.463700 0.095742 0.031000
5 0.948970 0.463000 0.035852 0.031000
4 0.861058 0.508750 0.172665 0.020500
3 0.861332 0.492600 0.154258 0.011800
1 0.935852 0.440800 0.051374 0.014800
0 0.136745 0.424400 0.225962 0.200200
4 0.132761 0.510750 0.180907 0.020500
2 0.164217 0.461450 0.100137 0.030300
3 0.132692 0.492550 0.184341 0.009900
5 0.231181 0.460700 0.035714 0.031600
1 0.221016 0.438200 0.046978 0.014800
0 0.379602 0.427400 0.241896 0.195800
1 0.348214 0.443050 0.039011 0.010300
1 0.468269 0.441450 0.043407 0.009700
2 0.306937 0.460800 0.077060 0.025200
2 0.423008 0.459800 0.077060 0.025800
3 0.372459 0.489300 0.219093 0.025400
5 0.474107 0.460050 0.028434 0.023900
5 0.358929 0.461350 0.026648 0.023900
4 0.374451 0.512000 0.219231 0.020200
0 0.630907 0.440050 0.200275 0.141100
1 0.692926 0.444650 0.049588 0.016100
2 0.641896 0.467600 0.098352 0.031000
5 0.708791 0.466550 0.034341 0.030300
3 0.631937 0.490900 0.113874 0.010000
4 0.631937 0.503200 0.142170 0.008800
0 0.625412 0.225200 0.235440 0.191600
3 0.624657 0.284300 0.230357 0.023200
2 0.647321 0.255550 0.096566 0.030300
1 0.699176 0.233300 0.054945 0.016800
5 0.711607 0.254800 0.033929 0.029000
4 0.620192 0.309000 0.223352 0.021000
0 0.378984 0.220850 0.236264 0.206100
3 0.378297 0.285950 0.209341 0.023900
2 0.406250 0.255600 0.096566 0.031600
1 0.458516 0.233600 0.050549 0.014800
5 0.471360 0.256150 0.035852 0.030300
4 0.378915 0.308150 0.230082 0.019300
0 0.132074 0.223950 0.230082 0.192900
1 0.219643 0.231700 0.042582 0.011000
2 0.162843 0.253650 0.095742 0.030300
3 0.137981 0.282650 0.214423 0.023900
5 0.228091 0.253450 0.036401 0.029700
4 0.131387 0.305750 0.216346 0.020700
