0 0.621154 0.538950 0.223352 0.165900
5 0.714148 0.569750 0.033791 0.029700
3 0.617308 0.602300 0.100000 0.011000
4 0.614835 0.613600 0.152198 0.009000
1 0.703228 0.547100 0.052335 0.014200
2 0.649519 0.570000 0.095742 0.029000
0 0.384959 0.184950 0.210577 0.150100
3 0.380426 0.239450 0.116071 0.012500
4 0.379602 0.250650 0.190522 0.008300
5 0.473489 0.207050 0.034890 0.029700
1 0.462981 0.185450 0.045192 0.013500
2 0.407967 0.207700 0.098352 0.031000
0 0.140934 0.183200 0.215934 0.173000
5 0.230357 0.207050 0.036813 0.032300
4 0.140728 0.257100 0.166621 0.020000
3 0.140797 0.239700 0.214560 0.011000
1 0.218750 0.184450 0.040797 0.012900
2 0.164698 0.207100 0.097527 0.031000
0 0.864629 0.370350 0.227610 0.135300
5 0.960714 0.386700 0.033516 0.029000
3 0.853846 0.419500 0.073626 0.010000
4 0.855014 0.431200 0.103159 0.008000
1 0.948626 0.364200 0.050549 0.014800
2 0.895467 0.386700 0.098352 0.029000
0 0.865728 0.539000 0.227610 0.161200
5 0.959821 0.570000 0.038874 0.031600
3 0.856456 0.602650 0.133791 0.010900
4 0.856456 0.613300 0.206593 0.008400
1 0.948695 0.546750 0.055907 0.013500
2 0.894093 0.570000 0.093956 0.031600
0 0.188255 0.904600 0.291896 0.156200
5 0.314423 0.939500 0.034341 0.031000
3 0.184066 0.963050 0.132692 0.009700
4 0.183723 0.974950 0.178159 0.007700
1 0.301992 0.916550 0.046016 0.013500
2 0.249313 0.939100 0.098352 0.031600
0 0.840110 0.897900 0.269505 0.169800
5 0.956662 0.938150 0.036401 0.029700
4 0.808654 0.974850 0.164011 0.010500
3 0.809959 0.963700 0.118819 0.009800
1 0.945192 0.917850 0.054121 0.016100
2 0.891003 0.939750 0.096566 0.030300
0 0.134135 0.719300 0.226236 0.164600
5 0.227816 0.751650 0.036676 0.029700
3 0.133654 0.781450 0.134615 0.012100
4 0.133723 0.793600 0.210577 0.009200
1 0.217376 0.730400 0.045192 0.014200
2 0.162912 0.752000 0.093956 0.029000
0 0.379670 0.721500 0.222253 0.164400
5 0.473008 0.752300 0.035577 0.031000
3 0.380014 0.782150 0.170192 0.010100
4 0.381456 0.794150 0.206593 0.008900
1 0.461126 0.728150 0.050549 0.012300
2 0.407074 0.751650 0.096566 0.029700
0 0.858379 0.728300 0.239286 0.150000
4 0.856937 0.793650 0.233929 0.008500
5 0.958791 0.752000 0.035440 0.031600
3 0.856456 0.781450 0.167582 0.011300
1 0.948626 0.729100 0.054121 0.014200
2 0.895055 0.751700 0.093956 0.031000
0 0.140041 0.547200 0.218544 0.148200
5 0.229258 0.569400 0.034066 0.031600
3 0.140934 0.601450 0.095330 0.010100
4 0.141896 0.613950 0.169505 0.009700
1 0.217376 0.547450 0.048764 0.016100
2 0.163736 0.569750 0.097527 0.029700
0 0.381250 0.546600 0.215797 0.168800
3 0.379876 0.600300 0.203434 0.014800
5 0.471841 0.570650 0.034615 0.030300
4 0.380563 0.618600 0.162225 0.020800
1 0.459821 0.547150 0.049588 0.015500
2 0.407486 0.570000 0.095742 0.029000
0 0.624794 0.369900 0.217995 0.136000
3 0.617651 0.419950 0.058654 0.010300
4 0.617239 0.431150 0.096841 0.008100
5 0.715110 0.386750 0.035440 0.030300
1 0.702679 0.365800 0.049588 0.014200
2 0.649107 0.387700 0.096566 0.031000
0 0.381662 0.370950 0.221016 0.134900
5 0.472253 0.386450 0.037088 0.029700
4 0.380495 0.431000 0.101923 0.007800
3 0.381319 0.420600 0.066484 0.011600
1 0.462500 0.365100 0.047802 0.011600
2 0.407555 0.387100 0.093956 0.031000
0 0.139766 0.356700 0.217995 0.163600
3 0.140797 0.418850 0.207418 0.010100
5 0.229602 0.387400 0.036676 0.031600
4 0.141209 0.431600 0.192308 0.009000
1 0.216003 0.364500 0.053159 0.014200
2 0.165110 0.385100 0.094780 0.028400
0 0.865728 0.180850 0.227610 0.152500
1 0.946909 0.185050 0.052335 0.014100
3 0.856525 0.239050 0.158654 0.014500
5 0.959753 0.206750 0.035440 0.030300
4 0.855563 0.251300 0.204808 0.008400
2 0.895879 0.207750 0.093956 0.029700
0 0.622734 0.177350 0.220192 0.159500
3 0.616964 0.238650 0.105082 0.011700
5 0.714835 0.207350 0.034341 0.032900
4 0.618063 0.250650 0.123214 0.009700
1 0.701374 0.184800 0.050549 0.014800
2 0.650824 0.207100 0.094780 0.028400
0 0.620742 0.723350 0.223352 0.152500
5 0.714904 0.750700 0.033929 0.027800
4 0.617582 0.793600 0.175549 0.009000
3 0.616690 0.782650 0.118819 0.010300
1 0.702610 0.729050 0.051374 0.012900
2 0.650000 0.751050 0.098352 0.029700
0 0.515179 0.898750 0.295192 0.163900
5 0.644299 0.938800 0.035302 0.028400
3 0.500618 0.964200 0.115247 0.011200
4 0.499725 0.975600 0.163187 0.009000
1 0.636195 0.916550 0.049588 0.013500
2 0.580426 0.939150 0.095742 0.030300
