0 0.864011 0.542950 0.230220 0.155300
2 0.892170 0.576100 0.093407 0.025000
1 0.943681 0.552800 0.040385 0.012600
5 0.957005 0.574350 0.034615 0.028100
3 0.865522 0.600800 0.188462 0.010600
4 0.863736 0.612150 0.228571 0.012300
0 0.139835 0.895450 0.212363 0.167300
1 0.213805 0.879400 0.061126 0.011800
5 0.227473 0.902100 0.034341 0.028400
3 0.140797 0.934000 0.205495 0.025400
4 0.139492 0.962150 0.204533 0.031100
2 0.162431 0.902550 0.095742 0.027100
0 0.627060 0.536700 0.221154 0.160600
1 0.703640 0.552900 0.043269 0.011800
2 0.652060 0.575400 0.095330 0.028200
5 0.718613 0.575100 0.036676 0.028000
3 0.621566 0.600050 0.149176 0.007900
4 0.622596 0.611550 0.163049 0.007900
0 0.379808 0.371400 0.221978 0.151800
3 0.375618 0.418650 0.209203 0.010900
4 0.378846 0.436550 0.194231 0.019900
1 0.458104 0.368050 0.046703 0.012300
2 0.405838 0.391100 0.095192 0.029800
5 0.471909 0.391100 0.036676 0.029800
0 0.131593 0.358300 0.224725 0.157200
5 0.225824 0.380150 0.034615 0.028500
1 0.213599 0.357650 0.049451 0.014300
2 0.161058 0.380000 0.096016 0.029200
4 0.137088 0.429650 0.205220 0.012300
3 0.136538 0.411450 0.140934 0.021500
0 0.381731 0.724000 0.224725 0.149600
1 0.464835 0.724100 0.044505 0.011600
2 0.409959 0.745400 0.095742 0.027600
5 0.475687 0.745550 0.035714 0.027500
3 0.376717 0.770350 0.209203 0.012500
4 0.382692 0.788050 0.157692 0.019900
0 0.870124 0.362600 0.213599 0.155200
1 0.943613 0.372600 0.044918 0.013200
2 0.892651 0.395550 0.094643 0.029300
5 0.958448 0.395050 0.036676 0.030300
3 0.858036 0.419050 0.183104 0.012900
4 0.863805 0.432150 0.164973 0.008500
0 0.623077 0.362950 0.234341 0.171300
4 0.621429 0.436400 0.229945 0.020800
1 0.701648 0.362500 0.042857 0.013000
2 0.651305 0.385000 0.095192 0.027800
5 0.716484 0.384650 0.034615 0.028300
3 0.620330 0.413850 0.222527 0.022500
0 0.137294 0.197200 0.228434 0.142600
4 0.134684 0.256400 0.217995 0.020000
1 0.213187 0.182500 0.046703 0.011600
2 0.161401 0.204050 0.096429 0.028900
3 0.137019 0.233100 0.209478 0.022200
5 0.226374 0.204600 0.033516 0.030000
0 0.621841 0.175700 0.222802 0.164400
1 0.702679 0.188950 0.041346 0.011900
5 0.714148 0.211150 0.034890 0.026300
3 0.620330 0.238900 0.215110 0.011000
4 0.621909 0.250000 0.221566 0.009200
2 0.650000 0.211600 0.093132 0.026000
0 0.136401 0.721150 0.238187 0.157900
2 0.164560 0.758600 0.095330 0.028200
1 0.218681 0.736300 0.038736 0.011200
5 0.231387 0.759000 0.033929 0.030000
3 0.134341 0.781950 0.189011 0.010500
4 0.135234 0.794500 0.214698 0.009600
0 0.626552 0.727250 0.216896 0.169300
3 0.622871 0.775850 0.196841 0.020500
4 0.624299 0.799310 0.185302 0.021100
1 0.703022 0.725150 0.048077 0.012900
2 0.651374 0.746700 0.094231 0.027800
5 0.717102 0.747350 0.036126 0.027900
0 0.860852 0.896650 0.224451 0.167300
4 0.862088 0.968800 0.217582 0.019200
1 0.941964 0.890100 0.044918 0.012400
2 0.887431 0.911550 0.097115 0.027500
5 0.954533 0.912900 0.036538 0.025400
3 0.860371 0.944550 0.220467 0.022300
0 0.386126 0.898950 0.213187 0.167700
2 0.408723 0.928050 0.095742 0.026500
1 0.462363 0.904150 0.041758 0.011100
5 0.475343 0.927750 0.034753 0.030900
3 0.379121 0.951800 0.188187 0.011600
4 0.379052 0.968700 0.190247 0.020800
0 0.618544 0.901800 0.227747 0.168600
1 0.698352 0.900150 0.043956 0.011900
5 0.707830 0.922600 0.033791 0.027600
3 0.622047 0.951250 0.214423 0.012500
4 0.620948 0.969200 0.168544 0.021200
2 0.644025 0.922500 0.094368 0.027400
0 0.867788 0.189100 0.221016 0.157600
1 0.947459 0.181850 0.041071 0.010700
2 0.894643 0.204050 0.095330 0.030500
5 0.960165 0.203750 0.035714 0.030500
3 0.865316 0.232800 0.177885 0.024600
4 0.864560 0.255950 0.185165 0.018100
0 0.863942 0.721000 0.222665 0.180400
1 0.942033 0.733650 0.046703 0.012300
2 0.888874 0.755400 0.096703 0.029200
5 0.956044 0.755600 0.037088 0.029200
3 0.857624 0.780250 0.158654 0.011300
4 0.861951 0.799350 0.185989 0.020900
0 0.378365 0.542000 0.224863 0.153400
3 0.377404 0.601500 0.122115 0.010000
1 0.459959 0.549750 0.047940 0.013700
2 0.408448 0.571900 0.091071 0.027800
5 0.472940 0.571400 0.036264 0.028400
4 0.379121 0.611850 0.204945 0.010100
0 0.135371 0.540300 0.231181 0.160200
2 0.163118 0.577150 0.094918 0.028900
1 0.212912 0.554900 0.047527 0.012000
5 0.229190 0.576600 0.036676 0.027800
3 0.131250 0.601400 0.189423 0.010200
4 0.135027 0.613600 0.229396 0.011400
0 0.379464 0.182550 0.238599 0.171500
1 0.459478 0.189350 0.041484 0.010100
2 0.404602 0.212250 0.096016 0.028700
5 0.470330 0.211500 0.034890 0.029000
3 0.378365 0.237400 0.232005 0.010200
4 0.377404 0.256550 0.159753 0.021300
