0 0.884821 0.247950 0.180632 0.155100
2 0.886676 0.268000 0.096978 0.030000
5 0.952541 0.267650 0.034753 0.030100
3 0.882143 0.300650 0.106593 0.013700
4 0.882349 0.313200 0.136126 0.009400
1 0.939698 0.245550 0.049725 0.012100
0 0.312569 0.253250 0.183379 0.143700
1 0.365179 0.248900 0.044643 0.011800
2 0.313393 0.270900 0.095742 0.030600
5 0.378777 0.271500 0.034753 0.029800
3 0.302266 0.301050 0.104808 0.011700
4 0.300962 0.312300 0.137363 0.011800
0 0.112500 0.428000 0.185440 0.131200
1 0.174382 0.419800 0.052060 0.011000
2 0.120330 0.441600 0.092033 0.029800
3 0.105975 0.473150 0.140522 0.011700
4 0.109135 0.485450 0.161951 0.008100
5 0.185646 0.441150 0.035577 0.030900
0 0.615179 0.878700 0.243269 0.222200
1 0.701717 0.909750 0.044093 0.011100
2 0.651236 0.931650 0.097253 0.030300
5 0.718063 0.931500 0.036126 0.030800
3 0.602679 0.960500 0.212775 0.011400
4 0.610234 0.976400 0.185852 0.020200
0 0.144918 0.877700 0.224725 0.218000
1 0.221635 0.899200 0.041346 0.010400
2 0.170330 0.921250 0.096703 0.029700
5 0.237500 0.921400 0.035989 0.029000
3 0.143269 0.953550 0.176099 0.024100
4 0.146841 0.975650 0.211264 0.020100
0 0.869093 0.634300 0.230495 0.253000
1 0.949038 0.664850 0.049725 0.012900
2 0.895536 0.686250 0.096016 0.028300
5 0.960852 0.685700 0.034341 0.028000
3 0.859409 0.715150 0.179808 0.022700
4 0.855907 0.744150 0.197253 0.029100
0 0.121154 0.253100 0.205220 0.144600
4 0.110577 0.312850 0.087637 0.019300
3 0.110371 0.298500 0.146016 0.008800
5 0.207349 0.277750 0.023764 0.020300
2 0.165179 0.277550 0.060302 0.019700
1 0.199588 0.263300 0.033242 0.008200
5 0.102129 0.276250 0.023489 0.019300
2 0.059753 0.276250 0.059341 0.019500
1 0.094505 0.261400 0.031593 0.009000
0 0.626786 0.634100 0.238736 0.252600
1 0.705563 0.680650 0.045467 0.011700
2 0.650069 0.702850 0.095192 0.029500
5 0.716758 0.702750 0.037637 0.029700
3 0.616621 0.731600 0.215934 0.012000
4 0.613049 0.749450 0.174176 0.020900
0 0.653091 0.417450 0.267995 0.172300
1 0.757349 0.418750 0.052060 0.012100
2 0.702060 0.441250 0.095330 0.029700
5 0.767170 0.440650 0.034890 0.030500
3 0.654327 0.470600 0.186951 0.018000
4 0.655769 0.490300 0.231044 0.020200
0 0.885714 0.417600 0.177747 0.161600
2 0.886058 0.442650 0.094918 0.027900
5 0.951854 0.442600 0.036951 0.028000
3 0.889423 0.470850 0.111813 0.016700
4 0.886676 0.487850 0.130220 0.016100
1 0.941277 0.421200 0.053434 0.012400
0 0.376992 0.877150 0.227060 0.217700
3 0.375000 0.956550 0.206319 0.015500
1 0.456387 0.903650 0.047115 0.010100
2 0.404190 0.925850 0.094368 0.028700
5 0.470261 0.924750 0.035302 0.028300
4 0.377541 0.975000 0.167995 0.020400
0 0.138049 0.637750 0.221703 0.246300
1 0.211676 0.672350 0.062088 0.012500
2 0.162363 0.695050 0.094505 0.028700
5 0.227885 0.694900 0.036813 0.030600
3 0.131799 0.724300 0.131181 0.023400
4 0.130426 0.747450 0.203434 0.019700
0 0.379739 0.634650 0.259753 0.257500
1 0.461126 0.674000 0.047253 0.013200
2 0.408310 0.695600 0.094643 0.029200
5 0.473352 0.695500 0.034615 0.028400
3 0.377541 0.726550 0.217995 0.023500
4 0.380124 0.749740 0.257555 0.019700
0 0.689423 0.244650 0.201374 0.160300
1 0.746085 0.247250 0.049313 0.012300
5 0.755014 0.270250 0.033104 0.029700
3 0.689080 0.299900 0.190797 0.013200
4 0.689423 0.315050 0.119780 0.013900
2 0.691552 0.270150 0.092720 0.028700
0 0.492857 0.253300 0.181044 0.143400
1 0.547527 0.248300 0.049451 0.011600
2 0.493887 0.270900 0.095742 0.030200
5 0.559890 0.270750 0.033791 0.030700
3 0.494849 0.301050 0.092170 0.010500
4 0.494849 0.312550 0.116896 0.012100
0 0.359684 0.412800 0.302610 0.165400
1 0.470742 0.420500 0.046703 0.012400
2 0.416690 0.442700 0.094093 0.029400
5 0.481937 0.442500 0.032830 0.028600
3 0.354945 0.473150 0.236264 0.009100
4 0.354670 0.484350 0.251099 0.010700
0 0.865316 0.885450 0.232830 0.200300
4 0.851580 0.974950 0.170192 0.020900
1 0.947802 0.909350 0.049725 0.011900
2 0.896497 0.932000 0.093269 0.028200
5 0.961745 0.931500 0.036126 0.028800
3 0.846772 0.957200 0.192445 0.012200
