0 0.383104 0.901350 0.235165 0.161100
5 0.474725 0.930500 0.035714 0.033600
2 0.407486 0.931000 0.096291 0.030200
1 0.461058 0.907350 0.042995 0.010500
3 0.382074 0.962400 0.140522 0.011000
4 0.383860 0.975800 0.173764 0.010600
0 0.866277 0.712250 0.232005 0.172100
1 0.954945 0.737850 0.038187 0.012300
1 0.831593 0.738400 0.043956 0.012000
2 0.910096 0.755150 0.076236 0.022300
5 0.963462 0.754550 0.028846 0.023300
3 0.865453 0.780150 0.167995 0.012700
4 0.865728 0.792900 0.208379 0.010000
5 0.842720 0.755850 0.029670 0.023900
2 0.789286 0.756700 0.077198 0.022400
0 0.623626 0.351450 0.223626 0.168700
4 0.621497 0.424950 0.188599 0.019500
3 0.619986 0.400050 0.174863 0.024100
5 0.715522 0.369350 0.038187 0.030700
2 0.649245 0.368900 0.097390 0.031000
1 0.703777 0.346150 0.054533 0.013700
0 0.145467 0.363450 0.201923 0.146900
5 0.227679 0.393600 0.036951 0.027600
2 0.159684 0.393800 0.099313 0.031800
1 0.215453 0.370550 0.055357 0.012900
4 0.131113 0.431300 0.134753 0.010200
3 0.130151 0.419750 0.124313 0.010500
0 0.867033 0.537650 0.228846 0.169300
1 0.951648 0.548950 0.046703 0.010500
2 0.895124 0.570400 0.100412 0.029800
4 0.866140 0.614300 0.194918 0.010400
3 0.865659 0.602150 0.177198 0.011100
5 0.962431 0.569200 0.033654 0.029600
0 0.389492 0.357100 0.188049 0.158000
1 0.451305 0.369000 0.054258 0.014400
4 0.367926 0.429050 0.134753 0.010500
3 0.367720 0.418350 0.120055 0.010100
5 0.464766 0.391150 0.036951 0.029100
2 0.397665 0.392000 0.097527 0.028400
0 0.622321 0.544550 0.228159 0.149300
5 0.717582 0.572300 0.034066 0.027400
2 0.652747 0.573900 0.095604 0.029400
1 0.705701 0.551750 0.045467 0.010500
4 0.621016 0.613500 0.147802 0.008600
3 0.619780 0.601450 0.125000 0.010500
0 0.142445 0.187450 0.213736 0.134300
4 0.133929 0.245450 0.135714 0.010300
3 0.134753 0.233150 0.120604 0.011300
2 0.160989 0.206850 0.095055 0.028700
1 0.214423 0.184850 0.053571 0.012500
5 0.226717 0.207050 0.035577 0.028700
0 0.386195 0.195650 0.196841 0.128300
4 0.377541 0.251050 0.132280 0.009700
3 0.377541 0.239100 0.120467 0.011400
5 0.462775 0.209150 0.035165 0.027900
1 0.453159 0.187400 0.053846 0.013400
2 0.395810 0.209750 0.097390 0.030100
0 0.622390 0.717200 0.236264 0.170200
4 0.622459 0.794900 0.228434 0.011000
3 0.625824 0.780850 0.222253 0.014100
5 0.717720 0.753550 0.037363 0.027900
2 0.652060 0.753750 0.093681 0.028100
1 0.706799 0.732000 0.041896 0.011200
0 0.144299 0.895900 0.207830 0.170000
1 0.219437 0.908050 0.046566 0.013700
2 0.165247 0.930600 0.095604 0.028800
5 0.231456 0.930400 0.034341 0.028000
3 0.136813 0.963450 0.123077 0.010700
4 0.137431 0.974850 0.150412 0.010700
0 0.862706 0.911950 0.233104 0.139500
1 0.835989 0.921700 0.035440 0.008800
5 0.845810 0.940300 0.029533 0.025200
1 0.956250 0.921400 0.037225 0.011000
2 0.908379 0.940000 0.081593 0.024000
5 0.964698 0.939650 0.028846 0.023700
3 0.865934 0.963000 0.135440 0.011000
4 0.864698 0.973600 0.167582 0.010800
2 0.790316 0.940350 0.080632 0.024100
0 0.623352 0.896550 0.222527 0.174900
5 0.717376 0.914400 0.035852 0.029200
4 0.621223 0.969700 0.184203 0.021000
1 0.701099 0.892600 0.037912 0.010800
3 0.619918 0.945550 0.187912 0.024900
2 0.652198 0.914500 0.096978 0.030200
0 0.140385 0.539050 0.222802 0.159700
5 0.231456 0.553300 0.035989 0.026600
1 0.211607 0.527450 0.067170 0.020500
2 0.163736 0.552900 0.096978 0.029800
4 0.138736 0.605350 0.172253 0.022500
3 0.137500 0.582350 0.182143 0.025100
0 0.378846 0.544800 0.225549 0.148600
4 0.382143 0.613400 0.166209 0.008400
3 0.382555 0.600400 0.134341 0.011800
5 0.473352 0.569650 0.035714 0.029100
2 0.408516 0.569650 0.093956 0.028900
1 0.463118 0.548850 0.044918 0.009300
0 0.142170 0.729950 0.226099 0.160100
4 0.139080 0.799550 0.204808 0.019300
3 0.137843 0.781200 0.207280 0.013600
5 0.235165 0.750300 0.035440 0.029200
2 0.168407 0.750550 0.098626 0.027300
1 0.221909 0.729150 0.049863 0.010100
0 0.378640 0.726150 0.227060 0.170700
3 0.384066 0.776000 0.191758 0.023200
4 0.385440 0.797900 0.140110 0.020600
5 0.473352 0.744700 0.037363 0.028800
2 0.408585 0.745000 0.092445 0.028200
1 0.461676 0.722350 0.047253 0.011500
0 0.864080 0.352100 0.236676 0.171800
3 0.865934 0.400800 0.222253 0.022800
4 0.864423 0.425100 0.232967 0.021400
5 0.958448 0.365600 0.036401 0.028800
1 0.946085 0.343550 0.050412 0.011700
2 0.890797 0.366300 0.093681 0.030200
0 0.865522 0.177450 0.234615 0.164500
1 0.948558 0.167400 0.044918 0.012600
5 0.961607 0.190150 0.036951 0.031300
2 0.893475 0.190350 0.095467 0.031300
4 0.866415 0.247300 0.188324 0.022200
3 0.866140 0.221500 0.209203 0.025000
0 0.624931 0.174250 0.227335 0.164700
5 0.716140 0.199050 0.037775 0.031100
2 0.649794 0.198750 0.096841 0.032100
4 0.621291 0.246050 0.192582 0.019700
3 0.620330 0.228500 0.200824 0.013600
1 0.704327 0.175050 0.052060 0.014100
