0 0.858242 0.588650 0.232692 0.165100
1 0.942995 0.589550 0.049451 0.011700
2 0.888736 0.611450 0.098077 0.031300
3 0.857212 0.639550 0.198489 0.022700
4 0.859615 0.660800 0.228846 0.019000
5 0.954876 0.610850 0.033654 0.030500
0 0.623626 0.745950 0.216758 0.142500
4 0.619918 0.804000 0.185440 0.020400
3 0.620673 0.787700 0.201236 0.012600
5 0.711264 0.762250 0.034066 0.030900
2 0.645742 0.762500 0.096429 0.031800
1 0.700893 0.740100 0.052610 0.011000
0 0.379670 0.749600 0.214286 0.139000
1 0.456662 0.738400 0.054533 0.012200
4 0.377335 0.806550 0.169231 0.020900
3 0.379533 0.788650 0.206593 0.014900
2 0.401717 0.759850 0.096016 0.030100
5 0.467170 0.760200 0.034341 0.029600
0 0.137088 0.746450 0.229670 0.148000
1 0.219505 0.735600 0.054945 0.012800
2 0.162706 0.757350 0.097390 0.030300
5 0.229808 0.757950 0.036264 0.030100
3 0.133723 0.790350 0.195192 0.011700
4 0.135577 0.806600 0.181868 0.022400
0 0.619231 0.601850 0.221703 0.124300
4 0.611058 0.656300 0.198764 0.012600
3 0.610234 0.641700 0.159753 0.013400
5 0.709478 0.616550 0.034066 0.032100
2 0.644093 0.616400 0.096978 0.031200
1 0.698283 0.594100 0.052610 0.012200
0 0.137431 0.587450 0.237500 0.168500
1 0.226168 0.596100 0.053434 0.013200
2 0.169849 0.617750 0.094643 0.028700
5 0.235302 0.617450 0.036538 0.029500
3 0.136126 0.643250 0.234615 0.012900
4 0.137225 0.660850 0.193956 0.019300
0 0.379464 0.592550 0.219093 0.163700
4 0.376580 0.663400 0.201236 0.020200
3 0.368338 0.640600 0.164698 0.024600
5 0.466758 0.609000 0.034341 0.030200
1 0.457212 0.586400 0.053159 0.013400
2 0.400137 0.608900 0.098626 0.030600
0 0.785440 0.905150 0.333516 0.151900
4 0.786126 0.974100 0.330495 0.011000
3 0.790041 0.961850 0.262225 0.013100
5 0.920261 0.936950 0.035577 0.031100
2 0.854190 0.936900 0.095742 0.031400
1 0.908036 0.914450 0.052060 0.012500
0 0.473558 0.901150 0.289973 0.162900
4 0.459272 0.970550 0.195192 0.019300
3 0.453571 0.952800 0.247253 0.012600
5 0.600962 0.929650 0.034615 0.030900
2 0.535646 0.929950 0.096291 0.030500
1 0.590934 0.907300 0.048077 0.011600
0 0.171085 0.901250 0.265522 0.164500
4 0.150000 0.967850 0.157418 0.021700
3 0.162431 0.950400 0.234753 0.013200
5 0.278709 0.924550 0.033791 0.030700
2 0.212363 0.925100 0.098901 0.031800
1 0.266346 0.902200 0.052473 0.012400
0 0.865522 0.745550 0.226099 0.146300
1 0.948008 0.737250 0.051786 0.012300
4 0.862294 0.805300 0.204533 0.021800
3 0.861058 0.786100 0.210302 0.015200
5 0.958929 0.758800 0.033242 0.028600
2 0.894162 0.758400 0.096566 0.029400
