0 0.624313 0.716650 0.224725 0.172500
1 0.704258 0.705100 0.044505 0.009600
2 0.651923 0.727700 0.096703 0.029600
5 0.718475 0.728000 0.036676 0.029800
3 0.614286 0.765250 0.196978 0.022500
4 0.612775 0.790100 0.129670 0.024000
0 0.384341 0.177900 0.216484 0.157600
5 0.474107 0.208450 0.035302 0.028900
1 0.461607 0.187000 0.052060 0.013200
2 0.408723 0.209050 0.096841 0.027700
3 0.377816 0.240200 0.164423 0.013600
4 0.378503 0.251400 0.133929 0.008800
0 0.867102 0.167700 0.229258 0.176800
1 0.946909 0.165600 0.045467 0.010800
2 0.892308 0.187600 0.095879 0.030600
5 0.958104 0.187250 0.036538 0.030500
4 0.864492 0.244100 0.203159 0.020800
3 0.867445 0.219550 0.226648 0.025500
0 0.377060 0.532500 0.233516 0.172000
5 0.351580 0.572250 0.029533 0.024100
2 0.298832 0.573250 0.076511 0.025900
3 0.379533 0.599250 0.225824 0.015500
4 0.381868 0.611900 0.197253 0.009800
1 0.463805 0.553700 0.038324 0.010200
2 0.422459 0.571500 0.078709 0.024200
5 0.475069 0.571300 0.027060 0.023400
1 0.343338 0.555100 0.034478 0.009000
0 0.869368 0.896950 0.219231 0.168900
4 0.862294 0.969600 0.198764 0.020600
3 0.866415 0.943600 0.213324 0.025800
5 0.960852 0.911200 0.035440 0.029400
2 0.896566 0.911650 0.091209 0.029100
1 0.950206 0.888700 0.047665 0.013400
0 0.866346 0.351200 0.221703 0.171000
4 0.865385 0.431300 0.211264 0.011000
3 0.863874 0.419200 0.216484 0.014200
5 0.959753 0.387550 0.034890 0.030300
2 0.893338 0.387900 0.097940 0.029400
1 0.946223 0.366650 0.049313 0.011300
0 0.628571 0.352550 0.207143 0.169500
1 0.704739 0.367250 0.044918 0.012900
2 0.650687 0.389750 0.097253 0.029900
5 0.716277 0.390200 0.032830 0.029200
3 0.618475 0.419150 0.185852 0.015300
4 0.621291 0.432150 0.142033 0.009500
0 0.138462 0.894750 0.225275 0.170100
1 0.219368 0.890750 0.040659 0.010100
2 0.164354 0.912700 0.096841 0.030000
5 0.231044 0.912900 0.036813 0.031000
3 0.138462 0.944600 0.224725 0.028400
4 0.138324 0.968650 0.178571 0.020500
0 0.387981 0.351900 0.207830 0.173800
4 0.375687 0.432100 0.182967 0.012800
3 0.373420 0.418450 0.174863 0.010900
5 0.473283 0.390200 0.037225 0.030800
2 0.406868 0.390800 0.094780 0.029600
1 0.460234 0.366950 0.048489 0.011700
0 0.377541 0.893750 0.225137 0.169100
1 0.345398 0.899350 0.030907 0.009300
2 0.302610 0.917400 0.075824 0.024600
5 0.354190 0.917250 0.026786 0.023900
1 0.467720 0.899750 0.037088 0.009900
2 0.425137 0.917900 0.074725 0.023400
5 0.476305 0.917200 0.027060 0.024200
4 0.386538 0.968350 0.133242 0.020100
3 0.381456 0.944750 0.191484 0.025700
0 0.137431 0.352600 0.232555 0.171000
3 0.137363 0.417550 0.231593 0.015500
4 0.138874 0.432150 0.210989 0.011900
1 0.218613 0.364650 0.050412 0.011500
2 0.164629 0.387800 0.097940 0.030200
5 0.231799 0.387600 0.035577 0.031600
0 0.867308 0.715250 0.225275 0.170100
1 0.949863 0.711550 0.049451 0.012100
2 0.895055 0.734150 0.095879 0.030300
5 0.961058 0.733750 0.035577 0.031100
3 0.866690 0.765450 0.186676 0.025100
4 0.868613 0.789550 0.205357 0.020500
0 0.621497 0.904600 0.229258 0.150600
4 0.624107 0.969900 0.191621 0.020000
3 0.621703 0.946800 0.228297 0.025200
5 0.716346 0.917500 0.035714 0.031000
2 0.651030 0.917250 0.094918 0.029300
1 0.704739 0.895050 0.046016 0.012300
0 0.143475 0.173700 0.220742 0.168200
1 0.217170 0.183100 0.053022 0.013200
2 0.165797 0.207200 0.097253 0.030000
5 0.232143 0.207050 0.035989 0.030500
3 0.141346 0.239000 0.203571 0.013200
4 0.140179 0.251450 0.146016 0.008900
0 0.141003 0.543100 0.222940 0.154000
4 0.139835 0.612250 0.169780 0.010300
3 0.139973 0.598500 0.219505 0.015800
5 0.231387 0.567450 0.035577 0.031500
2 0.165591 0.568050 0.095742 0.030500
1 0.220124 0.543850 0.044368 0.011700
0 0.386676 0.722900 0.219780 0.158000
1 0.461607 0.709800 0.050412 0.011200
2 0.407486 0.732850 0.097115 0.030300
5 0.474245 0.732450 0.036951 0.031500
3 0.377747 0.763750 0.176374 0.023900
4 0.375618 0.788750 0.169093 0.023900
0 0.137363 0.718600 0.247527 0.170600
1 0.213668 0.705950 0.036401 0.009700
2 0.159890 0.728150 0.095604 0.030100
5 0.225343 0.727400 0.035577 0.029600
3 0.137363 0.763500 0.240385 0.022800
4 0.136470 0.787850 0.229808 0.020500
0 0.865179 0.533300 0.233104 0.175600
1 0.833997 0.561150 0.041621 0.009700
2 0.789766 0.578950 0.078984 0.024700
5 0.842995 0.579100 0.027747 0.024400
3 0.864973 0.601300 0.231044 0.013200
4 0.866758 0.613900 0.205769 0.010200
1 0.951992 0.560500 0.037775 0.009200
2 0.907967 0.579700 0.079396 0.025200
5 0.963736 0.579050 0.030769 0.025700
0 0.620124 0.534950 0.231731 0.173900
1 0.590522 0.560750 0.040110 0.010700
2 0.545879 0.578650 0.081044 0.024700
5 0.600549 0.578800 0.027747 0.025200
3 0.618407 0.601000 0.204396 0.014000
4 0.618956 0.613650 0.200824 0.011700
1 0.708310 0.560900 0.038599 0.010200
2 0.664766 0.578700 0.079533 0.024200
5 0.718613 0.578250 0.028159 0.023900
0 0.626648 0.177850 0.214286 0.160100
1 0.705014 0.187550 0.055632 0.011900
2 0.649931 0.209150 0.096291 0.031100
5 0.715453 0.208550 0.035577 0.028500
3 0.619574 0.238500 0.172940 0.014400
4 0.619849 0.251550 0.157830 0.010100
