0 0.867102 0.244700 0.213577 0.160000
0 0.152089 0.688950 0.232637 0.150500
0 0.865339 0.863700 0.214752 0.178200
0 0.631201 0.678950 0.217755 0.171300
0 0.869713 0.673100 0.207050 0.181400
0 0.388969 0.669100 0.225718 0.189800
0 0.514817 0.446000 0.289687 0.197800
0 0.635313 0.245350 0.210052 0.159300
0 0.384269 0.218250 0.234073 0.214100
0 0.147911 0.225950 0.232115 0.199100
0 0.621671 0.905050 0.233159 0.156300
0 0.392037 0.904150 0.220104 0.152700
0 0.154112 0.892400 0.221018 0.185600
0 0.818277 0.445550 0.302350 0.202700
0 0.183551 0.454500 0.319060 0.179400
