0 0.151098 0.656900 0.218475 0.218200
0 0.618734 0.430450 0.232558 0.204900
0 0.397545 0.430200 0.208010 0.207000
0 0.154910 0.428050 0.223773 0.204100
0 0.161111 0.875450 0.198708 0.210100
0 0.622933 0.658850 0.234238 0.215300
0 0.382364 0.658550 0.236822 0.214700
0 0.844832 0.430750 0.223256 0.205500
0 0.852778 0.875550 0.202196 0.208900
0 0.857558 0.658100 0.205556 0.215000
0 0.386886 0.875950 0.232429 0.209700
0 0.393023 0.221350 0.217829 0.203100
0 0.621189 0.215750 0.235917 0.212700
0 0.849031 0.222450 0.218475 0.207300
0 0.622416 0.875800 0.235530 0.208600
0 0.153036 0.213400 0.226227 0.222000
