0 0.862225 0.724100 0.223352 0.170800
0 0.624038 0.720850 0.223352 0.179500
0 0.863049 0.907350 0.203846 0.136900
0 0.141621 0.182850 0.217857 0.150300
0 0.140865 0.537650 0.215247 0.179900
0 0.619437 0.360950 0.219918 0.172300
0 0.620398 0.181600 0.229808 0.177200
0 0.619918 0.897250 0.222527 0.164700
0 0.375275 0.899500 0.247253 0.158200
0 0.137088 0.909050 0.220330 0.141300
0 0.138187 0.353200 0.208516 0.166800
0 0.387019 0.356150 0.209203 0.160900
0 0.868063 0.358050 0.218819 0.178900
0 0.381113 0.543900 0.222940 0.170000
0 0.872459 0.175100 0.208104 0.159800
0 0.628091 0.538900 0.222390 0.161000
0 0.385440 0.719750 0.212088 0.180500
0 0.387363 0.175350 0.206319 0.162500
0 0.867857 0.536600 0.222253 0.170000
0 0.141140 0.718900 0.218544 0.160400
