0 0.626853 0.218350 0.205332 0.197900
0 0.850390 0.215150 0.227698 0.207300
0 0.160013 0.426500 0.188947 0.205800
0 0.383680 0.425300 0.233940 0.203400
0 0.627308 0.425300 0.236931 0.203400
0 0.851495 0.423300 0.225748 0.204200
0 0.203186 0.701200 0.286996 0.139800
0 0.519311 0.652150 0.288036 0.211300
0 0.812939 0.656050 0.272692 0.209700
0 0.146489 0.867750 0.214434 0.180700
0 0.379909 0.859900 0.246164 0.194800
0 0.627568 0.862200 0.210403 0.191600
0 0.855072 0.858900 0.226138 0.194400
0 0.149285 0.214350 0.222627 0.207300
0 0.384720 0.214000 0.233940 0.208200
