0 0.195315 0.626650 0.237775 0.133500
0 0.175988 0.769400 0.232796 0.143400
0 0.239751 0.919000 0.356515 0.144000
0 0.707760 0.918350 0.359297 0.142700
0 0.844363 0.770400 0.218448 0.144000
0 0.368009 0.198300 0.221230 0.133200
0 0.415739 0.352450 0.226208 0.143900
0 0.855124 0.628000 0.215666 0.132200
0 0.623206 0.353750 0.171449 0.140100
0 0.120644 0.202400 0.178331 0.130600
0 0.150439 0.352100 0.257833 0.145400
0 0.605490 0.199200 0.287408 0.132800
0 0.495974 0.767750 0.223280 0.145300
0 0.855124 0.362900 0.261640 0.146600
0 0.503441 0.617200 0.286530 0.151200
0 0.868814 0.206000 0.217570 0.148600
