0 0.133723 0.180450 0.227060 0.157100
0 0.379190 0.724550 0.222115 0.170100
0 0.870536 0.727650 0.212225 0.144900
0 0.130151 0.727050 0.222115 0.165900
0 0.867514 0.365550 0.204533 0.165100
0 0.624588 0.738150 0.220330 0.146100
0 0.140110 0.546800 0.232418 0.164000
0 0.132418 0.897200 0.214011 0.162800
0 0.620604 0.906500 0.221154 0.146400
0 0.867788 0.898600 0.212225 0.172600
0 0.374931 0.362750 0.223214 0.166900
0 0.619437 0.541850 0.227060 0.176500
0 0.380495 0.179800 0.217308 0.171000
0 0.622527 0.183300 0.236813 0.169400
0 0.865728 0.186300 0.221016 0.159000
0 0.138187 0.377450 0.224725 0.159300
0 0.624451 0.363000 0.220330 0.166400
0 0.384135 0.897400 0.212225 0.163600
0 0.863324 0.538700 0.228297 0.178000
0 0.375275 0.543650 0.226923 0.170900
