0 0.621978 0.188050 0.224725 0.156300
0 0.619986 0.364350 0.231731 0.165100
0 0.135165 0.541600 0.234615 0.172800
0 0.139217 0.735700 0.242445 0.144000
0 0.378846 0.722800 0.229670 0.151200
0 0.863942 0.729450 0.221841 0.155300
0 0.378571 0.545700 0.231044 0.145000
0 0.878984 0.366100 0.196154 0.163200
0 0.625549 0.543550 0.224451 0.172700
0 0.867926 0.541850 0.230082 0.173300
0 0.619849 0.728750 0.215522 0.160100
0 0.866415 0.888000 0.216896 0.145200
0 0.622321 0.892100 0.216346 0.133800
0 0.379121 0.890500 0.216209 0.136800
0 0.143750 0.892150 0.213599 0.122500
0 0.381456 0.363600 0.204121 0.167800
0 0.139286 0.361500 0.209341 0.170800
0 0.869093 0.178600 0.212912 0.175400
0 0.381731 0.189650 0.226099 0.155500
0 0.134890 0.183300 0.221154 0.168200
