0 0.136882 0.359800 0.218819 0.167600
0 0.135852 0.180350 0.224451 0.173700
0 0.621978 0.179200 0.223352 0.171200
0 0.867376 0.351250 0.217995 0.169700
0 0.628022 0.351550 0.216484 0.168500
0 0.377473 0.355350 0.233791 0.172900
0 0.390797 0.532100 0.208242 0.169600
0 0.864835 0.895400 0.222527 0.169600
0 0.639286 0.897850 0.195604 0.162500
0 0.378915 0.893800 0.226236 0.171800
0 0.136126 0.898650 0.217308 0.163100
0 0.133860 0.717550 0.229258 0.163100
0 0.379670 0.715700 0.224725 0.165800
0 0.626854 0.712100 0.218819 0.174000
0 0.868887 0.534100 0.223214 0.168000
0 0.623901 0.535150 0.217308 0.164700
0 0.136332 0.537300 0.237225 0.173400
0 0.865934 0.712750 0.214286 0.171900
0 0.863805 0.173900 0.229258 0.165400
0 0.380220 0.183300 0.221154 0.163800
