0 0.135783 0.902450 0.221566 0.153300
0 0.629602 0.536300 0.202335 0.163200
0 0.863393 0.537650 0.227885 0.160500
0 0.135096 0.730350 0.202885 0.158900
0 0.615591 0.717050 0.235027 0.163900
0 0.373626 0.363800 0.221154 0.143000
0 0.866758 0.722300 0.206593 0.177200
0 0.752266 0.301100 0.454258 0.272600
0 0.139973 0.357150 0.213736 0.179900
0 0.873764 0.898300 0.211813 0.170400
0 0.378640 0.184000 0.222940 0.163600
0 0.135646 0.545600 0.212225 0.163600
0 0.380082 0.544850 0.210440 0.167700
0 0.383310 0.729400 0.199313 0.138400
0 0.135508 0.178450 0.205907 0.153500
0 0.375549 0.900700 0.224176 0.158400
0 0.624107 0.897400 0.225137 0.166000
