0 0.635302 0.719400 0.201648 0.143200
0 0.383310 0.728200 0.218269 0.147800
0 0.145948 0.724550 0.208104 0.155100
0 0.135027 0.186850 0.226923 0.155300
0 0.386813 0.194050 0.209341 0.143900
0 0.633173 0.183450 0.196841 0.163900
0 0.878297 0.720300 0.195604 0.143200
0 0.143269 0.543050 0.208242 0.176100
0 0.873008 0.187600 0.213324 0.159400
0 0.882624 0.892750 0.192170 0.164500
0 0.374588 0.898550 0.232967 0.150100
0 0.137431 0.892500 0.235027 0.156600
0 0.134547 0.359950 0.229533 0.158100
0 0.390797 0.376400 0.203022 0.182000
0 0.622527 0.383100 0.219780 0.142600
0 0.864973 0.372800 0.215385 0.147800
0 0.864011 0.544450 0.227747 0.167100
0 0.628365 0.553500 0.210027 0.150400
0 0.380632 0.552550 0.210989 0.154900
0 0.636607 0.888450 0.196566 0.167300
