0 0.158616 0.658550 0.208094 0.207300
0 0.396084 0.658150 0.252219 0.209700
0 0.646802 0.659300 0.187598 0.201200
0 0.865209 0.654200 0.179504 0.208200
0 0.518668 0.873350 0.312533 0.209300
0 0.150457 0.218950 0.217885 0.202900
0 0.385770 0.218000 0.228982 0.203600
0 0.638773 0.217250 0.206789 0.204900
0 0.536162 0.434500 0.307572 0.211400
0 0.832311 0.432550 0.255483 0.215100
0 0.197781 0.450800 0.281984 0.181200
0 0.208225 0.877600 0.284856 0.187800
0 0.832245 0.880100 0.231070 0.187000
0 0.860379 0.214300 0.205875 0.210800
