0 0.373764 0.717000 0.230495 0.186000
0 0.863942 0.896900 0.220742 0.163200
0 0.622871 0.897550 0.224313 0.163300
0 0.136676 0.722450 0.214286 0.177300
0 0.377747 0.898150 0.216209 0.160700
0 0.133173 0.903250 0.220742 0.132900
0 0.622734 0.727350 0.221566 0.162500
0 0.383036 0.544200 0.211951 0.145800
0 0.135989 0.540200 0.223077 0.176400
0 0.380082 0.357350 0.217857 0.171100
0 0.863187 0.354950 0.216484 0.161900
0 0.376648 0.182100 0.227473 0.167800
0 0.626717 0.358400 0.222390 0.178600
0 0.625618 0.180600 0.212775 0.171400
0 0.867926 0.183000 0.218544 0.175000
0 0.867926 0.723750 0.221566 0.169100
0 0.864629 0.536500 0.222390 0.184000
0 0.628228 0.544050 0.208929 0.168100
0 0.136607 0.190700 0.214148 0.149600
0 0.138530 0.368050 0.223764 0.156900
