0 0.831032 0.424650 0.245032 0.187900
0 0.425484 0.420350 0.183613 0.199900
0 0.611806 0.420350 0.171226 0.199300
0 0.573226 0.210650 0.221548 0.204700
0 0.646645 0.648400 0.211742 0.224000
0 0.205871 0.879150 0.299484 0.207100
0 0.865484 0.648050 0.199871 0.222900
0 0.184452 0.427350 0.216903 0.186700
0 0.855097 0.213400 0.205161 0.202000
0 0.194000 0.222500 0.191871 0.191000
0 0.141355 0.648150 0.208903 0.225100
0 0.795419 0.880250 0.263097 0.207100
0 0.389484 0.648450 0.253548 0.225100
0 0.518452 0.879150 0.276387 0.207100
