0 0.743343 0.289500 0.418669 0.326000
0 0.618886 0.532500 0.227641 0.156800
0 0.405716 0.189150 0.192041 0.168100
0 0.844501 0.532700 0.184226 0.151800
0 0.167294 0.375900 0.215051 0.131800
0 0.392041 0.360250 0.222287 0.165900
0 0.387482 0.707700 0.227352 0.163400
0 0.156151 0.719500 0.221708 0.130400
0 0.149276 0.892650 0.212590 0.176700
0 0.380535 0.889150 0.222721 0.182300
0 0.618162 0.715600 0.229667 0.130400
0 0.615412 0.889100 0.196671 0.161800
0 0.391896 0.534050 0.214472 0.150900
0 0.851737 0.724150 0.223878 0.111500
0 0.163893 0.193000 0.233430 0.171200
0 0.851230 0.888400 0.220550 0.185400
0 0.153835 0.546850 0.222287 0.129100
