0 0.632005 0.530250 0.206593 0.160700
0 0.374588 0.712550 0.230220 0.154900
0 0.861058 0.895200 0.233104 0.163200
0 0.621223 0.904150 0.214423 0.147500
0 0.135440 0.898350 0.216209 0.164300
0 0.382418 0.893650 0.215385 0.160100
0 0.866827 0.353950 0.217170 0.174700
0 0.621291 0.726900 0.231319 0.191400
0 0.388736 0.534750 0.209341 0.158100
0 0.138599 0.532200 0.217857 0.149200
0 0.625137 0.361750 0.224725 0.160700
0 0.861745 0.179850 0.219368 0.151700
0 0.385440 0.177950 0.206319 0.154300
0 0.380563 0.354850 0.233929 0.176300
0 0.142102 0.349250 0.201786 0.165300
0 0.131456 0.179500 0.215934 0.170400
0 0.622734 0.182100 0.228709 0.170400
0 0.138187 0.712500 0.227747 0.175600
0 0.861470 0.716050 0.229533 0.163300
0 0.861538 0.540550 0.222527 0.167100
