0 0.866758 0.537650 0.225275 0.174100
0 0.137843 0.715500 0.214973 0.164000
0 0.134684 0.528850 0.221566 0.175700
0 0.622321 0.539000 0.223764 0.176600
0 0.139560 0.181250 0.222527 0.172900
0 0.382143 0.182450 0.220330 0.144300
0 0.620055 0.175000 0.225824 0.160800
0 0.865591 0.181100 0.213599 0.157800
0 0.625549 0.353550 0.217308 0.164900
0 0.380357 0.539000 0.220055 0.171200
0 0.139011 0.358850 0.221429 0.158500
0 0.383104 0.353650 0.214835 0.153500
0 0.865659 0.354950 0.222253 0.172100
0 0.832486 0.893700 0.233379 0.150600
0 0.499863 0.897200 0.282692 0.140400
0 0.168475 0.889800 0.248214 0.155600
0 0.383379 0.721900 0.220055 0.170400
0 0.626923 0.723150 0.213736 0.175100
0 0.864973 0.718000 0.218681 0.165800
