0 0.629258 0.361200 0.214835 0.171800
0 0.136264 0.181350 0.222253 0.168300
0 0.378228 0.181900 0.227610 0.167800
0 0.628365 0.181250 0.217170 0.164900
0 0.871841 0.175650 0.212912 0.156900
0 0.864217 0.353950 0.225137 0.166500
0 0.873901 0.540950 0.210440 0.176700
0 0.624382 0.543600 0.230632 0.169600
0 0.379808 0.538600 0.226374 0.159600
0 0.142651 0.548850 0.211676 0.181700
0 0.141621 0.356200 0.215934 0.161800
0 0.142995 0.724800 0.212363 0.165000
0 0.624038 0.898400 0.214835 0.162200
0 0.376717 0.897500 0.228709 0.165000
0 0.133036 0.894150 0.217995 0.169100
0 0.869093 0.891700 0.215934 0.173400
0 0.377747 0.722500 0.230769 0.174200
0 0.626168 0.724400 0.221291 0.162600
0 0.379327 0.357400 0.225412 0.173400
0 0.874382 0.714300 0.200962 0.162600
