0 0.146016 0.882550 0.208516 0.147900
0 0.867376 0.719800 0.220742 0.160200
0 0.868681 0.182150 0.224451 0.125500
0 0.140110 0.180600 0.241484 0.151800
0 0.385852 0.362900 0.215934 0.143200
0 0.146497 0.367600 0.211676 0.140200
0 0.622459 0.547250 0.236126 0.143300
0 0.380563 0.542550 0.228709 0.149500
0 0.136951 0.539500 0.228571 0.152600
0 0.139148 0.728000 0.215934 0.141000
0 0.381525 0.718750 0.226511 0.162700
0 0.394368 0.884450 0.198901 0.140900
0 0.862143 0.883600 0.231868 0.148600
0 0.627816 0.183750 0.221291 0.147300
0 0.625618 0.714450 0.225687 0.143300
0 0.866758 0.550350 0.221978 0.132500
0 0.626593 0.363485 0.222912 0.147830
0 0.870440 0.358435 0.222912 0.156330
0 0.387500 0.179800 0.218956 0.148800
0 0.630975 0.885100 0.214698 0.146800
