0 0.378477 0.774200 0.199414 0.132600
0 0.865520 0.620650 0.178477 0.143100
0 0.629136 0.776500 0.193851 0.130200
0 0.139531 0.321250 0.221962 0.139100
0 0.125476 0.169850 0.215227 0.147500
0 0.871230 0.916700 0.224744 0.145800
0 0.374890 0.166600 0.227965 0.146200
0 0.377526 0.625000 0.180527 0.130600
0 0.748243 0.249650 0.470132 0.287500
0 0.860395 0.773250 0.192533 0.135700
0 0.386164 0.476900 0.191362 0.128600
0 0.858346 0.472150 0.189605 0.138900
0 0.135212 0.771600 0.224451 0.136800
0 0.389531 0.925800 0.209810 0.121200
0 0.381698 0.330300 0.216691 0.129000
0 0.140630 0.617950 0.234407 0.148500
0 0.146193 0.468150 0.167643 0.138900
0 0.619473 0.471950 0.179502 0.140500
0 0.634187 0.627550 0.162079 0.129900
0 0.626647 0.916550 0.227818 0.140100
0 0.139312 0.917650 0.222401 0.143700
