0 0.152123 0.617700 0.205271 0.146000
0 0.623792 0.319450 0.238799 0.139700
0 0.879502 0.318850 0.190922 0.136700
0 0.139898 0.770550 0.235871 0.140100
0 0.386384 0.774350 0.224890 0.132700
0 0.382577 0.920600 0.234261 0.137600
0 0.156735 0.919000 0.198097 0.141400
0 0.623060 0.921000 0.189898 0.137200
0 0.621449 0.619800 0.237921 0.139800
0 0.861786 0.921800 0.220205 0.133200
0 0.863836 0.618200 0.240996 0.146400
0 0.388726 0.621800 0.220498 0.138200
0 0.399048 0.467150 0.189898 0.142700
0 0.623426 0.471250 0.234261 0.134500
0 0.858199 0.465050 0.206296 0.147700
0 0.148975 0.477450 0.215666 0.126900
0 0.633529 0.767550 0.214934 0.146500
0 0.860249 0.785950 0.184627 0.108100
0 0.140630 0.325600 0.233529 0.132200
0 0.862884 0.183100 0.234993 0.114800
0 0.378843 0.169450 0.218302 0.147300
0 0.634187 0.190850 0.214202 0.101900
0 0.137189 0.172600 0.238653 0.143600
0 0.385578 0.318050 0.232357 0.143300
