0 0.193750 0.211050 0.293428 0.217300
0 0.385245 0.869000 0.232603 0.212200
0 0.155026 0.858950 0.214948 0.192300
0 0.851804 0.654000 0.216753 0.213200
0 0.619845 0.653550 0.236598 0.214100
0 0.381765 0.653950 0.236985 0.214700
0 0.149936 0.653850 0.222809 0.214900
0 0.815722 0.430400 0.266495 0.218000
0 0.538724 0.432600 0.243943 0.213600
0 0.193879 0.432600 0.295232 0.215400
0 0.823905 0.208750 0.256572 0.214900
0 0.852448 0.870050 0.216753 0.212700
0 0.623067 0.868500 0.233763 0.211400
0 0.525644 0.208300 0.266237 0.216000
