0 0.134187 0.921800 0.200732 0.139400
0 0.378258 0.927100 0.172328 0.127000
0 0.626647 0.174300 0.205271 0.140200
0 0.136384 0.784150 0.241728 0.114300
0 0.135578 0.166500 0.179795 0.149600
0 0.627306 0.773100 0.217716 0.138000
0 0.139458 0.622600 0.220351 0.143200
0 0.869619 0.920350 0.203660 0.138100
0 0.623719 0.470950 0.195315 0.141700
0 0.868448 0.476850 0.195168 0.130300
0 0.382357 0.326850 0.191654 0.131500
0 0.864348 0.176900 0.196340 0.131400
0 0.872694 0.618400 0.229722 0.148200
0 0.389092 0.769050 0.210981 0.147100
0 0.151098 0.476000 0.198829 0.135400
0 0.625329 0.325350 0.188287 0.135900
0 0.141947 0.327750 0.198975 0.129300
0 0.382577 0.621600 0.235725 0.140000
0 0.863763 0.318700 0.244363 0.147200
0 0.864641 0.770200 0.237921 0.142600
0 0.381772 0.473800 0.211567 0.141400
0 0.636969 0.635950 0.174963 0.114300
0 0.383382 0.186800 0.230600 0.112400
0 0.624671 0.923050 0.210981 0.133700
