0 0.139001 0.183550 0.201592 0.133700
0 0.608104 0.177900 0.204342 0.146200
0 0.847395 0.175700 0.217800 0.149400
0 0.384226 0.177300 0.216498 0.147000
0 0.618669 0.472500 0.221418 0.136800
0 0.850651 0.474850 0.224602 0.150500
0 0.149349 0.909100 0.216498 0.139400
0 0.848698 0.325300 0.203039 0.141200
0 0.372359 0.468400 0.205789 0.145800
0 0.851881 0.907650 0.225904 0.139900
0 0.613748 0.763550 0.210709 0.123100
0 0.851158 0.760300 0.235745 0.146400
0 0.383502 0.326500 0.220260 0.136000
0 0.617583 0.909450 0.239508 0.136500
0 0.144718 0.327800 0.190449 0.135000
0 0.383285 0.908550 0.212590 0.138900
0 0.613242 0.615500 0.194935 0.143600
0 0.145441 0.616300 0.220260 0.142800
0 0.149349 0.764300 0.221418 0.138000
0 0.384588 0.626500 0.216932 0.120600
0 0.381114 0.756550 0.222721 0.134100
0 0.842113 0.624800 0.215919 0.123000
0 0.147974 0.479850 0.215774 0.123500
0 0.615847 0.332600 0.219826 0.125600
