0 0.196606 0.218050 0.293995 0.219900
0 0.523303 0.433300 0.277154 0.201800
0 0.852089 0.871700 0.219321 0.210000
0 0.622650 0.871950 0.229112 0.210900
0 0.819909 0.433500 0.271149 0.201400
0 0.151501 0.659300 0.223629 0.211600
0 0.390274 0.660600 0.221279 0.210000
0 0.625979 0.660300 0.223760 0.211400
0 0.845757 0.659150 0.231462 0.212700
0 0.157441 0.871700 0.213577 0.210000
0 0.388903 0.870550 0.219582 0.207300
0 0.204569 0.433450 0.274151 0.200700
0 0.821475 0.221550 0.264883 0.208900
0 0.531919 0.221650 0.258355 0.211300
