0 0.385286 0.766350 0.266325 0.147300
0 0.378404 0.916400 0.228551 0.146000
0 0.859517 0.917300 0.213616 0.146600
0 0.630600 0.919300 0.211713 0.140800
0 0.145534 0.917650 0.220205 0.143700
0 0.871596 0.774650 0.175988 0.129500
0 0.383821 0.622150 0.195168 0.139300
0 0.617716 0.493450 0.197950 0.093900
0 0.865373 0.621600 0.230600 0.145200
0 0.621889 0.175300 0.198097 0.134400
0 0.623792 0.641850 0.229136 0.093900
0 0.380234 0.321950 0.236018 0.136300
0 0.629429 0.326250 0.197072 0.129700
0 0.143265 0.172950 0.201318 0.139300
0 0.379063 0.469650 0.248609 0.144500
0 0.370717 0.170850 0.194143 0.146100
0 0.139092 0.476050 0.200878 0.128300
0 0.627672 0.772650 0.175695 0.138700
0 0.140117 0.619450 0.232211 0.144500
0 0.863177 0.179500 0.227086 0.125800
0 0.865373 0.324300 0.189019 0.132200
0 0.139019 0.323850 0.186969 0.135300
0 0.868228 0.470300 0.234553 0.140400
0 0.134480 0.766450 0.234407 0.146700
