0 0.137157 0.208900 0.236126 0.221000
0 0.640728 0.921750 0.213324 0.125700
0 0.398008 0.912950 0.212500 0.142300
0 0.818132 0.780100 0.251374 0.148400
0 0.386607 0.211750 0.232830 0.240100
0 0.143475 0.915650 0.233104 0.140700
0 0.790179 0.625200 0.227335 0.151600
0 0.502816 0.764100 0.286951 0.119200
0 0.139423 0.433800 0.222802 0.200200
0 0.632761 0.214350 0.207830 0.190100
0 0.862843 0.210300 0.233379 0.218200
0 0.187912 0.618000 0.315934 0.151200
0 0.384753 0.433650 0.233791 0.198100
0 0.631937 0.425550 0.225687 0.216900
0 0.853846 0.432800 0.232418 0.207200
0 0.514148 0.618250 0.224725 0.149300
0 0.178571 0.767400 0.236264 0.138600
0 0.875755 0.921550 0.196841 0.126700
