0 0.857087 0.431000 0.203412 0.205400
0 0.198753 0.657850 0.284908 0.216500
0 0.502231 0.657100 0.314961 0.213800
0 0.820276 0.657950 0.290682 0.218300
0 0.221260 0.879450 0.237008 0.201100
0 0.521588 0.874050 0.278346 0.217300
0 0.841273 0.878750 0.217192 0.209100
0 0.630381 0.431450 0.223753 0.204500
0 0.152887 0.218500 0.220735 0.211400
0 0.390289 0.218100 0.223097 0.213200
0 0.154134 0.431500 0.216667 0.203000
0 0.628215 0.218300 0.223097 0.213600
0 0.853018 0.218300 0.214698 0.214400
0 0.390617 0.431300 0.219029 0.206200
