0 0.863530 0.178300 0.224588 0.161400
0 0.866896 0.896000 0.215659 0.168000
0 0.624313 0.892300 0.234615 0.161000
0 0.377885 0.897450 0.232418 0.164300
0 0.141690 0.901000 0.212225 0.160000
0 0.860234 0.714800 0.231181 0.167000
0 0.622115 0.719400 0.224725 0.172000
0 0.377198 0.714450 0.231593 0.170900
0 0.802404 0.540200 0.221291 0.152200
0 0.503365 0.538150 0.239148 0.161100
0 0.176168 0.536150 0.239423 0.166100
0 0.797665 0.358700 0.261813 0.171000
0 0.494231 0.355500 0.247802 0.175000
0 0.177953 0.360650 0.245742 0.165100
0 0.617376 0.177100 0.237775 0.159000
0 0.374725 0.176150 0.222527 0.160300
0 0.136470 0.179650 0.225687 0.154500
0 0.134107 0.728560 0.225962 0.163680
