0 0.865316 0.885450 0.232830 0.200300
0 0.651923 0.415950 0.265659 0.169300
0 0.111951 0.428000 0.184341 0.131200
0 0.359684 0.412800 0.302610 0.165400
0 0.119849 0.253100 0.202610 0.144600
0 0.616690 0.877200 0.240247 0.219200
0 0.144025 0.877700 0.222940 0.218000
0 0.867926 0.633350 0.221841 0.251100
0 0.628091 0.634100 0.236126 0.252600
0 0.378846 0.632950 0.257967 0.254100
0 0.136951 0.636050 0.219505 0.242900
0 0.375206 0.877150 0.223489 0.217700
0 0.884203 0.415450 0.174725 0.157300
0 0.492857 0.253300 0.181044 0.143400
0 0.689423 0.244650 0.201374 0.160300
0 0.882212 0.247950 0.175412 0.155100
0 0.309272 0.253250 0.189973 0.143700
