0 0.158538 0.912900 0.199566 0.132600
0 0.615919 0.911200 0.186975 0.136800
0 0.849059 0.474850 0.210420 0.149500
0 0.852388 0.179900 0.226918 0.141800
0 0.398625 0.625800 0.219247 0.128000
0 0.154848 0.766100 0.206657 0.139000
0 0.623372 0.619600 0.224747 0.135200
0 0.150000 0.474250 0.228220 0.139500
0 0.617004 0.765700 0.213169 0.135200
0 0.151592 0.621550 0.232851 0.130500
0 0.615268 0.182400 0.230246 0.135000
0 0.850941 0.916550 0.212446 0.122100
0 0.626194 0.331550 0.217077 0.125500
0 0.855065 0.337800 0.218379 0.113600
0 0.390087 0.328100 0.223300 0.136400
0 0.390955 0.189750 0.212012 0.118300
0 0.150579 0.185350 0.225615 0.130900
0 0.162446 0.330850 0.204486 0.126300
0 0.388133 0.475000 0.221708 0.138200
0 0.381650 0.922175 0.204920 0.115950
0 0.385166 0.767700 0.218669 0.133000
0 0.852533 0.622650 0.225760 0.130700
0 0.851158 0.772950 0.225326 0.122300
