0 0.608755 0.474500 0.237771 0.149600
0 0.852460 0.178500 0.223300 0.144800
0 0.623878 0.621750 0.204631 0.135700
0 0.277135 0.260750 0.431838 0.276300
0 0.738278 0.846350 0.437192 0.265900
0 0.148263 0.768550 0.227062 0.132100
0 0.852967 0.331950 0.227207 0.125100
0 0.374747 0.478000 0.227062 0.130000
0 0.147033 0.623300 0.221708 0.148000
0 0.862084 0.620200 0.191317 0.137800
0 0.620188 0.328550 0.217221 0.136300
0 0.619175 0.182150 0.218958 0.150500
0 0.390449 0.912750 0.202315 0.136700
0 0.142619 0.917400 0.203907 0.124400
0 0.856729 0.475400 0.226049 0.148800
0 0.384588 0.619450 0.223300 0.139300
0 0.378582 0.768550 0.220260 0.146500
0 0.155427 0.477750 0.209551 0.127500
