0 0.863397 0.181250 0.227818 0.127500
0 0.626135 0.774000 0.174671 0.139000
0 0.383309 0.622500 0.194729 0.139800
0 0.379429 0.470800 0.249048 0.147000
0 0.859517 0.918600 0.215959 0.145200
0 0.872108 0.776250 0.179649 0.129900
0 0.137848 0.477400 0.200732 0.129200
0 0.628624 0.326950 0.196925 0.129700
0 0.384114 0.767950 0.268375 0.148500
0 0.138214 0.325100 0.186237 0.136000
0 0.132796 0.767900 0.236310 0.146600
0 0.623939 0.645750 0.229136 0.093900
0 0.621889 0.176300 0.196925 0.136400
0 0.631040 0.920500 0.212592 0.142800
0 0.866618 0.622600 0.233089 0.145400
0 0.144070 0.918300 0.229575 0.146400
0 0.865154 0.324800 0.187994 0.131400
0 0.143338 0.173950 0.202928 0.140500
0 0.371889 0.172150 0.194143 0.147100
0 0.143192 0.620350 0.220205 0.144700
0 0.868228 0.470950 0.233968 0.140500
0 0.379649 0.322550 0.233382 0.137300
0 0.379356 0.917700 0.228404 0.146800
0 0.617570 0.494600 0.199707 0.096200
