0 0.383792 0.213000 0.239942 0.132600
0 0.167728 0.549350 0.245441 0.178300
0 0.165123 0.368450 0.214761 0.169700
0 0.155065 0.739100 0.203618 0.146800
0 0.621780 0.214350 0.218669 0.128700
0 0.606946 0.371500 0.209262 0.167600
0 0.151809 0.902150 0.227496 0.155300
0 0.142330 0.211400 0.216353 0.130400
0 0.851230 0.558100 0.228075 0.145600
0 0.612012 0.743000 0.242547 0.138200
0 0.631476 0.921100 0.254848 0.117400
0 0.381621 0.367200 0.211288 0.170800
0 0.609334 0.549150 0.206802 0.161500
0 0.389001 0.917450 0.209262 0.121500
0 0.843488 0.734750 0.239219 0.144500
0 0.858683 0.917000 0.193198 0.124400
0 0.372938 0.557550 0.228075 0.160900
0 0.846237 0.373800 0.223589 0.177400
0 0.848842 0.206350 0.235745 0.143900
0 0.372287 0.737850 0.215195 0.133500
