0 0.378091 0.174400 0.225962 0.180800
0 0.385920 0.355800 0.207005 0.160800
0 0.624382 0.361050 0.200412 0.171300
0 0.860508 0.362050 0.219918 0.165100
0 0.136126 0.541350 0.227198 0.178500
0 0.383379 0.546200 0.215659 0.164200
0 0.624588 0.539000 0.230769 0.178600
0 0.869505 0.540350 0.210989 0.177100
0 0.137843 0.721000 0.228159 0.175000
0 0.866071 0.181750 0.225549 0.167700
0 0.382280 0.728000 0.229121 0.160200
0 0.625962 0.724100 0.222527 0.169800
0 0.864560 0.722500 0.225549 0.171400
0 0.135920 0.896250 0.226786 0.159100
0 0.378846 0.893850 0.225275 0.167300
0 0.622871 0.893500 0.230907 0.169800
0 0.862569 0.894750 0.221566 0.159300
0 0.620330 0.189850 0.231868 0.154100
0 0.134890 0.357750 0.224725 0.177100
0 0.136126 0.180900 0.225549 0.168200
