0 0.841621 0.895700 0.263187 0.168200
0 0.377953 0.368500 0.228434 0.176000
0 0.865247 0.353350 0.220330 0.170700
0 0.135096 0.542750 0.223214 0.170900
0 0.134066 0.362650 0.226099 0.148500
0 0.873626 0.177900 0.206044 0.156800
0 0.623489 0.181450 0.210165 0.151100
0 0.632486 0.353700 0.202060 0.169400
0 0.377129 0.174600 0.222940 0.165600
0 0.132280 0.178800 0.215659 0.176000
0 0.378091 0.549150 0.230357 0.178900
0 0.629464 0.542800 0.209753 0.173200
0 0.871085 0.539950 0.213324 0.155900
0 0.135783 0.721900 0.219643 0.177200
0 0.379602 0.725700 0.221841 0.164600
0 0.621566 0.723950 0.224451 0.172100
0 0.863599 0.715800 0.231868 0.166400
0 0.183516 0.897650 0.300000 0.166700
0 0.523420 0.899950 0.308104 0.162500
