0 0.141140 0.726000 0.211126 0.172600
0 0.137019 0.357350 0.221016 0.175700
0 0.861813 0.190050 0.228571 0.135500
0 0.625343 0.179200 0.229258 0.182000
0 0.375687 0.183250 0.237363 0.165100
0 0.133310 0.187950 0.229808 0.154500
0 0.379327 0.360000 0.225687 0.171400
0 0.621635 0.360050 0.246566 0.175100
0 0.865247 0.359200 0.219505 0.180600
0 0.138187 0.537750 0.224725 0.180500
0 0.380495 0.540400 0.250000 0.178800
0 0.622940 0.538950 0.221154 0.178700
0 0.863049 0.539650 0.235989 0.178900
0 0.373489 0.726150 0.231044 0.169500
0 0.617445 0.723150 0.251648 0.174100
0 0.140728 0.897950 0.236126 0.162300
0 0.864560 0.722250 0.231593 0.174300
0 0.617926 0.906450 0.219093 0.148900
0 0.380495 0.909000 0.225000 0.138000
0 0.857005 0.898050 0.198352 0.164700
