0 0.385311 0.177500 0.220984 0.159000
0 0.398553 0.324750 0.200000 0.133500
0 0.158394 0.327800 0.217800 0.139200
0 0.850000 0.325900 0.205933 0.147400
0 0.617221 0.482150 0.223155 0.113900
0 0.850724 0.621300 0.216932 0.148600
0 0.621563 0.333850 0.224023 0.149100
0 0.623010 0.765350 0.219971 0.148700
0 0.382706 0.472300 0.215195 0.148000
0 0.848553 0.473400 0.211722 0.146000
0 0.619175 0.177950 0.230825 0.157700
0 0.147178 0.770700 0.212156 0.139200
0 0.170912 0.470750 0.189870 0.139500
0 0.166715 0.178400 0.199132 0.145800
0 0.385022 0.617500 0.229088 0.138000
0 0.843415 0.174000 0.210130 0.148400
0 0.147612 0.615150 0.209551 0.145700
0 0.147323 0.909700 0.218813 0.138600
0 0.856151 0.907550 0.217077 0.135100
0 0.380753 0.905100 0.204342 0.146200
0 0.618669 0.907900 0.225760 0.136400
0 0.383719 0.779400 0.222721 0.101800
0 0.616787 0.614350 0.211577 0.144100
0 0.857815 0.765450 0.173227 0.138700
