0 0.867308 0.715250 0.225275 0.170100
0 0.139766 0.541650 0.220467 0.151100
0 0.137431 0.352600 0.232555 0.171000
0 0.377541 0.893750 0.225137 0.169100
0 0.385027 0.722450 0.216484 0.157100
0 0.137569 0.715900 0.240522 0.165200
0 0.865179 0.532300 0.233104 0.173600
0 0.618613 0.533600 0.228709 0.171200
0 0.626648 0.176950 0.214286 0.158300
0 0.387981 0.351900 0.207830 0.173800
0 0.626236 0.716300 0.220879 0.171800
0 0.138462 0.894750 0.225275 0.170100
0 0.384341 0.177200 0.216484 0.156200
0 0.867720 0.166350 0.226099 0.174100
0 0.628571 0.352550 0.207143 0.169500
0 0.866346 0.351200 0.221703 0.171000
0 0.376374 0.531800 0.232143 0.170600
0 0.869368 0.896950 0.219231 0.168900
0 0.141896 0.172900 0.217582 0.166600
0 0.621497 0.904600 0.229258 0.150600
