0 0.820366 0.659550 0.269191 0.207500
0 0.524413 0.661800 0.212010 0.212000
0 0.187076 0.656550 0.285379 0.213700
0 0.127154 0.430650 0.171018 0.179700
0 0.683159 0.215800 0.148303 0.181200
0 0.509138 0.216100 0.153786 0.183000
0 0.339752 0.206550 0.148956 0.195300
0 0.151958 0.205650 0.178590 0.183900
0 0.694125 0.432600 0.167624 0.174400
0 0.882376 0.368750 0.162663 0.308900
0 0.303916 0.429650 0.158225 0.200300
0 0.497585 0.433200 0.268277 0.190200
0 0.222063 0.878950 0.188773 0.192500
0 0.511097 0.878850 0.251958 0.190300
0 0.815470 0.877700 0.206658 0.188000
