0 0.382692 0.910250 0.217582 0.140100
0 0.377541 0.172800 0.222390 0.164000
0 0.376030 0.545100 0.238049 0.167400
0 0.625000 0.357300 0.223352 0.159600
0 0.863255 0.743700 0.225412 0.113800
0 0.625343 0.173500 0.218544 0.166200
0 0.131456 0.897300 0.212637 0.160600
0 0.622665 0.905050 0.224176 0.149500
0 0.135371 0.722950 0.222115 0.150500
0 0.146841 0.364600 0.226648 0.149400
0 0.377129 0.361750 0.219093 0.171300
0 0.862706 0.907650 0.223214 0.145700
0 0.866277 0.363350 0.227335 0.168300
0 0.869918 0.178600 0.215659 0.177800
0 0.135234 0.177800 0.230082 0.177000
0 0.628434 0.730050 0.226374 0.154100
0 0.618475 0.549550 0.229258 0.178900
0 0.138599 0.551400 0.224725 0.182200
0 0.859684 0.549350 0.210852 0.157700
0 0.376236 0.726650 0.217582 0.147900
