0 0.414399 0.409700 0.401013 0.158200
0 0.126122 0.253600 0.186252 0.140400
0 0.496599 0.767200 0.259479 0.127000
0 0.853329 0.607300 0.212301 0.174600
0 0.388567 0.602700 0.225470 0.187400
0 0.152460 0.770650 0.223878 0.145100
0 0.503835 0.905800 0.306657 0.141400
0 0.811577 0.911350 0.234732 0.131900
0 0.150072 0.602050 0.238784 0.194100
0 0.123951 0.409650 0.179595 0.156500
0 0.883864 0.416450 0.156151 0.142100
0 0.880608 0.262200 0.176845 0.121800
0 0.625687 0.605250 0.213748 0.165900
0 0.789870 0.765100 0.217366 0.139400
0 0.710203 0.408400 0.187410 0.158200
0 0.314038 0.257200 0.178292 0.132400
0 0.690521 0.244750 0.178437 0.160700
0 0.171056 0.911350 0.261650 0.130300
0 0.504631 0.249300 0.179161 0.148400
