0 0.385601 0.763500 0.228509 0.137400
0 0.619392 0.478800 0.219103 0.140800
0 0.733430 0.841700 0.424023 0.261200
0 0.851881 0.478350 0.228509 0.139100
0 0.146165 0.909150 0.220260 0.138700
0 0.851520 0.329350 0.222287 0.147300
0 0.735528 0.620950 0.431404 0.133900
0 0.387192 0.490200 0.236614 0.096400
0 0.846310 0.178800 0.226628 0.152600
0 0.614255 0.182050 0.223878 0.149500
0 0.143560 0.471200 0.218524 0.135800
0 0.151230 0.771350 0.228654 0.136300
0 0.615919 0.330650 0.210999 0.139900
0 0.376194 0.909100 0.221852 0.138200
0 0.264399 0.250000 0.419971 0.272000
0 0.265195 0.617150 0.402750 0.140300
