3 0.227099 0.506778 0.215033 0.017632
4 0.224244 0.524575 0.219309 0.012547
0 0.507797 0.424680 0.303859 0.215175
2 0.426095 0.448526 0.054172 0.022308
1 0.492386 0.454076 0.027510 0.010749
1 0.492008 0.486039 0.027953 0.011199
2 0.426369 0.481304 0.053286 0.022907
5 0.582360 0.451279 0.073272 0.017642
5 0.581995 0.481329 0.084772 0.017203
3 0.507966 0.507637 0.104146 0.016354
4 0.507158 0.525514 0.151317 0.012048
0 0.820926 0.425859 0.301304 0.217413
1 0.805971 0.454146 0.034889 0.011209
1 0.806199 0.485839 0.035189 0.010899
2 0.733937 0.448397 0.063546 0.021808
2 0.733096 0.481558 0.064654 0.022657
3 0.820561 0.508067 0.252647 0.018492
4 0.819720 0.525210 0.188931 0.011618
5 0.894811 0.451264 0.071578 0.016673
5 0.895183 0.481124 0.084681 0.017213
0 0.187405 0.647278 0.321043 0.220310
1 0.303527 0.670844 0.035789 0.010939
2 0.264329 0.696973 0.157653 0.037942
3 0.296584 0.730160 0.081695 0.013986
4 0.277008 0.745914 0.118840 0.011469
1 0.928390 0.229855 0.035267 0.011359
2 0.889361 0.256019 0.160078 0.036853
3 0.855704 0.287203 0.215267 0.018581
4 0.886395 0.303851 0.152947 0.012138
0 0.185072 0.424326 0.317731 0.217882
1 0.299492 0.449590 0.027875 0.011349
2 0.260287 0.475759 0.158331 0.038971
0 0.183970 0.201783 0.317692 0.221588
1 0.301154 0.230005 0.035867 0.011658
2 0.262810 0.255964 0.156649 0.038202
3 0.252510 0.288771 0.167027 0.016563
4 0.248918 0.304560 0.173481 0.012258
0 0.507777 0.203107 0.305958 0.220559
1 0.616773 0.230155 0.027836 0.011479
2 0.579439 0.256623 0.159400 0.037922
3 0.561278 0.286938 0.180235 0.017552
4 0.557119 0.304201 0.189257 0.011798
0 0.819778 0.204296 0.303338 0.220779
0 0.507757 0.646404 0.304433 0.222478
2 0.577066 0.697233 0.156428 0.037822
1 0.614824 0.671264 0.027301 0.010759
3 0.571623 0.729910 0.156962 0.013986
4 0.571297 0.745450 0.157197 0.010759
0 0.820528 0.647303 0.303455 0.220879
1 0.930952 0.671214 0.028031 0.011099
2 0.889707 0.697098 0.158031 0.038212
3 0.872353 0.730180 0.181995 0.014166
4 0.880730 0.745644 0.165867 0.011109
0 0.185971 0.870859 0.320209 0.222238
1 0.305052 0.899750 0.028540 0.010569
2 0.264824 0.926054 0.157966 0.037682
3 0.267034 0.957542 0.141917 0.017183
4 0.256037 0.974620 0.164563 0.011459
4 0.507445 0.871184 0.304276 0.221588
1 0.616890 0.899660 0.028070 0.010749
2 0.577308 0.926009 0.158057 0.037852
3 0.579694 0.957737 0.143168 0.017932
4 0.568227 0.974870 0.163364 0.012098
0 0.820163 0.871698 0.304394 0.223117
1 0.865450 0.899840 0.028318 0.011109
2 0.824681 0.925924 0.157940 0.038462
3 0.795156 0.959031 0.206897 0.014845
4 0.830665 0.974406 0.135880 0.010330
