0 0.189119 0.198500 0.313472 0.221000
1 0.301166 0.226000 0.029793 0.012000
2 0.263601 0.252000 0.159326 0.038000
3 0.272668 0.286000 0.128238 0.016000
4 0.251943 0.301000 0.169689 0.010000
0 0.507124 0.200500 0.304404 0.217000
1 0.615933 0.226000 0.029793 0.012000
2 0.577720 0.253000 0.158031 0.040000
3 0.580959 0.285000 0.138601 0.018000
4 0.594560 0.301500 0.116580 0.011000
0 0.824482 0.200500 0.299223 0.225000
1 0.924870 0.226500 0.028497 0.013000
2 0.887953 0.253500 0.164508 0.039000
3 0.820596 0.283500 0.281088 0.019000
4 0.823187 0.301500 0.275907 0.013000
5 0.942358 0.256500 0.047927 0.031000
0 0.204663 0.423000 0.282383 0.220000
1 0.301166 0.447000 0.022021 0.012000
2 0.262306 0.472500 0.159326 0.039000
3 0.285622 0.506000 0.107513 0.016000
4 0.260363 0.521000 0.152850 0.012000
0 0.507124 0.425500 0.306995 0.223000
1 0.617228 0.446500 0.022021 0.011000
2 0.577073 0.473000 0.159326 0.038000
3 0.505181 0.505500 0.295337 0.017000
4 0.517487 0.521500 0.268135 0.013000
0 0.821891 0.426000 0.306995 0.220000
1 0.931995 0.448000 0.029793 0.012000
2 0.890544 0.474000 0.159326 0.040000
3 0.820596 0.506000 0.288860 0.014000
4 0.821244 0.521500 0.292746 0.013000
0 0.187824 0.645000 0.316062 0.218000
1 0.301813 0.672500 0.044041 0.011000
2 0.263601 0.699000 0.156736 0.038000
3 0.209845 0.731000 0.256477 0.016000
4 0.247409 0.747000 0.181347 0.012000
0 0.509067 0.645500 0.303109 0.215000
1 0.617228 0.672000 0.027202 0.012000
2 0.579016 0.698500 0.158031 0.039000
3 0.510363 0.732000 0.279793 0.016000
4 0.540803 0.747000 0.226684 0.010000
0 0.821891 0.647000 0.304404 0.218000
1 0.932642 0.672500 0.028497 0.011000
2 0.890544 0.699000 0.156736 0.038000
3 0.843912 0.731500 0.242228 0.015000
4 0.839378 0.747000 0.251295 0.012000
0 0.343912 0.878000 0.636010 0.236000
1 0.609456 0.885000 0.032383 0.014000
2 0.563472 0.916500 0.191710 0.045000
3 0.482513 0.956000 0.338083 0.016000
4 0.455311 0.975000 0.389896 0.016000
0 0.822539 0.871000 0.305699 0.224000
1 0.870466 0.899500 0.025907 0.011000
2 0.829663 0.926000 0.159326 0.038000
3 0.837435 0.959000 0.130829 0.014000
4 0.814119 0.975000 0.177461 0.012000
