0 0.216515 0.225500 0.256177 0.217000
1 0.296489 0.248500 0.039012 0.011000
2 0.258127 0.275500 0.162549 0.037000
3 0.213264 0.307000 0.236671 0.016000
4 0.237321 0.323500 0.188557 0.011000
5 0.314044 0.279000 0.048114 0.026000
0 0.541612 0.223500 0.235371 0.219000
1 0.615735 0.247000 0.040312 0.012000
2 0.576073 0.274000 0.163849 0.040000
3 0.546164 0.305500 0.205462 0.017000
4 0.554616 0.321500 0.185956 0.013000
5 0.630689 0.277500 0.044213 0.027000
0 0.815995 0.221500 0.310793 0.223000
1 0.927178 0.249000 0.041612 0.012000
2 0.888817 0.275500 0.162549 0.039000
3 0.814694 0.307000 0.297789 0.014000
4 0.862159 0.323000 0.202861 0.012000
5 0.946034 0.278000 0.042913 0.028000
0 0.204161 0.445500 0.286086 0.221000
1 0.295839 0.468000 0.042913 0.012000
2 0.256177 0.496000 0.163849 0.040000
3 0.203511 0.526500 0.256177 0.015000
4 0.228869 0.542500 0.205462 0.011000
5 0.311443 0.498500 0.048114 0.029000
0 0.520806 0.444000 0.284785 0.218000
1 0.615735 0.466500 0.040312 0.013000
2 0.576073 0.494000 0.161248 0.038000
3 0.514954 0.525500 0.267880 0.017000
4 0.545514 0.541500 0.209363 0.011000
5 0.631990 0.497000 0.044213 0.028000
0 0.829649 0.444500 0.296489 0.221000
1 0.918726 0.468000 0.042913 0.012000
2 0.881014 0.496000 0.162549 0.040000
3 0.839402 0.529500 0.227568 0.015000
4 0.843953 0.544000 0.221066 0.012000
0 0.226918 0.671500 0.250975 0.215000
1 0.295839 0.687500 0.042913 0.013000
2 0.258778 0.715500 0.161248 0.041000
3 0.237321 0.747000 0.185956 0.016000
4 0.249025 0.763500 0.162549 0.013000
5 0.312094 0.718000 0.044213 0.028000
5 0.935631 0.499500 0.048114 0.029000
0 0.545514 0.664500 0.230169 0.219000
1 0.614434 0.688500 0.042913 0.013000
2 0.576723 0.716000 0.159948 0.040000
3 0.548765 0.749000 0.200260 0.016000
4 0.558518 0.764000 0.178153 0.012000
5 0.631339 0.718000 0.042913 0.030000
0 0.824447 0.665000 0.293888 0.218000
1 0.915475 0.688500 0.041612 0.013000
2 0.878414 0.715500 0.162549 0.039000
3 0.855007 0.746500 0.191157 0.015000
4 0.859558 0.762500 0.182055 0.013000
0 0.309493 0.885500 0.314694 0.209000
1 0.418075 0.892500 0.042913 0.013000
2 0.379714 0.920000 0.161248 0.040000
3 0.312094 0.960000 0.278283 0.030000
4 0.333550 0.983500 0.237971 0.011000
5 0.433680 0.923500 0.045514 0.025000
5 0.934330 0.718000 0.045514 0.028000
0 0.734720 0.885000 0.317295 0.214000
1 0.842653 0.891500 0.041612 0.013000
2 0.802991 0.919500 0.159948 0.039000
3 0.736671 0.958500 0.279584 0.031000
4 0.758778 0.981500 0.237971 0.013000
5 0.858908 0.921500 0.042913 0.029000
