0 0.513672 0.321000 0.529948 0.404000
1 0.727214 0.470500 0.045573 0.011000
2 0.690755 0.498000 0.162760 0.042000
5 0.745443 0.501000 0.045573 0.028000
0 0.191406 0.656000 0.307292 0.222000
1 0.297526 0.682000 0.050781 0.012000
2 0.258464 0.708000 0.162760 0.038000
3 0.181641 0.740500 0.287760 0.015000
4 0.239583 0.755500 0.182292 0.013000
5 0.311849 0.711500 0.045573 0.027000
0 0.509766 0.656500 0.316406 0.217000
1 0.611979 0.682000 0.041667 0.012000
2 0.577474 0.708500 0.162760 0.039000
3 0.500651 0.739500 0.290365 0.015000
4 0.523438 0.755500 0.250000 0.013000
5 0.632161 0.711000 0.048177 0.028000
0 0.820964 0.656500 0.279948 0.219000
1 0.909505 0.665000 0.019531 0.012000
2 0.871745 0.693500 0.162760 0.041000
3 0.835286 0.731500 0.220052 0.031000
4 0.833333 0.756000 0.229167 0.012000
5 0.927083 0.695000 0.046875 0.030000
0 0.294271 0.871000 0.367188 0.204000
1 0.428385 0.890000 0.041667 0.012000
2 0.389323 0.917000 0.164062 0.040000
3 0.353516 0.948000 0.214844 0.016000
4 0.396484 0.965000 0.134115 0.012000
5 0.445312 0.921000 0.041667 0.028000
0 0.725911 0.871000 0.394531 0.206000
1 0.864583 0.890000 0.041667 0.012000
2 0.827474 0.917000 0.162760 0.040000
3 0.720703 0.948500 0.352865 0.015000
4 0.742839 0.965000 0.311198 0.012000
5 0.883464 0.920000 0.045573 0.030000
