0 0.524089 0.224000 0.613281 0.208000
1 0.777344 0.238500 0.041667 0.013000
2 0.743490 0.266000 0.161458 0.040000
3 0.670573 0.297000 0.286458 0.016000
4 0.706380 0.314000 0.214844 0.014000
5 0.796875 0.268500 0.046875 0.029000
0 0.598307 0.437000 0.639323 0.214000
1 0.845703 0.459500 0.042969 0.013000
2 0.809245 0.487000 0.160156 0.038000
3 0.755208 0.519000 0.250000 0.016000
4 0.752604 0.535500 0.255208 0.013000
5 0.862630 0.489000 0.048177 0.028000
0 0.322266 0.657000 0.277344 0.214000
1 0.404297 0.680500 0.042969 0.011000
2 0.366536 0.707000 0.165365 0.038000
3 0.380208 0.739000 0.119792 0.016000
4 0.358073 0.755000 0.161458 0.012000
5 0.422526 0.710500 0.045573 0.027000
0 0.764974 0.658500 0.350260 0.221000
1 0.883464 0.680000 0.050781 0.012000
2 0.843099 0.707500 0.167969 0.039000
3 0.764974 0.739000 0.303385 0.018000
4 0.787760 0.755000 0.263021 0.012000
5 0.899740 0.711000 0.041667 0.028000
0 0.740234 0.878000 0.332031 0.210000
1 0.848958 0.894000 0.044271 0.012000
2 0.810547 0.921000 0.165365 0.040000
3 0.735677 0.953500 0.296875 0.015000
4 0.756510 0.969500 0.255208 0.013000
5 0.865885 0.924500 0.046875 0.027000
0 0.164062 0.868000 0.239583 0.204000
1 0.220703 0.857000 0.040365 0.012000
2 0.180990 0.885000 0.161458 0.040000
3 0.167318 0.924000 0.175781 0.030000
4 0.180990 0.955000 0.143229 0.026000
5 0.235026 0.889000 0.045573 0.028000
0 0.391927 0.881500 0.192708 0.177000
1 0.441406 0.857500 0.041667 0.013000
2 0.402344 0.885000 0.161458 0.040000
3 0.402344 0.922500 0.148438 0.033000
4 0.394531 0.954500 0.164062 0.027000
5 0.458333 0.887500 0.044271 0.031000
