2 0.181490 0.207085 0.131113 0.029550
2 0.911538 0.570245 0.132363 0.029090
5 0.956181 0.570245 0.045577 0.029090
3 0.864712 0.592285 0.214780 0.012270
4 0.864402 0.611375 0.176690 0.019550
0 0.143420 0.718900 0.207527 0.160360
1 0.217218 0.733355 0.043448 0.009270
2 0.181635 0.755170 0.129615 0.030000
5 0.226587 0.755720 0.041195 0.030000
3 0.134437 0.779690 0.129615 0.012600
0 0.389018 0.175590 0.203036 0.156540
4 0.132576 0.794725 0.173860 0.008750
0 0.386195 0.719175 0.210577 0.179450
1 0.463345 0.724085 0.039712 0.011450
2 0.425501 0.746175 0.133365 0.029450
5 0.470460 0.745630 0.041964 0.028360
3 0.372315 0.774535 0.155838 0.022910
4 0.371559 0.799625 0.181305 0.019630
0 0.625179 0.719995 0.221016 0.177810
1 0.704217 0.734990 0.041951 0.013640
2 0.669375 0.757350 0.134107 0.030000
5 0.713578 0.757080 0.042706 0.029460
3 0.623297 0.781870 0.137857 0.012600
4 0.619176 0.799355 0.179066 0.019090
0 0.864533 0.723560 0.218736 0.169680
1 0.944718 0.736900 0.046442 0.013100
2 0.909128 0.759265 0.131113 0.029450
5 0.954087 0.759535 0.039712 0.029990
3 0.865302 0.782710 0.193297 0.012020
4 0.861552 0.799355 0.212775 0.016910
0 0.863049 0.907350 0.203791 0.136900
1 0.936484 0.909530 0.049451 0.012540
2 0.898647 0.933805 0.131113 0.029450
5 0.944341 0.933530 0.038214 0.028900
3 0.860433 0.961320 0.173063 0.010420
4 0.861930 0.972255 0.201552 0.007090
0 0.619931 0.897260 0.222527 0.164720
1 0.701223 0.896715 0.049451 0.015270
2 0.664505 0.919600 0.133352 0.031600
5 0.710206 0.919595 0.041951 0.030590
3 0.616559 0.948530 0.214272 0.019640
1 0.219251 0.185310 0.041168 0.010980
4 0.615810 0.970075 0.214286 0.019090
0 0.375309 0.899440 0.247239 0.158180
1 0.467837 0.893985 0.050206 0.013090
2 0.431875 0.916895 0.134107 0.029450
5 0.479821 0.916625 0.038214 0.028910
3 0.374931 0.947715 0.222527 0.021270
4 0.374931 0.970070 0.247995 0.018000
0 0.137054 0.908985 0.220261 0.141270
1 0.209732 0.911165 0.056937 0.013630
2 0.170021 0.934075 0.130371 0.029990
5 0.216848 0.933530 0.038201 0.030000
3 0.127720 0.960800 0.123681 0.008180
4 0.129938 0.974460 0.183558 0.010320
0 0.139629 0.181700 0.213984 0.147920
4 0.138049 0.251405 0.191978 0.009090
3 0.137527 0.239665 0.181593 0.008330
5 0.227521 0.207105 0.038008 0.029590
1 0.945254 0.547745 0.047459 0.014090
1 0.212452 0.364975 0.043695 0.014090
0 0.138173 0.353180 0.208489 0.166760
4 0.859911 0.247315 0.175316 0.008730
3 0.860282 0.236135 0.140096 0.008190
5 0.952060 0.212135 0.041951 0.028910
2 0.907479 0.212135 0.131113 0.028910
1 0.944567 0.191140 0.041964 0.014180
0 0.873022 0.175320 0.201538 0.153820
4 0.620907 0.256040 0.194808 0.021820
3 0.619409 0.234770 0.226264 0.020720
5 0.707816 0.203405 0.041951 0.031090
2 0.664361 0.203410 0.130371 0.030000
1 0.701442 0.180500 0.047198 0.012540
0 0.619032 0.180795 0.227019 0.172410
4 0.378530 0.249770 0.140110 0.009280
3 0.377033 0.238045 0.116126 0.008730
5 0.465440 0.211315 0.047198 0.029450
2 0.424224 0.211870 0.131140 0.030540
1 0.459073 0.190320 0.043448 0.012540
2 0.175927 0.387690 0.131745 0.030420
5 0.218695 0.387930 0.046209 0.030000
3 0.134409 0.417450 0.141099 0.009140
4 0.135343 0.431790 0.202912 0.008640
0 0.386957 0.356110 0.209162 0.160900
1 0.460941 0.365205 0.044959 0.010910
2 0.425357 0.387475 0.131126 0.030910
5 0.468750 0.387475 0.044341 0.030910
3 0.377905 0.417680 0.167321 0.010500
4 0.380714 0.432245 0.189176 0.008630
0 0.620158 0.360885 0.218530 0.172270
1 0.692891 0.367020 0.049327 0.012720
2 0.654808 0.390200 0.131731 0.031820
5 0.698510 0.389975 0.044327 0.031370
3 0.627521 0.418400 0.195783 0.013600
4 0.620076 0.436635 0.218777 0.019630
0 0.868070 0.358095 0.218777 0.178910
1 0.948620 0.366005 0.045701 0.013630
2 0.911909 0.387825 0.126621 0.031090
5 0.954609 0.388095 0.042706 0.030550
3 0.867308 0.419170 0.175275 0.010940
4 0.868077 0.436905 0.190302 0.019090
0 0.140096 0.537670 0.213626 0.179860
1 0.219629 0.550790 0.041841 0.013180
2 0.181051 0.572965 0.131113 0.029090
5 0.225371 0.572515 0.041209 0.029090
3 0.132349 0.599330 0.198544 0.011820
4 0.132974 0.617965 0.192294 0.019090
0 0.381154 0.543880 0.222885 0.170000
1 0.461380 0.552060 0.042459 0.011820
2 0.425824 0.574090 0.132418 0.029580
5 0.469815 0.574105 0.044327 0.030450
3 0.380838 0.599560 0.189808 0.013180
4 0.377720 0.619105 0.189808 0.019550
0 0.628709 0.537970 0.221016 0.159080
1 0.705817 0.547290 0.046827 0.015000
2 0.670227 0.570245 0.130481 0.030910
5 0.714245 0.570245 0.041209 0.030910
3 0.614348 0.601605 0.129876 0.009090
4 0.613413 0.612740 0.190426 0.008640
0 0.867837 0.536605 0.222266 0.169990
