4 0.862843 0.970075 0.202280 0.017010
4 0.870172 0.435520 0.184299 0.017940
0 0.141339 0.545615 0.230151 0.161670
2 0.171003 0.565250 0.095302 0.030760
5 0.236195 0.564920 0.033269 0.028800
3 0.135941 0.595655 0.149245 0.021010
4 0.138194 0.617940 0.225673 0.017020
0 0.375069 0.543325 0.226511 0.170170
2 0.405220 0.567510 0.096209 0.031480
5 0.470405 0.566855 0.034162 0.030170
3 0.379595 0.596965 0.215783 0.021010
4 0.379595 0.618270 0.212184 0.018980
0 0.620996 0.541030 0.223860 0.174760
2 0.650666 0.576345 0.096195 0.032130
5 0.716291 0.576670 0.033269 0.031480
3 0.617850 0.601545 0.217569 0.009230
4 0.616497 0.618235 0.135769 0.021670
0 0.863290 0.538745 0.228365 0.178030
1 0.212816 0.724595 0.047637 0.013150
2 0.158874 0.746195 0.097995 0.030170
5 0.224052 0.746195 0.032363 0.032790
3 0.133695 0.775975 0.169918 0.024290
4 0.130556 0.799210 0.152843 0.019700
0 0.379141 0.723975 0.222074 0.168870
1 0.462308 0.720665 0.043159 0.015770
2 0.406552 0.742265 0.097060 0.028870
5 0.471751 0.742955 0.035069 0.027490
3 0.380488 0.775645 0.149245 0.023630
4 0.377342 0.799245 0.135755 0.019630
0 0.623242 0.736740 0.217582 0.143340
1 0.698764 0.736375 0.046758 0.014470
2 0.645268 0.757975 0.096195 0.028870
5 0.712246 0.757975 0.037761 0.028870
3 0.622788 0.781535 0.216676 0.009230
4 0.625488 0.798885 0.186113 0.020350
0 0.870488 0.726920 0.212184 0.143340
1 0.945543 0.733755 0.047679 0.011850
2 0.892081 0.757650 0.097074 0.029520
5 0.959499 0.757025 0.034162 0.028150
3 0.865996 0.781210 0.070124 0.011200
4 0.867335 0.793680 0.180714 0.008500
0 0.132349 0.897750 0.213984 0.161660
1 0.213716 0.893790 0.049437 0.012500
4 0.640446 0.246465 0.235261 0.029450
2 0.157527 0.914735 0.095302 0.030830
5 0.222706 0.916045 0.033269 0.030830
3 0.135522 0.946160 0.195165 0.021680
4 0.136394 0.969750 0.207679 0.018980
0 0.384121 0.897405 0.212253 0.163590
1 0.461408 0.896405 0.044959 0.013810
2 0.405220 0.919320 0.096209 0.029520
5 0.471298 0.918040 0.034162 0.028140
3 0.379141 0.946185 0.155536 0.022910
4 0.378654 0.969420 0.161923 0.020940
0 0.620543 0.905605 0.221168 0.144650
1 0.701016 0.908840 0.045852 0.012500
2 0.647067 0.929490 0.098008 0.031420
5 0.712699 0.929490 0.035069 0.028800
3 0.620549 0.951715 0.222967 0.011850
4 0.618297 0.969745 0.195110 0.017670
0 0.867788 0.895785 0.212170 0.166910
1 0.947809 0.894440 0.043146 0.012500
2 0.890714 0.916400 0.096209 0.028800
5 0.957699 0.916075 0.034162 0.029450
1 0.214224 0.190260 0.044959 0.014180
1 0.459217 0.179625 0.052445 0.014730
1 0.589210 0.174990 0.039712 0.012000
1 0.706463 0.172535 0.034464 0.009270
1 0.946971 0.180995 0.050948 0.010910
1 0.219471 0.357795 0.050206 0.013150
1 0.457720 0.369495 0.051703 0.013630
1 0.703468 0.366250 0.056195 0.011400
3 0.866429 0.418310 0.173819 0.010900
1 0.939849 0.370340 0.040467 0.010960
1 0.228551 0.541985 0.044959 0.011850
1 0.460062 0.544925 0.056635 0.013810
1 0.705055 0.553765 0.044945 0.013150
1 0.947363 0.552130 0.049451 0.012500
2 0.890714 0.575690 0.101593 0.032140
5 0.959945 0.574710 0.035055 0.034100
3 0.861497 0.598925 0.222967 0.009230
4 0.863743 0.617255 0.133970 0.021010
0 0.130103 0.726265 0.222074 0.164290
5 0.952184 0.392725 0.033764 0.028350
2 0.885907 0.393545 0.097390 0.026730
0 0.867527 0.363770 0.204505 0.161460
4 0.621799 0.434700 0.182060 0.020680
3 0.621051 0.415610 0.203036 0.012060
5 0.714334 0.389430 0.037459 0.031580
2 0.649121 0.389715 0.094341 0.029970
0 0.624423 0.363000 0.220275 0.166360
4 0.379430 0.434975 0.176827 0.020230
3 0.370062 0.414820 0.188063 0.010360
5 0.469712 0.391065 0.033709 0.030490
2 0.403777 0.391640 0.096648 0.031640
0 0.374931 0.361915 0.223269 0.165270
4 0.134808 0.441520 0.221016 0.031140
3 0.135934 0.411830 0.218791 0.025060
5 0.231834 0.379340 0.037459 0.028960
2 0.164032 0.379615 0.098146 0.029510
0 0.138180 0.377460 0.224766 0.159280
4 0.862713 0.255720 0.164135 0.017440
3 0.864918 0.234400 0.191044 0.024000
5 0.958578 0.203355 0.035206 0.029450
2 0.893393 0.204445 0.096648 0.030550
0 0.865673 0.185900 0.221016 0.158180
3 0.618056 0.220535 0.227761 0.025630
5 0.715082 0.190810 0.029231 0.021820
2 0.664883 0.191080 0.072679 0.022360
5 0.599705 0.192720 0.026223 0.025640
2 0.548757 0.193265 0.075673 0.024550
0 0.622555 0.182355 0.236758 0.167450
4 0.380556 0.254900 0.199299 0.018000
3 0.379025 0.230645 0.151291 0.020690
5 0.471587 0.201995 0.035206 0.031090
2 0.405652 0.202535 0.096662 0.031090
0 0.380549 0.179355 0.217280 0.170170
4 0.133310 0.250805 0.226264 0.006550
3 0.132562 0.237145 0.181305 0.010970
5 0.225838 0.212355 0.035220 0.028910
2 0.160288 0.212105 0.095907 0.030590
0 0.133681 0.178260 0.227005 0.152720
3 0.863290 0.948805 0.165426 0.020290
