1 0.456745 0.878340 0.045357 0.014500
0 0.134828 0.183295 0.221140 0.168210
1 0.215845 0.172045 0.050316 0.013930
2 0.161978 0.195265 0.095687 0.032510
5 0.227184 0.194490 0.036154 0.029920
3 0.132919 0.223900 0.217596 0.020640
4 0.140357 0.251760 0.165852 0.030960
0 0.381690 0.188555 0.226099 0.153250
1 0.462843 0.194235 0.052445 0.013930
2 0.410749 0.215900 0.097102 0.030440
5 0.476696 0.217215 0.034794 0.029970
3 0.379918 0.238345 0.221126 0.011350
4 0.382047 0.255890 0.189945 0.018580
0 0.621964 0.188040 0.224670 0.156340
1 0.591607 0.179275 0.037912 0.008630
2 0.548784 0.196475 0.077266 0.024410
5 0.601202 0.196475 0.026580 0.024410
1 0.712685 0.178920 0.043805 0.011500
2 0.669128 0.196830 0.076772 0.024400
5 0.720804 0.196675 0.025591 0.024010
3 0.622617 0.231055 0.164876 0.022610
4 0.624341 0.256850 0.187033 0.019740
0 0.870735 0.178650 0.209794 0.175440
1 0.946896 0.181255 0.055934 0.012430
2 0.893063 0.202640 0.097088 0.030440
5 0.957562 0.202380 0.033310 0.030960
3 0.868255 0.233085 0.141044 0.023210
4 0.867548 0.256820 0.203420 0.018060
0 0.879945 0.365230 0.194203 0.161500
1 0.946223 0.358210 0.053159 0.013420
2 0.893771 0.380915 0.095673 0.029930
5 0.958269 0.379880 0.034725 0.029920
3 0.862225 0.413420 0.130412 0.022700
4 0.863647 0.437415 0.163008 0.017030
0 0.619979 0.364400 0.231772 0.165120
1 0.705027 0.355295 0.050330 0.013990
2 0.650453 0.378280 0.097088 0.030960
5 0.716016 0.379055 0.032610 0.030450
3 0.619622 0.404600 0.232486 0.020640
4 0.623846 0.430410 0.182802 0.030980
0 0.382527 0.362790 0.201978 0.166220
1 0.453413 0.357615 0.047486 0.013470
2 0.399554 0.379030 0.097102 0.032560
5 0.464760 0.379545 0.034739 0.031530
3 0.372624 0.411795 0.183571 0.023790
4 0.372665 0.436085 0.182143 0.019570
0 0.141209 0.360740 0.205549 0.169240
1 0.215625 0.364325 0.051030 0.013470
2 0.161374 0.386770 0.097033 0.029460
5 0.226257 0.386795 0.034025 0.029410
3 0.132349 0.420075 0.187830 0.009290
4 0.133056 0.436325 0.189245 0.019090
0 0.135185 0.541585 0.234602 0.172850
2 0.057576 0.551910 0.077953 0.025280
5 0.110021 0.551650 0.025508 0.024760
1 0.100453 0.533850 0.043242 0.009800
1 0.223070 0.532790 0.041827 0.010880
2 0.180900 0.552400 0.079382 0.024300
5 0.234059 0.552140 0.025508 0.024820
3 0.133413 0.584650 0.223970 0.024820
4 0.134093 0.613045 0.212582 0.029910
0 0.378647 0.545200 0.231058 0.143960
1 0.470076 0.479385 0.029766 0.008310
2 0.426133 0.497190 0.076552 0.024300
5 0.478908 0.496155 0.028997 0.025330
1 0.471140 0.516280 0.034725 0.010880
2 0.425419 0.534600 0.076552 0.024820
5 0.477871 0.534080 0.026923 0.023780
1 0.470076 0.554720 0.031195 0.008300
2 0.425776 0.572005 0.077266 0.024310
5 0.478578 0.572005 0.026937 0.025330
3 0.377225 0.602450 0.172940 0.011920
4 0.379348 0.613050 0.231058 0.007220
0 0.624588 0.542365 0.222555 0.170270
1 0.706092 0.538465 0.049602 0.013990
2 0.652940 0.560655 0.094973 0.030490
5 0.717788 0.560655 0.034725 0.031530
3 0.622074 0.595485 0.194863 0.023770
4 0.624231 0.618980 0.223269 0.018060
0 0.866614 0.541580 0.227486 0.172840
1 0.950254 0.543370 0.054574 0.012440
2 0.897109 0.566075 0.097102 0.031010
5 0.962315 0.565320 0.033310 0.030440
3 0.866985 0.598835 0.226799 0.008830
4 0.868633 0.617570 0.154025 0.019460
0 0.139224 0.735675 0.242404 0.144010
1 0.224629 0.733865 0.038984 0.012430
1 0.102720 0.734645 0.041813 0.012950
2 0.059842 0.752960 0.077953 0.024820
5 0.114066 0.753475 0.029066 0.023790
2 0.180337 0.752185 0.075124 0.024310
5 0.232074 0.752425 0.031181 0.024850
3 0.139224 0.779015 0.198448 0.009850
4 0.132514 0.797635 0.129753 0.019130
0 0.378784 0.722800 0.229629 0.151180
1 0.470927 0.717875 0.039684 0.010370
1 0.345453 0.717870 0.042555 0.013460
2 0.303654 0.736735 0.077967 0.024250
5 0.355398 0.736475 0.025522 0.023730
2 0.426628 0.736470 0.075838 0.025800
5 0.478723 0.736215 0.028352 0.025290
3 0.375598 0.762785 0.179327 0.021670
4 0.377727 0.788325 0.206250 0.019090
0 0.619766 0.728190 0.215467 0.158980
1 0.701277 0.721225 0.042527 0.015010
2 0.644567 0.742920 0.096387 0.028380
5 0.710488 0.743180 0.032596 0.029920
3 0.617280 0.775145 0.150962 0.020690
4 0.616573 0.798390 0.210508 0.019600
0 0.863929 0.729505 0.221841 0.155310
1 0.945797 0.715035 0.045357 0.015010
2 0.890508 0.738255 0.097802 0.030490
5 0.957486 0.737995 0.034725 0.031010
3 0.863929 0.769730 0.165137 0.024300
4 0.863578 0.796330 0.192788 0.020640
0 0.866408 0.886880 0.216882 0.142920
1 0.945440 0.876275 0.051731 0.012430
2 0.892280 0.897430 0.095687 0.029980
5 0.957493 0.897945 0.033310 0.031010
3 0.865350 0.926070 0.131113 0.022240
4 0.864993 0.949315 0.164437 0.019090
0 0.621181 0.891265 0.214038 0.132090
1 0.698441 0.872925 0.055288 0.012950
2 0.644574 0.894595 0.097802 0.030490
5 0.710488 0.895365 0.034025 0.031010
3 0.621538 0.926870 0.214753 0.020640
4 0.621889 0.948540 0.198448 0.018580
0 0.378434 0.890465 0.214753 0.136790
2 0.400755 0.901040 0.096401 0.029980
5 0.468091 0.900785 0.035440 0.030490
3 0.378077 0.931745 0.212637 0.007790
4 0.380913 0.949055 0.161607 0.019610
0 0.144890 0.891010 0.211209 0.120220
1 0.220735 0.878600 0.051030 0.015020
2 0.166154 0.902075 0.097802 0.031010
5 0.231717 0.902075 0.034725 0.032050
3 0.139931 0.934065 0.163022 0.010370
4 0.142768 0.946995 0.206964 0.009290
