3 0.383777 0.583660 0.146099 0.022960
4 0.379279 0.607685 0.185069 0.019630
0 0.623901 0.535140 0.217280 0.164720
1 0.704821 0.532660 0.046456 0.012600
2 0.648249 0.554480 0.098146 0.030060
5 0.715302 0.555025 0.035962 0.031150
3 0.616030 0.585040 0.198544 0.023480
4 0.616030 0.607960 0.195549 0.018000
0 0.868901 0.534050 0.223269 0.168000
1 0.944945 0.545755 0.050192 0.013690
2 0.893249 0.568660 0.095151 0.032240
5 0.958805 0.568660 0.032967 0.032240
3 0.868152 0.592115 0.205288 0.009330
4 0.869650 0.608775 0.217266 0.018550
0 0.865900 0.711595 0.214272 0.169630
1 0.944938 0.723560 0.042706 0.012600
2 0.888750 0.746200 0.096648 0.032780
5 0.954684 0.747015 0.033709 0.033330
3 0.862157 0.770200 0.203791 0.012060
4 0.864025 0.788225 0.135604 0.016370
0 0.626902 0.712135 0.218777 0.173990
1 0.706319 0.713750 0.041951 0.012600
2 0.650501 0.737475 0.095151 0.031690
5 0.717177 0.736930 0.035206 0.032780
3 0.621683 0.765615 0.151415 0.021230
4 0.629526 0.789040 0.213530 0.020180
0 0.379650 0.715685 0.224766 0.165810
1 0.460192 0.712955 0.054698 0.015270
2 0.408503 0.735865 0.096648 0.031630
5 0.474430 0.736140 0.033723 0.032180
3 0.381532 0.766135 0.161085 0.021270
4 0.382651 0.789315 0.155852 0.018550
0 0.133908 0.717590 0.229272 0.163080
1 0.217816 0.727110 0.049451 0.012060
2 0.163503 0.749200 0.096648 0.031140
5 0.229808 0.749475 0.037473 0.031690
3 0.131284 0.770200 0.206030 0.010960
4 0.130529 0.789065 0.146085 0.020130
0 0.136154 0.898675 0.217280 0.163090
1 0.216326 0.904650 0.047953 0.012600
2 0.162754 0.927010 0.098146 0.030060
5 0.229059 0.927285 0.034464 0.031690
3 0.137260 0.950195 0.208997 0.012050
4 0.139526 0.969855 0.159574 0.020730
0 0.378901 0.893765 0.226264 0.171810
1 0.461319 0.892920 0.055440 0.012060
2 0.407747 0.915830 0.096648 0.030600
5 0.474430 0.916105 0.036717 0.031150
3 0.380398 0.947765 0.220275 0.022370
4 0.381154 0.969585 0.199286 0.019090
0 0.639258 0.897860 0.195549 0.162540
1 0.708187 0.901105 0.047198 0.013150
2 0.654245 0.923465 0.096648 0.029510
5 0.719801 0.923465 0.034464 0.031690
3 0.625021 0.952100 0.150591 0.010420
4 0.625021 0.969855 0.167074 0.018550
0 0.864780 0.895405 0.222527 0.169630
1 0.948688 0.885015 0.053201 0.013690
2 0.894746 0.907105 0.095151 0.029510
5 0.959560 0.906830 0.032967 0.031140
3 0.866648 0.936560 0.193297 0.020780
4 0.864780 0.965765 0.222527 0.029990
5 0.477424 0.557480 0.036717 0.030600
2 0.409622 0.557480 0.097404 0.030600
1 0.466937 0.534295 0.048709 0.013690
0 0.390893 0.532145 0.208297 0.169630
4 0.137294 0.614200 0.234478 0.018600
3 0.140275 0.592390 0.179066 0.020780
5 0.234299 0.564565 0.038956 0.031690
2 0.166126 0.564025 0.097390 0.031690
1 0.218571 0.541660 0.052445 0.013140
0 0.135742 0.537325 0.236071 0.173450
4 0.137988 0.427965 0.198613 0.028910
3 0.133901 0.392235 0.206786 0.037090
5 0.227933 0.356785 0.036717 0.029450
2 0.163125 0.356780 0.094409 0.030560
1 0.218201 0.334935 0.044203 0.013130
0 0.136902 0.359215 0.218777 0.166410
4 0.377782 0.426325 0.209025 0.031090
3 0.378159 0.398760 0.226264 0.020780
5 0.475927 0.372035 0.035206 0.031690
2 0.409245 0.372035 0.096648 0.031690
1 0.461696 0.349395 0.051690 0.013690
0 0.377404 0.355395 0.233764 0.172950
4 0.618249 0.426600 0.183640 0.018540
3 0.617905 0.404235 0.185810 0.022910
5 0.718304 0.372575 0.035975 0.031690
2 0.652740 0.372580 0.095151 0.030600
1 0.707067 0.350485 0.044959 0.011510
0 0.628022 0.351600 0.216538 0.168540
4 0.864032 0.426600 0.144602 0.019640
3 0.861408 0.405055 0.160343 0.021270
5 0.959554 0.373420 0.034464 0.032180
2 0.893249 0.373120 0.098146 0.030600
1 0.947940 0.350295 0.048709 0.013630
0 0.867376 0.351205 0.217940 0.169650
4 0.863063 0.244785 0.230879 0.018070
3 0.863056 0.222795 0.209299 0.024350
5 0.956387 0.189015 0.035604 0.030630
2 0.890034 0.189015 0.097102 0.030630
1 0.945591 0.165845 0.055027 0.012570
0 0.863599 0.172525 0.229808 0.162590
4 0.618695 0.254600 0.149973 0.022000
3 0.617610 0.229470 0.154286 0.023560
5 0.716868 0.199975 0.031291 0.033850
2 0.651600 0.200760 0.097102 0.029140
1 0.702843 0.178375 0.052857 0.014210
0 0.621930 0.179200 0.223338 0.171220
4 0.377026 0.254995 0.197431 0.019630
3 0.373249 0.232605 0.181250 0.021990
5 0.473049 0.203900 0.035604 0.029140
2 0.408310 0.203905 0.093874 0.030710
1 0.461174 0.181910 0.052871 0.015000
0 0.380234 0.183120 0.221126 0.163360
4 0.140206 0.256170 0.183407 0.020420
3 0.137507 0.233750 0.132706 0.021280
5 0.229753 0.205120 0.034533 0.029840
2 0.163942 0.206650 0.097088 0.029900
1 0.217885 0.184660 0.047473 0.012640
0 0.135879 0.180340 0.224396 0.173660
