3 0.375089 0.953440 0.221580 0.009680
0 0.135495 0.177645 0.205879 0.151850
1 0.211463 0.193680 0.050343 0.009820
2 0.153929 0.214625 0.095302 0.029450
5 0.219560 0.213965 0.032363 0.029450
3 0.120357 0.237160 0.089286 0.010460
4 0.120982 0.249775 0.147349 0.006870
0 0.378633 0.183995 0.222926 0.163630
1 0.461319 0.190505 0.038654 0.013810
2 0.405124 0.212430 0.095302 0.031480
5 0.472555 0.213085 0.035962 0.031490
3 0.378606 0.239265 0.222074 0.010530
4 0.380398 0.256315 0.200495 0.018330
1 0.921641 0.345355 0.076607 0.021290
1 0.217129 0.372845 0.052857 0.016570
1 0.454485 0.368920 0.052871 0.013440
1 0.213393 0.553970 0.043077 0.012280
1 0.454073 0.552155 0.053695 0.012270
1 0.701951 0.554650 0.049945 0.013640
1 0.938578 0.553285 0.039959 0.012730
3 0.377349 0.419190 0.155357 0.011860
4 0.376834 0.430970 0.214739 0.008720
0 0.135639 0.545565 0.212239 0.163630
2 0.160007 0.575785 0.097404 0.030450
5 0.224918 0.575555 0.033681 0.030890
3 0.136909 0.601470 0.162335 0.008180
4 0.135652 0.618060 0.213530 0.019540
0 0.380076 0.544860 0.210426 0.167680
2 0.403819 0.573745 0.095522 0.030910
5 0.468125 0.573745 0.034327 0.030910
3 0.378530 0.602375 0.192308 0.009090
4 0.380398 0.619395 0.209780 0.019590
0 0.629519 0.536240 0.202280 0.163180
2 0.647940 0.577605 0.098022 0.031370
5 0.714430 0.577835 0.033723 0.030910
3 0.616717 0.603285 0.114258 0.009090
4 0.617033 0.613740 0.166071 0.007280
0 0.863338 0.537605 0.227885 0.160450
2 0.883008 0.576240 0.096154 0.030460
5 0.948565 0.575560 0.034959 0.030000
3 0.864904 0.600330 0.193544 0.013180
4 0.863654 0.613290 0.227253 0.008180
0 0.135130 0.730325 0.202953 0.158890
0 0.384663 0.729395 0.196552 0.138450
0 0.616957 0.717040 0.232294 0.163920
1 0.208537 0.733535 0.052294 0.016770
1 0.455309 0.734050 0.052294 0.013560
1 0.691964 0.733080 0.046978 0.014200
2 0.154828 0.756635 0.096607 0.030330
2 0.399918 0.757600 0.095714 0.029680
2 0.638345 0.755990 0.099272 0.030320
2 0.398091 0.925695 0.095824 0.030330
2 0.163201 0.934730 0.097582 0.030320
2 0.647157 0.916340 0.094038 0.029680
1 0.215982 0.912470 0.055838 0.014200
1 0.451758 0.902790 0.050522 0.015480
1 0.703482 0.894725 0.048750 0.013550
0 0.135769 0.903435 0.221593 0.149710
0 0.375563 0.899890 0.224203 0.156820
0 0.624162 0.896985 0.225137 0.165190
5 0.220859 0.755990 0.031909 0.029040
5 0.465495 0.756935 0.033681 0.030930
5 0.703935 0.755025 0.031909 0.028390
5 0.228832 0.935380 0.033681 0.031620
5 0.462837 0.926340 0.035453 0.031620
5 0.712370 0.916015 0.034602 0.030330
3 0.137541 0.962480 0.202088 0.012260
3 0.137102 0.783095 0.123214 0.008390
3 0.373317 0.783095 0.171964 0.008390
3 0.617514 0.783415 0.167527 0.010330
3 0.618393 0.946990 0.197665 0.020000
4 0.135769 0.975060 0.219808 0.007740
4 0.375089 0.969575 0.200316 0.018710
4 0.619293 0.969910 0.213585 0.019380
4 0.136209 0.799865 0.171071 0.018710
4 0.374203 0.794060 0.179038 0.009680
4 0.617507 0.795030 0.233118 0.007740
4 0.872514 0.799545 0.157775 0.018070
4 0.870749 0.969575 0.196772 0.016130
3 0.870742 0.776960 0.150687 0.019360
3 0.869856 0.947315 0.132953 0.023230
5 0.960714 0.913760 0.034560 0.027100
5 0.954066 0.743405 0.033681 0.028390
2 0.889361 0.744375 0.099272 0.029030
2 0.894677 0.915050 0.095728 0.032260
1 0.948304 0.892465 0.052294 0.012910
1 0.942095 0.722115 0.052294 0.015490
0 0.873846 0.895695 0.211841 0.165190
0 0.866751 0.721465 0.206525 0.175510
0 0.752260 0.299880 0.454217 0.270180
2 0.835845 0.381095 0.151085 0.048770
5 0.938908 0.381135 0.052871 0.047130
3 0.743633 0.416440 0.188805 0.011080
4 0.743626 0.430965 0.266484 0.013430
0 0.139938 0.356395 0.213723 0.178290
2 0.162109 0.395620 0.091717 0.029140
5 0.226841 0.395665 0.039918 0.032210
3 0.137830 0.421585 0.207143 0.013350
4 0.135137 0.436505 0.145659 0.018070
0 0.373606 0.363815 0.221113 0.143030
2 0.401593 0.392090 0.098242 0.033060
5 0.467974 0.391735 0.030206 0.033770
