0 0.134107 0.574960 0.213159 0.153320
1 0.706896 0.588965 0.045797 0.011890
1 0.948441 0.578480 0.054657 0.014580
2 0.664059 0.608080 0.076827 0.025280
2 0.892294 0.600555 0.097500 0.030650
2 0.888977 0.771255 0.095288 0.031250
2 0.644849 0.769105 0.097500 0.031250
2 0.158462 0.599210 0.095275 0.032260
2 0.397438 0.603510 0.095975 0.031180
2 0.389286 0.761850 0.097500 0.031780
2 0.155137 0.761845 0.096016 0.030710
2 0.167321 0.934455 0.096758 0.029630
2 0.392981 0.941450 0.098984 0.031780
2 0.652239 0.940100 0.096016 0.031240
0 0.374705 0.576355 0.216992 0.150530
2 0.885652 0.925610 0.098970 0.030120
3 0.862418 0.952225 0.215000 0.013450
3 0.619004 0.964835 0.152157 0.010810
3 0.622699 0.793300 0.224547 0.011880
3 0.867184 0.794645 0.158077 0.010270
3 0.131854 0.796005 0.163214 0.012990
3 0.373407 0.795995 0.132225 0.010810
3 0.377837 0.965105 0.185398 0.011350
3 0.140364 0.963765 0.134437 0.009730
3 0.131868 0.632520 0.194258 0.009740
3 0.376360 0.633060 0.141071 0.009740
3 0.629341 0.629295 0.156593 0.010810
3 0.870872 0.630895 0.203860 0.014010
4 0.628235 0.643570 0.210508 0.009140
4 0.871243 0.649755 0.198695 0.018290
4 0.132754 0.646100 0.212734 0.009680
4 0.374828 0.646225 0.216277 0.010970
4 0.372610 0.813675 0.174615 0.018070
4 0.132404 0.806900 0.220714 0.009680
4 0.141710 0.974350 0.154217 0.009040
4 0.623001 0.811745 0.226909 0.020650
4 0.378372 0.976930 0.216277 0.010320
4 0.623448 0.976285 0.190577 0.009030
4 0.860577 0.969535 0.195055 0.018670
4 0.864547 0.811420 0.178159 0.020000
5 0.223166 0.599315 0.031909 0.028390
5 0.464080 0.603965 0.037225 0.028390
5 0.454773 0.762055 0.036332 0.029690
5 0.221662 0.761735 0.036346 0.032910
5 0.712266 0.769795 0.033681 0.028390
5 0.717143 0.607510 0.027473 0.022580
5 0.958668 0.601705 0.033681 0.030330
5 0.955570 0.771090 0.036332 0.029680
5 0.232651 0.935310 0.033681 0.030980
5 0.460000 0.940470 0.036346 0.029680
5 0.718826 0.940795 0.034574 0.030330
5 0.954148 0.926920 0.033681 0.032260
0 0.631896 0.903435 0.208049 0.154250
0 0.861003 0.907150 0.234863 0.144960
1 0.220584 0.911790 0.055398 0.014520
1 0.448008 0.918055 0.058352 0.014030
1 0.706161 0.916980 0.056140 0.016180
1 0.943633 0.903535 0.055398 0.015110
1 0.945117 0.747865 0.055398 0.014570
1 0.699141 0.746520 0.053915 0.016180
1 0.444684 0.738995 0.057610 0.015110
1 0.209430 0.738185 0.056882 0.014570
1 0.212383 0.577405 0.053915 0.014570
1 0.451332 0.581705 0.059093 0.014570
0 0.629361 0.574495 0.213118 0.148670
0 0.868661 0.578675 0.214437 0.160750
0 0.873132 0.742215 0.202940 0.157030
0 0.621669 0.740775 0.225893 0.163630
0 0.372088 0.744025 0.204341 0.157130
0 0.132775 0.733340 0.220934 0.158060
0 0.139856 0.899715 0.219547 0.156110
0 0.374691 0.914140 0.222047 0.134680
