5 0.256126 0.850375 0.033187 0.030670
5 0.480130 0.858275 0.031909 0.029730
5 0.748166 0.856415 0.031909 0.031590
5 0.955577 0.860130 0.033187 0.029740
5 0.927500 0.691945 0.033187 0.029730
5 0.708606 0.674295 0.034464 0.033450
5 0.483963 0.654315 0.034464 0.028810
5 0.221037 0.662210 0.029354 0.026020
5 0.234437 0.448495 0.033187 0.031590
5 0.487157 0.446640 0.033187 0.031600
5 0.725838 0.505175 0.033187 0.031590
5 0.934526 0.498210 0.031909 0.028800
5 0.706690 0.327240 0.030632 0.032520
5 0.827940 0.324450 0.033187 0.026940
5 0.956854 0.323520 0.028077 0.026940
5 0.695206 0.146970 0.033187 0.034380
5 0.851559 0.145580 0.026799 0.024160
5 0.962603 0.144650 0.024245 0.026020
1 0.245288 0.828535 0.047225 0.013010
0 0.623345 0.121605 0.187624 0.169110
0 0.861387 0.114080 0.231016 0.183980
0 0.855000 0.301310 0.241236 0.170040
0 0.628448 0.293875 0.186346 0.162610
0 0.634835 0.472750 0.219533 0.163540
0 0.858832 0.484830 0.205495 0.161680
0 0.857555 0.660910 0.210604 0.149600
0 0.625900 0.662310 0.204217 0.161680
0 0.639293 0.832350 0.253997 0.161680
0 0.877974 0.825380 0.187624 0.166320
0 0.394231 0.820270 0.205495 0.180260
0 0.154272 0.819805 0.238681 0.183050
0 0.158104 0.623280 0.261648 0.163540
0 0.395508 0.611200 0.210604 0.187700
0 0.143427 0.412820 0.232294 0.175620
0 0.387218 0.411890 0.237404 0.170040
1 0.685886 0.124305 0.051058 0.011150
1 0.839691 0.126620 0.037019 0.012080
1 0.950735 0.125695 0.039574 0.010230
1 0.946264 0.305960 0.043407 0.010220
1 0.816710 0.304565 0.039574 0.009290
1 0.694183 0.305030 0.044684 0.010220
1 0.715240 0.482505 0.038283 0.013930
1 0.922651 0.475535 0.039560 0.013010
1 0.477837 0.422110 0.043393 0.012080
1 0.223839 0.425825 0.058723 0.013930
1 0.206992 0.639910 0.052335 0.016720
1 0.474389 0.632475 0.045948 0.014870
1 0.701587 0.651995 0.038283 0.011150
1 0.919842 0.668250 0.045948 0.013940
1 0.942823 0.837830 0.051058 0.014860
1 0.738606 0.834115 0.048503 0.014870
1 0.467376 0.837370 0.047225 0.012080
2 0.189766 0.850375 0.097005 0.030670
2 0.416951 0.859665 0.097005 0.028810
2 0.681806 0.856880 0.095728 0.030660
2 0.889849 0.861990 0.095714 0.029740
2 0.863043 0.692875 0.098283 0.031590
2 0.644787 0.674295 0.095728 0.031590
2 0.418867 0.654315 0.093173 0.030670
2 0.157218 0.663140 0.095728 0.027880
2 0.169341 0.446640 0.094451 0.027880
2 0.423338 0.446640 0.097005 0.027880
2 0.660742 0.504715 0.094451 0.030670
2 0.867514 0.498675 0.097005 0.027870
2 0.639677 0.326775 0.100838 0.031590
2 0.771786 0.323520 0.074038 0.025080
2 0.902610 0.325375 0.075302 0.023230
2 0.632665 0.146970 0.094451 0.030660
2 0.799870 0.146045 0.079135 0.025090
2 0.908997 0.143720 0.077857 0.024160
3 0.145089 0.473585 0.232294 0.011150
3 0.384402 0.471260 0.225920 0.010220
3 0.629471 0.537675 0.151882 0.009250
3 0.852198 0.532125 0.135302 0.026010
3 0.847727 0.352325 0.190179 0.021370
3 0.619258 0.357900 0.146786 0.010220
3 0.614794 0.179495 0.155714 0.010230
3 0.866875 0.174845 0.154437 0.023230
4 0.141896 0.490310 0.172308 0.020440
4 0.381216 0.486595 0.224629 0.018590
4 0.625639 0.548390 0.200398 0.010220
4 0.852837 0.555355 0.190179 0.016730
4 0.849004 0.375555 0.187624 0.019510
4 0.621813 0.370910 0.146786 0.010220
4 0.610323 0.195755 0.126360 0.020450
4 0.866236 0.196220 0.222088 0.019520
4 0.126580 0.697990 0.118709 0.010220
4 0.376751 0.697525 0.167212 0.011150
4 0.613516 0.732830 0.148049 0.020440
4 0.838152 0.730510 0.168475 0.010220
4 0.877088 0.902875 0.182527 0.009290
4 0.638400 0.901485 0.195288 0.021370
4 0.383764 0.904270 0.186346 0.010220
4 0.143812 0.899625 0.196552 0.019510
3 0.145728 0.881970 0.179973 0.008360
3 0.381854 0.892655 0.146786 0.011150
3 0.637761 0.882900 0.252720 0.010220
3 0.876449 0.890795 0.150618 0.007430
3 0.612912 0.707295 0.177473 0.023190
3 0.836875 0.717035 0.114876 0.011150
3 0.377390 0.685445 0.155714 0.011150
3 0.126580 0.686375 0.113599 0.011150
