5 0.714492 0.216460 0.034038 0.033300
5 0.955412 0.389915 0.035110 0.028650
5 0.473578 0.401915 0.035096 0.029430
5 0.234794 0.397270 0.025522 0.024780
5 0.469856 0.568010 0.031909 0.030200
5 0.717685 0.570330 0.031909 0.033300
5 0.960185 0.572655 0.034025 0.031750
5 0.960199 0.722870 0.031909 0.030200
5 0.715027 0.723650 0.037225 0.030200
5 0.473578 0.741845 0.035096 0.029430
5 0.230007 0.736425 0.035096 0.030970
5 0.228949 0.895160 0.035096 0.027880
5 0.473585 0.899035 0.032967 0.027870
5 0.718221 0.904065 0.035096 0.031750
5 0.961264 0.902515 0.036154 0.031750
4 0.137163 0.253440 0.202047 0.018080
4 0.378640 0.256030 0.187912 0.020000
4 0.626374 0.259905 0.151566 0.010970
4 0.864368 0.256675 0.191456 0.020010
4 0.868352 0.437350 0.132060 0.020000
4 0.626374 0.444450 0.149808 0.020000
4 0.382177 0.457035 0.152459 0.020650
4 0.138874 0.433805 0.165742 0.009030
4 0.140199 0.615450 0.196772 0.029040
4 0.378633 0.618995 0.143585 0.020650
4 0.626820 0.618675 0.136497 0.020010
4 0.870124 0.618355 0.178159 0.020650
4 0.137988 0.792900 0.187019 0.018720
4 0.383510 0.792580 0.160426 0.019360
4 0.622370 0.781610 0.157734 0.019360
4 0.867026 0.781285 0.159547 0.020010
4 0.868798 0.964220 0.159547 0.020640
4 0.627699 0.962605 0.159547 0.020010
4 0.377747 0.962280 0.221593 0.019360
4 0.140646 0.958735 0.224258 0.018710
3 0.133640 0.233960 0.225495 0.013160
3 0.380934 0.231525 0.166978 0.022530
3 0.627170 0.246235 0.157418 0.010150
3 0.867019 0.237350 0.173379 0.012500
3 0.864361 0.419295 0.193585 0.012470
3 0.625577 0.425105 0.203159 0.013250
3 0.379348 0.432110 0.144657 0.022460
3 0.138427 0.423170 0.160618 0.007820
3 0.137363 0.584265 0.194643 0.023230
3 0.377212 0.602040 0.176566 0.010920
3 0.626641 0.601265 0.196772 0.012470
3 0.863297 0.602040 0.225495 0.010920
3 0.867562 0.756545 0.114876 0.022490
3 0.624512 0.756905 0.130838 0.023310
3 0.382534 0.773945 0.214849 0.009370
3 0.138963 0.768135 0.129766 0.025630
3 0.136298 0.931520 0.147843 0.024080
3 0.376154 0.932675 0.161676 0.023310
3 0.627177 0.933880 0.174437 0.022460
3 0.865968 0.935415 0.152129 0.023970
5 0.472514 0.200200 0.037225 0.030200
2 0.162596 0.895390 0.096016 0.030120
2 0.407898 0.899690 0.096016 0.029580
2 0.652390 0.904800 0.096016 0.030120
2 0.895405 0.902385 0.094547 0.030650
2 0.895398 0.723315 0.097500 0.030650
2 0.649038 0.724660 0.095330 0.030120
2 0.408640 0.741600 0.097500 0.028500
2 0.164148 0.737295 0.094533 0.030650
2 0.163777 0.556355 0.095275 0.030110
2 0.404574 0.570065 0.095275 0.030650
2 0.652356 0.569795 0.097569 0.029030
2 0.895034 0.572480 0.095288 0.029040
2 0.889835 0.390195 0.095330 0.031190
2 0.649801 0.395300 0.093805 0.031720
2 0.409004 0.401200 0.095288 0.029600
2 0.182218 0.396915 0.077624 0.023130
2 0.058152 0.397180 0.074602 0.023660
2 0.164148 0.207095 0.094533 0.029570
2 0.406422 0.200090 0.096030 0.030620
2 0.651284 0.215700 0.093805 0.028500
2 0.893558 0.206290 0.098242 0.029040
2 0.951909 0.185050 0.045055 0.012360
2 0.707047 0.193925 0.038407 0.011830
2 0.462191 0.176985 0.053915 0.016670
2 0.219918 0.185320 0.040632 0.015060
2 0.102891 0.379575 0.026470 0.011650
2 0.225385 0.380695 0.035082 0.010310
2 0.465440 0.380020 0.037555 0.013440
2 0.706113 0.373970 0.037555 0.011200
2 0.947397 0.368370 0.038777 0.010760
2 0.952019 0.550080 0.041868 0.015680
2 0.709190 0.548735 0.040000 0.013890
2 0.461751 0.547170 0.040014 0.014340
2 0.217995 0.533945 0.046154 0.014790
2 0.216154 0.714310 0.048626 0.016140
2 0.462054 0.719240 0.044327 0.015240
2 0.706422 0.701985 0.040618 0.013890
2 0.949560 0.702435 0.039396 0.011210
2 0.949251 0.879885 0.040014 0.013890
2 0.707033 0.883245 0.040632 0.011650
2 0.462672 0.877420 0.036937 0.014340
2 0.216154 0.872490 0.048626 0.015240
0 0.140749 0.890890 0.228475 0.153320
0 0.376216 0.896915 0.229712 0.146830
0 0.145845 0.724535 0.208036 0.155130
0 0.383262 0.728230 0.218255 0.147840
0 0.636621 0.888515 0.196566 0.167350
0 0.884231 0.892745 0.188901 0.164470
0 0.881023 0.720335 0.190151 0.143190
0 0.635330 0.719405 0.201703 0.143190
0 0.143304 0.542030 0.208310 0.174060
0 0.380584 0.552535 0.210948 0.154870
0 0.628338 0.553505 0.210082 0.150350
0 0.864100 0.544465 0.227788 0.167130
0 0.864986 0.372825 0.215385 0.147770
0 0.622562 0.383150 0.219821 0.142600
0 0.390797 0.376380 0.203022 0.181960
0 0.134622 0.359920 0.229574 0.158100
0 0.135062 0.186020 0.226909 0.153580
0 0.388125 0.194085 0.206525 0.143890
0 0.634526 0.183440 0.194107 0.163900
0 0.873846 0.187630 0.211841 0.159380
5 0.227967 0.556155 0.035110 0.028650
5 0.109196 0.397270 0.027486 0.024780
5 0.714918 0.395335 0.035330 0.031750
5 0.960652 0.207160 0.033118 0.033280
5 0.230027 0.206780 0.035055 0.029420
