0 0.626758 0.358440 0.222335 0.178580
5 0.225076 0.204855 0.038777 0.032270
5 0.470240 0.205125 0.039382 0.031370
5 0.711532 0.202885 0.041854 0.031370
5 0.956820 0.205350 0.041250 0.030920
5 0.952816 0.375630 0.039396 0.031820
5 0.714609 0.386160 0.044327 0.031360
5 0.467473 0.384365 0.042473 0.031370
5 0.229258 0.393555 0.040000 0.030030
5 0.224938 0.567890 0.044904 0.029980
5 0.468091 0.571675 0.042473 0.029570
5 0.467775 0.745545 0.039396 0.030470
5 0.223084 0.744420 0.043668 0.030920
5 0.713379 0.565630 0.038159 0.030020
5 0.958049 0.564280 0.035082 0.030020
5 0.957129 0.743525 0.043077 0.028230
5 0.712150 0.741285 0.041854 0.030030
5 0.223949 0.926855 0.041552 0.028790
5 0.464334 0.916650 0.040618 0.030520
5 0.713620 0.928305 0.040618 0.031410
5 0.953372 0.932115 0.040014 0.030070
4 0.626216 0.969325 0.212981 0.018370
4 0.863784 0.973565 0.217953 0.009010
4 0.372926 0.968660 0.154505 0.018820
4 0.126401 0.965495 0.118187 0.008110
4 0.137788 0.799720 0.140962 0.018820
4 0.375694 0.799270 0.210508 0.018820
4 0.620968 0.799065 0.177926 0.018330
4 0.865659 0.798825 0.184670 0.017930
4 0.867500 0.618235 0.201896 0.017930
4 0.622218 0.617340 0.163118 0.018820
4 0.382136 0.612835 0.193942 0.008110
4 0.136250 0.618905 0.195742 0.018370
4 0.138407 0.436975 0.200055 0.018370
4 0.374162 0.433840 0.204973 0.018380
4 0.621291 0.436975 0.168654 0.020170
4 0.861964 0.426220 0.212967 0.018380
4 0.868118 0.256375 0.189588 0.019250
4 0.618523 0.254595 0.195124 0.019270
4 0.375082 0.256385 0.150192 0.019270
4 0.131023 0.255270 0.175426 0.018820
3 0.132266 0.233310 0.176676 0.018820
3 0.381545 0.239790 0.213585 0.008560
3 0.618523 0.234435 0.180343 0.019270
3 0.864430 0.234430 0.199437 0.021060
3 0.863503 0.402675 0.211126 0.021550
3 0.620845 0.414125 0.185234 0.021510
3 0.383084 0.410585 0.200041 0.025090
3 0.141793 0.418850 0.209904 0.008560
3 0.136889 0.595425 0.221003 0.022850
3 0.375076 0.602125 0.195124 0.010350
3 0.623448 0.600335 0.132967 0.010350
3 0.867205 0.593860 0.192047 0.024200
3 0.865968 0.775790 0.219135 0.025100
3 0.621291 0.776685 0.172967 0.020610
3 0.374155 0.777810 0.217898 0.021060
3 0.135948 0.780695 0.156346 0.009010
3 0.132898 0.954780 0.144093 0.009440
3 0.374773 0.945400 0.177266 0.021960
3 0.621291 0.953665 0.219753 0.008110
3 0.859196 0.960165 0.167431 0.007670
2 0.162967 0.203870 0.095275 0.029040
2 0.407308 0.205455 0.097500 0.028550
2 0.165776 0.393125 0.096030 0.029630
2 0.406573 0.382100 0.096030 0.029100
2 0.647734 0.202500 0.096758 0.030160
2 0.651827 0.385595 0.095962 0.029630
2 0.894066 0.205185 0.097500 0.030170
2 0.890014 0.375920 0.096758 0.031780
2 0.164375 0.568155 0.093805 0.031250
2 0.407383 0.571380 0.095288 0.031240
2 0.649636 0.566275 0.096799 0.030710
2 0.894512 0.564925 0.094547 0.029090
2 0.895254 0.743455 0.096030 0.029090
2 0.650762 0.741305 0.094547 0.030170
2 0.161044 0.743995 0.096016 0.029090
2 0.404423 0.745875 0.096758 0.029630
2 0.159911 0.927090 0.099766 0.030700
2 0.400735 0.916335 0.096772 0.029630
2 0.651868 0.928435 0.096758 0.030170
2 0.889354 0.932735 0.096016 0.030170
1 0.944375 0.910690 0.043585 0.012960
1 0.705419 0.906925 0.048750 0.014030
1 0.703578 0.719255 0.053915 0.015110
1 0.948805 0.720875 0.052445 0.015110
1 0.455021 0.895095 0.048750 0.014030
1 0.458345 0.723555 0.055398 0.015110
1 0.216442 0.721140 0.045797 0.014580
1 0.214224 0.904505 0.048750 0.014570
1 0.217919 0.545035 0.050234 0.016190
1 0.221985 0.372150 0.043585 0.012420
1 0.461676 0.548795 0.044313 0.015110
1 0.459828 0.360320 0.050975 0.016720
1 0.702837 0.363550 0.050975 0.013500
1 0.703571 0.543415 0.045055 0.015110
1 0.946964 0.542340 0.051703 0.017260
1 0.943633 0.352795 0.043585 0.014570
1 0.948070 0.183410 0.048008 0.014580
1 0.699148 0.180720 0.045055 0.014580
1 0.459821 0.184215 0.046538 0.014030
1 0.213489 0.181255 0.053187 0.014570
0 0.136676 0.191500 0.214203 0.147880
0 0.376751 0.182105 0.227541 0.167790
0 0.625652 0.179645 0.212734 0.169430
0 0.867898 0.180980 0.218599 0.171040
0 0.863125 0.354945 0.216415 0.161910
0 0.138523 0.367310 0.223805 0.155460
0 0.380048 0.357365 0.217898 0.171050
0 0.135962 0.540205 0.223132 0.176410
0 0.383008 0.544230 0.211978 0.145780
0 0.628207 0.543420 0.208970 0.166760
0 0.864629 0.535650 0.222390 0.182300
0 0.867926 0.723315 0.221593 0.168310
0 0.622692 0.727325 0.221593 0.162450
0 0.373757 0.716565 0.230481 0.185030
0 0.136696 0.720995 0.214245 0.174410
0 0.133201 0.903240 0.220714 0.132920
0 0.377747 0.898155 0.216209 0.160690
0 0.622830 0.897500 0.224258 0.163260
0 0.863922 0.896885 0.220701 0.163190
