0 0.622651 0.182110 0.228681 0.170420
0 0.380666 0.353790 0.233997 0.174220
0 0.141353 0.349240 0.200316 0.165260
0 0.384684 0.177920 0.204808 0.154280
0 0.129828 0.178885 0.212734 0.169130
5 0.213929 0.202260 0.039148 0.029040
5 0.220955 0.392610 0.042102 0.029040
5 0.464327 0.383710 0.039890 0.031780
5 0.467287 0.213285 0.036937 0.030650
5 0.715467 0.208440 0.039890 0.031720
5 0.953681 0.215160 0.028819 0.022580
5 0.714732 0.382935 0.036937 0.030110
5 0.956999 0.382935 0.035453 0.031190
5 0.229444 0.559310 0.034712 0.030120
5 0.472754 0.558715 0.037679 0.030110
5 0.467946 0.752815 0.042843 0.029090
5 0.231223 0.737490 0.039148 0.031780
5 0.710591 0.731030 0.039148 0.031780
5 0.951387 0.746360 0.045055 0.031240
5 0.713922 0.558690 0.041360 0.031240
5 0.952500 0.564605 0.038407 0.031250
5 0.957665 0.914935 0.038407 0.030710
5 0.708750 0.917625 0.038407 0.029630
5 0.469059 0.925155 0.042102 0.030710
5 0.224203 0.916280 0.038407 0.030160
4 0.132239 0.969270 0.201648 0.018820
4 0.377466 0.968710 0.200179 0.008120
4 0.133345 0.790450 0.206827 0.018340
4 0.374141 0.785880 0.226030 0.008120
4 0.623400 0.967365 0.197157 0.018330
4 0.866078 0.966320 0.214217 0.019360
4 0.866449 0.787520 0.219382 0.018820
4 0.624911 0.802575 0.217898 0.040330
4 0.138887 0.427220 0.194258 0.008120
4 0.378207 0.432620 0.192788 0.017740
4 0.134815 0.600630 0.181717 0.008660
4 0.380790 0.603350 0.166937 0.018280
4 0.617898 0.432080 0.208297 0.018820
4 0.856477 0.430740 0.186140 0.018280
4 0.861648 0.614910 0.220110 0.017740
4 0.626387 0.600660 0.170632 0.018280
4 0.617527 0.256510 0.216429 0.019360
4 0.860165 0.251110 0.215687 0.008660
4 0.131868 0.253795 0.208297 0.020490
4 0.376731 0.251110 0.160275 0.007580
3 0.130982 0.232800 0.212734 0.021940
3 0.376504 0.239410 0.098393 0.009100
3 0.618489 0.238120 0.174615 0.011680
3 0.617596 0.413315 0.201209 0.011030
3 0.377837 0.414930 0.219821 0.009100
3 0.135412 0.414925 0.158654 0.010390
3 0.859753 0.238125 0.157775 0.010390
3 0.859753 0.415570 0.198544 0.009100
3 0.621765 0.765665 0.227788 0.032910
3 0.866848 0.771125 0.207404 0.012970
3 0.625755 0.585930 0.157775 0.009100
3 0.862857 0.592380 0.202967 0.025880
3 0.134712 0.591735 0.127637 0.010390
3 0.381559 0.588185 0.179931 0.009750
3 0.375797 0.774345 0.205632 0.012970
3 0.134712 0.767280 0.218049 0.021940
3 0.132933 0.947315 0.170179 0.023230
3 0.375804 0.957610 0.122321 0.011680
3 0.624863 0.948895 0.191456 0.012330
3 0.864183 0.943445 0.189684 0.023230
2 0.645701 0.917920 0.096621 0.029100
2 0.896538 0.915015 0.098379 0.029750
2 0.404609 0.924700 0.098393 0.031040
2 0.160412 0.915340 0.097500 0.030400
2 0.169245 0.738860 0.097555 0.031040
2 0.405062 0.753055 0.097486 0.032330
2 0.650577 0.557850 0.097500 0.031700
2 0.889890 0.564635 0.097500 0.029750
2 0.891662 0.745310 0.097500 0.031040
2 0.649245 0.730790 0.094835 0.031680
2 0.159080 0.392990 0.094835 0.031040
2 0.165735 0.557535 0.092184 0.027170
2 0.408620 0.557855 0.097459 0.027810
2 0.403723 0.384925 0.094835 0.030390
2 0.652610 0.383150 0.093077 0.029680
2 0.892466 0.383505 0.095728 0.027810
2 0.904423 0.214120 0.077115 0.024580
2 0.652699 0.206375 0.094849 0.032330
2 0.406291 0.212830 0.098379 0.031040
2 0.151016 0.202180 0.094835 0.031680
1 0.205529 0.179595 0.044327 0.014910
1 0.459918 0.190890 0.044313 0.014260
1 0.703228 0.184435 0.050522 0.012970
1 0.946525 0.195085 0.037225 0.011030
1 0.946971 0.360275 0.038118 0.017490
1 0.705879 0.358980 0.050522 0.018780
1 0.456367 0.361890 0.054959 0.016840
1 0.213503 0.370280 0.040769 0.014260
1 0.219265 0.536435 0.039876 0.014910
1 0.463015 0.536760 0.041662 0.014260
1 0.704554 0.535790 0.046085 0.013620
1 0.221044 0.716145 0.046978 0.015550
1 0.459032 0.730340 0.051415 0.015560
1 0.701456 0.708400 0.046978 0.014260
1 0.943867 0.722595 0.054959 0.012970
1 0.943867 0.543530 0.054959 0.013620
1 0.947418 0.892945 0.044313 0.012970
1 0.699231 0.896175 0.040769 0.015550
1 0.458585 0.901980 0.045192 0.011680
1 0.213056 0.891660 0.052294 0.014260
0 0.135501 0.896850 0.216277 0.161320
0 0.382363 0.892980 0.215385 0.158740
0 0.621209 0.903300 0.214451 0.145800
0 0.860996 0.895560 0.233118 0.161320
0 0.138255 0.712530 0.227802 0.175580
0 0.376243 0.712530 0.226909 0.154940
0 0.138255 0.531530 0.217170 0.147840
0 0.387768 0.533820 0.207404 0.156160
0 0.622205 0.726725 0.229574 0.191070
0 0.861532 0.716080 0.229574 0.163320
0 0.631957 0.530240 0.206525 0.160740
0 0.861518 0.540595 0.222486 0.167130
0 0.623098 0.361820 0.220701 0.160740
0 0.866841 0.352790 0.217143 0.172360
0 0.860199 0.179855 0.216277 0.151710
