3 0.385865 0.668580 0.218104 0.010040
0 0.135591 0.210215 0.224258 0.172930
5 0.231758 0.171820 0.033681 0.023880
5 0.232205 0.240220 0.031030 0.023880
5 0.471085 0.249575 0.040769 0.030970
5 0.716161 0.149560 0.032788 0.024520
5 0.717054 0.204405 0.034574 0.025810
5 0.715714 0.254415 0.033681 0.026450
5 0.959471 0.255060 0.037239 0.025160
5 0.961250 0.203765 0.030137 0.023230
5 0.963462 0.151170 0.031016 0.026460
5 0.232136 0.444820 0.040426 0.031760
5 0.475172 0.443650 0.039354 0.029420
5 0.715556 0.450235 0.039354 0.028650
5 0.838942 0.452165 0.030852 0.026330
5 0.960199 0.451780 0.039354 0.024000
5 0.955948 0.636460 0.037225 0.030980
5 0.719815 0.641495 0.032981 0.025550
5 0.718750 0.597355 0.026593 0.024010
5 0.718750 0.554380 0.030852 0.024780
5 0.474114 0.636070 0.037239 0.030200
5 0.230007 0.636845 0.038283 0.031750
5 0.228413 0.842430 0.037239 0.030980
5 0.472521 0.828490 0.040426 0.027880
5 0.599622 0.833140 0.032981 0.021680
5 0.717157 0.835075 0.036154 0.025550
5 0.841607 0.845140 0.029780 0.022460
5 0.961793 0.844750 0.031909 0.024780
4 0.384766 0.881920 0.164863 0.018580
4 0.623022 0.885020 0.164863 0.018580
4 0.863935 0.887345 0.219107 0.009290
4 0.869251 0.680595 0.189327 0.006190
4 0.634725 0.674785 0.086154 0.006970
4 0.384773 0.686790 0.166992 0.018580
4 0.138537 0.680985 0.134025 0.010070
4 0.139595 0.888505 0.219107 0.010070
4 0.140666 0.489725 0.106360 0.006970
4 0.379979 0.488560 0.229739 0.007740
4 0.624622 0.488560 0.219107 0.007740
4 0.867129 0.490885 0.221236 0.018590
4 0.866593 0.294590 0.145714 0.019360
4 0.607603 0.289170 0.153173 0.010060
4 0.383159 0.293815 0.155330 0.006970
4 0.141724 0.292655 0.208475 0.006190
3 0.141195 0.276005 0.145714 0.020910
3 0.385302 0.282590 0.108489 0.010840
3 0.608668 0.279105 0.102115 0.010070
3 0.868723 0.278330 0.222308 0.010060
3 0.139066 0.477720 0.098929 0.009300
3 0.379952 0.477720 0.142596 0.010840
3 0.622493 0.478495 0.185069 0.010850
3 0.866593 0.473845 0.198901 0.012390
3 0.634196 0.663560 0.080838 0.010840
3 0.867630 0.670530 0.164931 0.010840
3 0.140130 0.669365 0.128695 0.010070
3 0.139066 0.871470 0.158489 0.019360
3 0.384238 0.858690 0.146772 0.021680
3 0.622493 0.864110 0.182953 0.024780
3 0.870859 0.874565 0.166992 0.011610
2 0.410852 0.829655 0.097802 0.031750
2 0.548571 0.832365 0.077637 0.023230
2 0.665041 0.834690 0.078709 0.021680
2 0.790014 0.846305 0.075522 0.023230
2 0.911806 0.845140 0.074437 0.022460
2 0.893723 0.638390 0.097857 0.030200
2 0.670357 0.642265 0.074451 0.024010
2 0.670893 0.598905 0.075522 0.024010
2 0.670357 0.553605 0.074451 0.023230
2 0.408702 0.638005 0.095728 0.030970
2 0.166188 0.636850 0.095728 0.030200
2 0.165659 0.444425 0.098929 0.029430
2 0.181085 0.240775 0.078709 0.023230
2 0.410831 0.250065 0.095728 0.030970
2 0.408702 0.444035 0.099986 0.028650
2 0.651738 0.450620 0.098915 0.030980
2 0.790515 0.451000 0.076635 0.024000
2 0.911257 0.452170 0.075536 0.024780
2 0.665041 0.150180 0.078709 0.024780
2 0.666099 0.204380 0.078709 0.024780
2 0.909141 0.204385 0.081909 0.023230
2 0.908613 0.150950 0.078709 0.024780
2 0.909141 0.254300 0.079766 0.025600
2 0.663970 0.255100 0.078709 0.024000
2 0.182679 0.171860 0.077637 0.021680
1 0.221030 0.423640 0.049780 0.013100
1 0.461628 0.422710 0.045948 0.014960
1 0.703503 0.428290 0.042115 0.014960
1 0.953668 0.433395 0.037005 0.012170
1 0.831772 0.435720 0.035742 0.009380
1 0.708606 0.237335 0.037019 0.010310
1 0.955584 0.235015 0.040838 0.009390
1 0.955584 0.187160 0.038283 0.010320
1 0.711161 0.185765 0.034464 0.007530
1 0.466092 0.227115 0.039574 0.012170
1 0.225501 0.223865 0.038283 0.011250
1 0.225501 0.154175 0.038283 0.009390
1 0.709883 0.131875 0.029354 0.011250
1 0.954306 0.133265 0.043393 0.012170
1 0.219121 0.615525 0.038297 0.014030
1 0.462266 0.615525 0.039560 0.015890
1 0.711161 0.537930 0.031909 0.011240
1 0.711799 0.583000 0.028077 0.010320
1 0.713077 0.624815 0.030632 0.012170
1 0.947280 0.614595 0.049780 0.015890
1 0.706058 0.817620 0.047225 0.013100
1 0.590543 0.815295 0.040838 0.015890
1 0.462266 0.806935 0.047225 0.014030
1 0.218475 0.821340 0.047225 0.016820
1 0.833049 0.826910 0.028077 0.013100
1 0.951120 0.828770 0.031909 0.013100
0 0.138709 0.805120 0.219533 0.177480
0 0.381223 0.806935 0.222088 0.170130
0 0.623084 0.807400 0.225920 0.174780
0 0.864320 0.806935 0.225920 0.171990
0 0.146937 0.603315 0.205275 0.164930
0 0.383922 0.607115 0.215920 0.178870
0 0.622706 0.604400 0.225495 0.150220
0 0.863091 0.603200 0.221236 0.163460
0 0.615790 0.210265 0.237184 0.170350
0 0.862562 0.215685 0.230810 0.179650
0 0.865213 0.414690 0.229739 0.171900
0 0.624299 0.404620 0.224423 0.175000
0 0.385515 0.212590 0.212734 0.170360
0 0.139279 0.409270 0.226552 0.167260
0 0.379128 0.406950 0.231854 0.171900
