4 0.379945 0.424895 0.192665 0.008110
0 0.139581 0.181305 0.222486 0.172930
5 0.228661 0.203245 0.042541 0.030970
5 0.471078 0.201955 0.041662 0.029690
5 0.469306 0.387470 0.041662 0.031620
5 0.225117 0.384570 0.044327 0.029680
5 0.712617 0.200345 0.040783 0.030330
5 0.951937 0.198410 0.042555 0.031620
5 0.959471 0.381990 0.031030 0.019360
5 0.838036 0.385860 0.031016 0.019360
5 0.713949 0.383275 0.039876 0.028390
5 0.222459 0.569115 0.046099 0.030970
5 0.470192 0.561695 0.039890 0.030330
5 0.713063 0.562665 0.039890 0.028390
5 0.711291 0.745275 0.039890 0.028390
5 0.471085 0.745925 0.043434 0.030970
5 0.224670 0.747215 0.039890 0.030970
5 0.272095 0.924665 0.040783 0.029690
5 0.619107 0.927245 0.039890 0.030970
5 0.922239 0.927565 0.039890 0.030330
5 0.956374 0.750440 0.037225 0.028400
5 0.953262 0.563635 0.045206 0.027750
4 0.134650 0.606410 0.198201 0.018820
4 0.376861 0.614245 0.181580 0.019270
4 0.137054 0.257955 0.217294 0.019270
4 0.376861 0.251035 0.169272 0.008110
4 0.623997 0.246350 0.174808 0.018380
4 0.863139 0.250835 0.195124 0.018370
4 0.866827 0.429625 0.198819 0.017470
4 0.620021 0.426050 0.207486 0.019300
4 0.135268 0.425820 0.212981 0.017920
4 0.617843 0.614920 0.182198 0.018820
4 0.866525 0.612680 0.226511 0.018820
4 0.130776 0.787220 0.199437 0.018820
4 0.169554 0.962650 0.238832 0.008520
4 0.375446 0.795285 0.148338 0.017930
4 0.500405 0.962875 0.278832 0.008070
4 0.625048 0.799095 0.198201 0.018370
4 0.861415 0.790130 0.193269 0.018380
4 0.833098 0.964220 0.230206 0.008960
3 0.833407 0.952345 0.179121 0.009410
3 0.495172 0.950555 0.212981 0.010310
3 0.176016 0.951445 0.179121 0.009410
3 0.131387 0.769965 0.180962 0.011210
3 0.372988 0.772875 0.186497 0.022410
3 0.618887 0.773770 0.195742 0.024200
3 0.861717 0.772650 0.209890 0.011200
3 0.864183 0.592510 0.202514 0.021060
3 0.624773 0.592295 0.185343 0.024210
3 0.132562 0.589040 0.206195 0.009460
3 0.380007 0.591305 0.154492 0.024650
3 0.130714 0.407780 0.190192 0.009900
3 0.378771 0.410920 0.207431 0.010800
3 0.625337 0.407750 0.213063 0.011700
3 0.866271 0.407130 0.220975 0.021060
3 0.865323 0.230575 0.152596 0.021050
3 0.623757 0.227640 0.207431 0.011700
3 0.384931 0.237055 0.186511 0.009010
3 0.138098 0.232370 0.184052 0.022860
2 0.163331 0.203470 0.097871 0.033160
2 0.407397 0.202795 0.094794 0.029130
2 0.650536 0.200780 0.097253 0.029580
2 0.890282 0.199655 0.097871 0.029130
2 0.791174 0.385600 0.072019 0.019320
2 0.913365 0.383360 0.072637 0.022900
2 0.652685 0.383360 0.097871 0.030960
2 0.407699 0.387165 0.096635 0.031410
2 0.164265 0.384255 0.094794 0.030070
2 0.161793 0.568650 0.094794 0.029620
2 0.407397 0.561930 0.096030 0.030520
2 0.651140 0.562605 0.097253 0.030070
2 0.891511 0.564170 0.095412 0.030520
2 0.649918 0.744760 0.097253 0.030520
2 0.891202 0.749465 0.096030 0.030070
2 0.859815 0.927135 0.096030 0.031410
2 0.556353 0.927360 0.096030 0.030960
2 0.411092 0.744310 0.094794 0.028720
2 0.161484 0.747225 0.094176 0.030070
2 0.207658 0.926020 0.096635 0.030960
1 0.261827 0.903615 0.054780 0.016630
1 0.216580 0.725715 0.054176 0.014830
1 0.463413 0.722805 0.055398 0.017070
1 0.608674 0.904285 0.055398 0.014390
1 0.915515 0.904285 0.046168 0.013490
1 0.705007 0.721460 0.052321 0.015280
1 0.945673 0.727060 0.054780 0.013940
1 0.706545 0.540870 0.055398 0.016180
1 0.944753 0.542435 0.052940 0.015730
1 0.461250 0.539525 0.054780 0.014390
1 0.215968 0.546025 0.054162 0.014830
1 0.218427 0.361630 0.054162 0.015280
1 0.461868 0.364090 0.048626 0.013940
1 0.703805 0.361850 0.053489 0.014840
1 0.834272 0.371485 0.042473 0.009910
1 0.954299 0.367005 0.041236 0.008110
1 0.944444 0.176110 0.051085 0.017080
1 0.705000 0.178575 0.042473 0.014830
1 0.460021 0.180140 0.052321 0.015280
1 0.219354 0.181040 0.054780 0.015280
0 0.382157 0.182405 0.220357 0.144290
0 0.620041 0.174990 0.225852 0.160820
0 0.865659 0.181040 0.213599 0.157780
0 0.865659 0.353565 0.222198 0.169430
0 0.625604 0.353560 0.217280 0.164940
0 0.383084 0.352435 0.214821 0.151070
0 0.137500 0.357350 0.218407 0.155500
0 0.134712 0.528790 0.221593 0.175660
0 0.380426 0.538660 0.220110 0.170460
0 0.622397 0.537530 0.223805 0.173680
0 0.866820 0.536115 0.225288 0.171030
0 0.864966 0.717350 0.218640 0.164540
0 0.626023 0.722185 0.211992 0.173150
0 0.383379 0.720305 0.220110 0.167230
0 0.137775 0.715465 0.214945 0.164010
0 0.168475 0.889155 0.248214 0.154330
0 0.500460 0.897195 0.278475 0.140390
0 0.831367 0.893725 0.231195 0.150570
