5 0.714670 0.383335 0.040632 0.030470
5 0.955646 0.387595 0.041236 0.030030
5 0.955337 0.207010 0.041854 0.030020
2 0.893084 0.916455 0.095728 0.034070
0 0.869121 0.891675 0.215989 0.173450
0 0.623984 0.897870 0.214863 0.161060
0 0.142122 0.724400 0.210536 0.164200
0 0.377761 0.722485 0.230797 0.174230
0 0.376690 0.896325 0.228681 0.162610
0 0.133111 0.893225 0.218036 0.167250
0 0.626113 0.724425 0.221236 0.162610
5 0.954416 0.567060 0.038777 0.029580
1 0.211820 0.902520 0.045728 0.013940
1 0.460185 0.896710 0.051058 0.014720
1 0.702692 0.891675 0.053187 0.015490
1 0.944670 0.892840 0.058489 0.016260
1 0.218207 0.722485 0.054245 0.014710
1 0.462837 0.735265 0.054245 0.015490
1 0.704821 0.721715 0.053187 0.017810
1 0.948386 0.727520 0.046799 0.013940
1 0.217672 0.542070 0.051058 0.013160
1 0.220859 0.365520 0.055316 0.016260
1 0.462308 0.547100 0.053187 0.017040
1 0.704815 0.554840 0.051058 0.013940
1 0.944670 0.545165 0.045742 0.016270
1 0.945199 0.364750 0.051058 0.016260
1 0.705886 0.361650 0.051058 0.016260
1 0.464437 0.361260 0.055302 0.013940
1 0.215549 0.181230 0.048929 0.014720
1 0.459121 0.184715 0.044670 0.015490
1 0.707479 0.178520 0.047871 0.013940
1 0.946264 0.183550 0.048929 0.013160
0 0.136305 0.179680 0.222308 0.164940
5 0.713434 0.577815 0.039396 0.030470
5 0.471848 0.569305 0.038777 0.030470
5 0.225941 0.564375 0.043091 0.031370
5 0.228413 0.746920 0.037239 0.029500
5 0.470920 0.758915 0.041484 0.028730
5 0.713963 0.744980 0.040426 0.030280
5 0.955412 0.749240 0.040412 0.029500
5 0.957541 0.916495 0.038297 0.027950
5 0.223626 0.923465 0.036154 0.027950
5 0.469327 0.919980 0.042555 0.030280
5 0.709176 0.916110 0.041484 0.030280
4 0.136298 0.253705 0.220179 0.017030
4 0.372953 0.250900 0.198874 0.017000
4 0.622383 0.251690 0.206332 0.021680
4 0.863832 0.243565 0.174451 0.010070
4 0.864361 0.432115 0.222294 0.009290
4 0.623956 0.436770 0.183956 0.017060
4 0.133640 0.427465 0.179753 0.020130
4 0.378812 0.433270 0.223365 0.019360
4 0.136834 0.623755 0.194657 0.028650
0 0.378276 0.178520 0.227624 0.161060
0 0.627191 0.181230 0.214821 0.164940
0 0.870742 0.172320 0.210604 0.150220
0 0.863304 0.353905 0.223365 0.166490
0 0.629286 0.360100 0.214890 0.169580
0 0.379354 0.357395 0.225467 0.173450
0 0.142150 0.356230 0.214849 0.161840
0 0.142685 0.548260 0.211662 0.180420
0 0.874471 0.714355 0.201030 0.162610
0 0.377747 0.537035 0.222308 0.156410
0 0.622919 0.543620 0.227624 0.169580
0 0.871271 0.539765 0.205261 0.174270
4 0.371374 0.607495 0.185055 0.017810
4 0.622919 0.617950 0.226552 0.018580
4 0.864890 0.617950 0.157418 0.018580
4 0.861168 0.791790 0.164863 0.008520
4 0.626113 0.796050 0.209533 0.018580
4 0.137363 0.796050 0.195714 0.018580
4 0.382541 0.798760 0.149973 0.019360
4 0.132582 0.968725 0.203159 0.017030
4 0.377747 0.967950 0.221236 0.020140
4 0.624512 0.969500 0.214849 0.018580
4 0.865426 0.968335 0.188269 0.017810
3 0.131518 0.950215 0.212734 0.011610
3 0.376154 0.947045 0.227610 0.020910
3 0.626106 0.947040 0.178695 0.024000
3 0.865426 0.945105 0.206346 0.020130
3 0.859574 0.778975 0.115934 0.010150
3 0.627170 0.771655 0.216978 0.026330
3 0.136305 0.773205 0.158489 0.020130
3 0.376154 0.779745 0.225495 0.011690
3 0.138963 0.593560 0.202102 0.024780
5 0.225687 0.203285 0.042473 0.032710
3 0.378283 0.591195 0.214863 0.009370
3 0.624512 0.601300 0.203146 0.010840
3 0.860646 0.594315 0.164863 0.018630
3 0.135769 0.409660 0.204231 0.010080
3 0.375089 0.411205 0.199959 0.019350
3 0.623984 0.411980 0.157418 0.022460
3 0.861703 0.418525 0.198901 0.009370
3 0.137898 0.231560 0.202088 0.022460
3 0.375076 0.234660 0.178723 0.011620
3 0.625577 0.230010 0.207418 0.024000
3 0.868620 0.230365 0.170179 0.009370
2 0.651092 0.200585 0.092569 0.031750
2 0.893084 0.206395 0.095728 0.030970
2 0.406999 0.206785 0.095728 0.028650
2 0.406999 0.385265 0.097843 0.030970
2 0.652170 0.382940 0.096786 0.032520
2 0.892548 0.386430 0.094657 0.030200
2 0.164492 0.204070 0.097857 0.029420
2 0.164485 0.387590 0.095728 0.030980
2 0.165021 0.564525 0.096799 0.031750
2 0.406999 0.570715 0.095728 0.031750
2 0.652699 0.576910 0.095728 0.030200
2 0.894677 0.566460 0.094657 0.032520
2 0.894677 0.750750 0.098915 0.030980
2 0.651641 0.744165 0.095728 0.031750
2 0.406999 0.757720 0.093613 0.030980
2 0.164492 0.746490 0.097857 0.031740
2 0.159705 0.924550 0.094657 0.030280
2 0.406999 0.920325 0.095728 0.030970
2 0.648977 0.915295 0.096799 0.031750
5 0.714361 0.200510 0.041250 0.031360
5 0.469993 0.383985 0.041250 0.030070
5 0.226243 0.387350 0.043695 0.029620
5 0.469993 0.207675 0.043695 0.030470
