5 0.713970 0.373185 0.042115 0.030750
0 0.868723 0.182120 0.224423 0.125520
0 0.627816 0.182120 0.221236 0.144100
0 0.389018 0.179795 0.215920 0.148750
0 0.140110 0.180570 0.241484 0.151840
0 0.385831 0.362965 0.215920 0.143250
0 0.146518 0.367575 0.211662 0.140230
0 0.867658 0.550330 0.220179 0.132460
0 0.622473 0.547240 0.236099 0.143280
0 0.380543 0.542565 0.228750 0.149530
0 0.136971 0.539470 0.228613 0.152620
0 0.139073 0.728025 0.215920 0.141010
0 0.381573 0.718730 0.226552 0.162680
0 0.626216 0.714475 0.224437 0.143330
0 0.868723 0.718730 0.218049 0.158040
0 0.861813 0.882895 0.231868 0.147210
0 0.629402 0.884475 0.211662 0.145570
0 0.394341 0.884475 0.198901 0.140930
0 0.146016 0.882545 0.208516 0.147910
1 0.945845 0.860435 0.046799 0.012470
1 0.707047 0.877860 0.052115 0.013240
1 0.465604 0.881730 0.047857 0.013240
1 0.223091 0.870890 0.041484 0.013240
1 0.946587 0.713775 0.049986 0.016330
1 0.703544 0.702935 0.044670 0.014790
1 0.462624 0.714160 0.052115 0.014020
1 0.219581 0.712615 0.042541 0.017110
1 0.947644 0.532970 0.047871 0.014020
1 0.704073 0.540325 0.052129 0.013250
1 0.471133 0.544200 0.047871 0.016340
1 0.225968 0.536070 0.038283 0.010920
1 0.104183 0.535680 0.039354 0.013240
1 0.220117 0.360295 0.058503 0.015570
1 0.459437 0.353710 0.052115 0.013240
1 0.705137 0.349450 0.050000 0.015560
1 0.949780 0.354100 0.056374 0.014020
1 0.949773 0.180265 0.049986 0.011690
1 0.709396 0.170195 0.052115 0.016330
1 0.465288 0.173295 0.040412 0.011690
1 0.219052 0.167485 0.052115 0.017110
2 0.406257 0.376555 0.094657 0.029510
2 0.653015 0.372315 0.098915 0.030230
2 0.898194 0.376550 0.095728 0.032600
2 0.895529 0.201170 0.096799 0.031820
2 0.653551 0.194200 0.099986 0.031820
2 0.410508 0.195365 0.101044 0.031050
2 0.164808 0.191490 0.098929 0.029500
2 0.166408 0.385075 0.095728 0.031050
2 0.061106 0.553105 0.076580 0.023310
2 0.182891 0.551940 0.077651 0.024080
2 0.895522 0.555810 0.096813 0.030280
2 0.652486 0.562005 0.097857 0.030270
2 0.407850 0.567430 0.097843 0.030280
2 0.891806 0.883355 0.097843 0.031830
2 0.893935 0.735840 0.102102 0.029500
2 0.651429 0.725780 0.097857 0.032600
2 0.408379 0.736620 0.094670 0.032600
2 0.165337 0.734680 0.099986 0.030280
2 0.652486 0.899225 0.099973 0.031050
2 0.412102 0.904645 0.097857 0.031050
2 0.168001 0.893455 0.096799 0.033310
3 0.138214 0.922500 0.160604 0.021680
3 0.387109 0.937555 0.137212 0.010150
3 0.623242 0.928650 0.198901 0.014020
3 0.863620 0.913590 0.201030 0.025560
3 0.868386 0.766470 0.159574 0.025560
3 0.622170 0.754855 0.198901 0.022450
3 0.374341 0.766470 0.179753 0.024000
3 0.133963 0.762960 0.171250 0.021720
3 0.133427 0.582950 0.199959 0.022460
3 0.383386 0.591430 0.185069 0.016340
3 0.863084 0.585275 0.208475 0.025550
3 0.622170 0.591430 0.232940 0.013240
3 0.870536 0.405630 0.191456 0.024000
3 0.622706 0.405630 0.212720 0.022460
3 0.376999 0.404430 0.155288 0.024860
3 0.140343 0.410625 0.173379 0.012470
3 0.145130 0.222500 0.214849 0.026320
3 0.867342 0.228655 0.180810 0.009370
3 0.625364 0.223660 0.203146 0.022460
3 0.380714 0.227090 0.194615 0.012420
4 0.868935 0.240695 0.224437 0.006970
4 0.625900 0.244180 0.219107 0.018580
4 0.377534 0.244180 0.192514 0.018580
4 0.139279 0.246120 0.211662 0.019360
4 0.140879 0.427310 0.168049 0.019360
4 0.378063 0.424175 0.187198 0.019430
4 0.623771 0.426500 0.195701 0.017880
4 0.871600 0.427310 0.199959 0.019360
4 0.864677 0.606960 0.215920 0.019360
4 0.621641 0.608505 0.195701 0.019350
4 0.381257 0.608505 0.204217 0.017810
4 0.141401 0.605410 0.213791 0.019360
4 0.866806 0.788145 0.215920 0.017810
4 0.622706 0.776170 0.219121 0.018540
4 0.381264 0.788925 0.225495 0.020910
4 0.131326 0.788120 0.199162 0.020440
4 0.860749 0.942350 0.225920 0.027900
4 0.622706 0.947475 0.155714 0.021370
4 0.386573 0.949290 0.181250 0.010320
4 0.137047 0.946545 0.190192 0.019510
5 0.954560 0.882850 0.043407 0.031680
5 0.716518 0.899110 0.039574 0.030760
5 0.473372 0.905150 0.040838 0.031680
5 0.230220 0.894000 0.039560 0.029820
5 0.226394 0.734640 0.039574 0.028900
5 0.472095 0.734645 0.038283 0.030750
5 0.716518 0.726280 0.039574 0.028900
5 0.957115 0.734645 0.040852 0.030750
5 0.957115 0.557630 0.038297 0.031680
5 0.715879 0.561810 0.040852 0.028900
5 0.474011 0.565995 0.042115 0.029830
5 0.234684 0.553915 0.030632 0.024250
5 0.111518 0.552055 0.031909 0.026110
5 0.231497 0.385265 0.042115 0.030750
5 0.472734 0.375510 0.039560 0.029820
5 0.960941 0.377830 0.040838 0.030760
5 0.960941 0.201750 0.040838 0.029820
5 0.715907 0.194315 0.043352 0.031690
5 0.474011 0.195230 0.044670 0.029860
5 0.227033 0.192455 0.040852 0.029830
