1 0.461216 0.546985 0.054299 0.017110
3 0.382878 0.784075 0.218255 0.009390
3 0.619004 0.782220 0.197843 0.011240
3 0.859602 0.766935 0.186346 0.023230
3 0.864066 0.960155 0.177418 0.015890
3 0.620920 0.948545 0.160824 0.024250
3 0.377129 0.948080 0.155714 0.023320
3 0.137795 0.947660 0.144190 0.024160
4 0.864705 0.975025 0.227184 0.008450
4 0.620282 0.969000 0.208063 0.016800
4 0.372665 0.969450 0.197830 0.021460
4 0.138455 0.969455 0.234849 0.017750
4 0.858317 0.794355 0.206772 0.027890
4 0.383510 0.799870 0.168475 0.016820
4 0.135130 0.798525 0.173585 0.021370
4 0.856030 0.613150 0.139121 0.008360
4 0.617349 0.614080 0.113599 0.008360
4 0.382486 0.614545 0.080412 0.007430
4 0.141896 0.612685 0.122527 0.009290
4 0.860495 0.431960 0.153159 0.006500
4 0.616690 0.430610 0.176236 0.011240
4 0.381854 0.431540 0.239945 0.007520
4 0.141896 0.431075 0.183791 0.008450
4 0.856662 0.251275 0.097005 0.007530
4 0.619258 0.250345 0.122527 0.007530
4 0.378661 0.250810 0.128915 0.008460
4 0.141511 0.250300 0.099560 0.008360
5 0.958441 0.933295 0.039821 0.027990
5 0.719499 0.921030 0.027569 0.025760
5 0.600034 0.920470 0.033695 0.024640
5 0.461243 0.914330 0.040426 0.030280
5 0.231497 0.917425 0.029780 0.024090
5 0.112905 0.919360 0.035096 0.023300
5 0.120069 0.749650 0.033187 0.022300
5 0.249622 0.749185 0.031909 0.019510
5 0.469794 0.756155 0.040852 0.031590
5 0.603819 0.750115 0.028077 0.021370
5 0.724430 0.750115 0.031909 0.021370
5 0.848235 0.737105 0.031909 0.025090
5 0.961834 0.737570 0.029354 0.020440
5 0.958647 0.569385 0.038283 0.027870
5 0.714224 0.568455 0.039574 0.031590
5 0.469162 0.569850 0.042115 0.032520
5 0.224478 0.569480 0.043407 0.029740
5 0.474190 0.388215 0.039890 0.031030
5 0.227775 0.386925 0.039890 0.029750
5 0.711291 0.385635 0.040769 0.029750
5 0.957699 0.386925 0.038997 0.031030
5 0.957253 0.207860 0.039890 0.030400
5 0.710845 0.206570 0.045206 0.029100
5 0.471085 0.206245 0.042555 0.029750
5 0.224670 0.207535 0.046099 0.029750
4 0.616477 0.798225 0.151937 0.020950
0 0.861916 0.898570 0.233997 0.160280
0 0.621016 0.902420 0.224451 0.150960
0 0.374766 0.897020 0.231868 0.164940
0 0.137582 0.897020 0.236126 0.161840
0 0.144471 0.723960 0.243613 0.171900
0 0.380618 0.723960 0.220165 0.168800
0 0.626875 0.727030 0.233970 0.162660
0 0.865089 0.720480 0.221195 0.174240
0 0.869361 0.535410 0.216992 0.163380
0 0.619952 0.550910 0.226580 0.133980
0 0.382747 0.544315 0.215907 0.148670
0 0.140742 0.542390 0.210549 0.151020
0 0.134375 0.353805 0.225481 0.164210
0 0.380618 0.364670 0.232940 0.142480
0 0.625790 0.358475 0.212734 0.154870
0 0.857658 0.358475 0.238255 0.154870
0 0.868846 0.181945 0.218077 0.147090
0 0.627383 0.176895 0.230810 0.157190
0 0.388043 0.185405 0.213750 0.138610
0 0.136799 0.175480 0.221181 0.159560
1 0.948922 0.183050 0.053173 0.015560
1 0.702157 0.184985 0.053187 0.013250
1 0.459114 0.184210 0.054245 0.011700
1 0.219801 0.184600 0.039354 0.014020
1 0.217672 0.364625 0.054245 0.014790
1 0.465495 0.364630 0.052115 0.011700
1 0.705350 0.365015 0.051058 0.012470
1 0.948386 0.364625 0.054245 0.014790
1 0.945749 0.548160 0.051085 0.016320
1 0.703757 0.547370 0.030838 0.013240
1 0.215007 0.546985 0.051058 0.014010
1 0.948922 0.911305 0.051058 0.014790
1 0.951587 0.720825 0.039354 0.011690
1 0.840962 0.720825 0.041484 0.011690
1 0.711202 0.732050 0.039354 0.012460
1 0.594732 0.731665 0.034025 0.014790
1 0.457527 0.733210 0.048929 0.013240
1 0.240007 0.732050 0.043613 0.010920
1 0.111841 0.732820 0.038297 0.010920
1 0.710137 0.901240 0.037225 0.011700
1 0.592603 0.902015 0.040426 0.010150
1 0.455927 0.891560 0.047871 0.015560
1 0.224052 0.900465 0.030852 0.010150
1 0.105989 0.901435 0.034038 0.011610
2 0.895343 0.933210 0.097005 0.028900
2 0.665591 0.920205 0.076593 0.023330
2 0.547527 0.919740 0.075302 0.022400
2 0.398832 0.915095 0.094451 0.027970
2 0.180570 0.918350 0.079135 0.025180
2 0.062507 0.919275 0.077871 0.023330
2 0.911291 0.737615 0.077857 0.022390
2 0.795137 0.738545 0.077857 0.022390
2 0.673249 0.751555 0.076580 0.024250
2 0.552637 0.751555 0.077857 0.022390
2 0.405859 0.756200 0.098255 0.029820
2 0.197795 0.750615 0.075288 0.022370
2 0.070165 0.750625 0.077857 0.022390
2 0.896614 0.569435 0.094464 0.031690
2 0.650275 0.569435 0.097005 0.027970
2 0.407122 0.568970 0.098283 0.028900
2 0.162067 0.568970 0.098283 0.030760
2 0.895343 0.386845 0.094451 0.030750
2 0.648359 0.386380 0.095728 0.029820
2 0.409677 0.386380 0.098283 0.029820
2 0.164622 0.386845 0.095728 0.028890
2 0.897246 0.206580 0.095728 0.028900
2 0.649636 0.206580 0.095728 0.032620
2 0.406484 0.207510 0.097005 0.030760
2 0.162067 0.207975 0.093173 0.031690
3 0.856408 0.239105 0.070206 0.012170
3 0.615817 0.240035 0.112321 0.012170
3 0.380323 0.239105 0.088063 0.012170
3 0.141003 0.239570 0.086786 0.009380
3 0.855130 0.418015 0.126360 0.011150
3 0.617088 0.419830 0.102115 0.009380
3 0.380323 0.418435 0.177404 0.010310
3 0.141641 0.419830 0.118695 0.011240
3 0.855130 0.602885 0.095728 0.011250
3 0.617727 0.601490 0.052321 0.008460
3 0.379684 0.600560 0.097005 0.012180
3 0.139712 0.601025 0.079093 0.009390
3 0.135254 0.776225 0.126360 0.021370
