0 0.135865 0.222345 0.222500 0.189710
0 0.376951 0.217830 0.224258 0.200040
0 0.622047 0.223640 0.228709 0.188420
0 0.863565 0.222670 0.227788 0.190360
4 0.131408 0.509515 0.178118 0.018030
5 0.469306 0.460065 0.038118 0.023870
5 0.704643 0.466515 0.042555 0.030330
5 0.946174 0.462970 0.041662 0.030980
5 0.951497 0.257130 0.043434 0.029680
5 0.707740 0.254870 0.041662 0.029040
5 0.467981 0.256155 0.042555 0.030330
5 0.224938 0.253450 0.042541 0.029680
2 0.406202 0.255580 0.096607 0.031620
2 0.647294 0.255575 0.096621 0.030330
3 0.374299 0.488530 0.215412 0.023860
3 0.132761 0.491745 0.184368 0.008390
3 0.136745 0.282680 0.211841 0.023880
3 0.377843 0.285905 0.208297 0.023870
3 0.622919 0.283650 0.226909 0.021940
3 0.865783 0.286225 0.154231 0.025810
4 0.863118 0.308175 0.225137 0.019350
2 0.891044 0.254935 0.096621 0.030330
2 0.641971 0.467550 0.098393 0.030980
2 0.884402 0.463680 0.095728 0.030980
2 0.423036 0.459805 0.077115 0.025810
2 0.306923 0.460775 0.077115 0.025170
2 0.164224 0.461420 0.100151 0.030320
2 0.162864 0.253645 0.095783 0.030330
1 0.219622 0.231705 0.042541 0.010970
1 0.458503 0.233640 0.050522 0.014840
1 0.699141 0.233315 0.054959 0.016770
1 0.692940 0.444645 0.049643 0.016130
1 0.468242 0.441420 0.043434 0.009680
1 0.348139 0.443030 0.038997 0.010320
1 0.220948 0.438190 0.046978 0.014840
1 0.942459 0.233960 0.050522 0.014200
1 0.935838 0.440770 0.051346 0.014840
0 0.860941 0.424945 0.211909 0.184510
0 0.630913 0.438515 0.200288 0.138090
0 0.379629 0.425605 0.241951 0.192290
4 0.372960 0.511110 0.216277 0.020000
4 0.620254 0.308170 0.223365 0.019360
4 0.377363 0.308175 0.223297 0.019350
4 0.130982 0.305715 0.212734 0.020650
5 0.228661 0.460710 0.040783 0.031620
0 0.136745 0.421415 0.226016 0.194230
5 0.354080 0.461355 0.036346 0.023870
4 0.630893 0.503685 0.140055 0.007750
4 0.862232 0.507880 0.170179 0.018720
3 0.631339 0.491425 0.112569 0.009030
3 0.861346 0.492070 0.154231 0.007740
