5 0.714073 0.921220 0.040426 0.029500
0 0.837452 0.437650 0.227624 0.195980
0 0.871490 0.204985 0.210591 0.188970
0 0.632699 0.204580 0.220179 0.209920
0 0.137047 0.209220 0.226566 0.199080
0 0.400282 0.203835 0.214821 0.206730
0 0.506662 0.438850 0.280797 0.213720
0 0.166854 0.446565 0.239368 0.202930
0 0.793317 0.649080 0.354190 0.208300
0 0.505598 0.653690 0.208475 0.177400
0 0.173187 0.666825 0.243626 0.171250
0 0.384341 0.889125 0.251016 0.178870
0 0.135989 0.882500 0.213791 0.171980
0 0.624196 0.876310 0.222294 0.185920
0 0.869904 0.875185 0.207390 0.189710
1 0.945412 0.897990 0.047857 0.012460
1 0.707157 0.898765 0.050000 0.014010
1 0.471030 0.896825 0.043599 0.011690
1 0.355089 0.898765 0.039354 0.012470
1 0.212562 0.898765 0.049986 0.014010
1 0.922541 0.667240 0.053187 0.014020
1 0.580055 0.672270 0.057445 0.016340
1 0.266813 0.664915 0.056374 0.012470
1 0.920419 0.461655 0.053173 0.014790
1 0.617816 0.459720 0.056374 0.015560
1 0.255639 0.450425 0.057431 0.015570
1 0.946477 0.227805 0.054245 0.013250
1 0.713537 0.230905 0.054245 0.014790
1 0.477418 0.219285 0.056374 0.014790
1 0.222672 0.232065 0.053173 0.010910
1 0.106202 0.230900 0.039354 0.010140
2 0.892232 0.250650 0.096799 0.029500
2 0.658764 0.254520 0.097857 0.031060
2 0.422630 0.240585 0.095728 0.027950
2 0.175845 0.248715 0.083008 0.022530
2 0.061525 0.248325 0.075522 0.023310
2 0.865103 0.484110 0.095728 0.031820
2 0.564629 0.481395 0.094670 0.031050
2 0.867768 0.688920 0.092541 0.029500
2 0.525275 0.694335 0.094670 0.031050
2 0.199272 0.472495 0.097857 0.030270
2 0.211504 0.686985 0.096799 0.030270
2 0.158853 0.921220 0.095728 0.027960
2 0.306696 0.918510 0.080838 0.027180
2 0.426889 0.917350 0.082953 0.029500
2 0.889045 0.920830 0.098915 0.030280
2 0.651319 0.920830 0.097857 0.030280
3 0.855536 0.953355 0.142527 0.010150
3 0.628997 0.954130 0.159588 0.010140
3 0.376367 0.944875 0.156360 0.022450
3 0.136518 0.951805 0.163805 0.013250
3 0.172150 0.718385 0.211662 0.020130
3 0.497088 0.724150 0.131896 0.010140
3 0.823091 0.720705 0.145714 0.024770
3 0.820968 0.517020 0.143585 0.010920
3 0.491229 0.511640 0.164876 0.024780
3 0.175337 0.510825 0.181882 0.023310
3 0.856593 0.280460 0.142527 0.013240
3 0.625261 0.281620 0.203159 0.010920
3 0.392321 0.272755 0.169121 0.025550
3 0.133324 0.272365 0.138269 0.023230
4 0.134918 0.297530 0.192527 0.019360
4 0.393915 0.296760 0.199973 0.020900
4 0.622596 0.299470 0.199973 0.018580
4 0.861387 0.294400 0.190385 0.008600
4 0.821497 0.530185 0.195714 0.009370
4 0.496030 0.535215 0.191456 0.017890
4 0.171600 0.536380 0.180838 0.021760
4 0.169485 0.741960 0.229739 0.019440
4 0.500282 0.736925 0.189327 0.009370
4 0.815117 0.742345 0.208475 0.020210
4 0.857136 0.965740 0.181882 0.008600
4 0.623695 0.965370 0.221291 0.009340
4 0.377960 0.968880 0.229739 0.019360
4 0.132260 0.964580 0.199959 0.007820
5 0.219478 0.921995 0.044670 0.031050
5 0.359348 0.918505 0.035096 0.028730
5 0.476875 0.918125 0.036168 0.031050
5 0.952328 0.920830 0.040426 0.031820
5 0.586964 0.695885 0.041484 0.031050
5 0.271593 0.688145 0.044670 0.031050
5 0.265213 0.472880 0.042541 0.029500
5 0.626319 0.482170 0.041484 0.029500
5 0.928929 0.483335 0.042555 0.030270
5 0.955515 0.251035 0.040426 0.030270
5 0.719389 0.255295 0.044684 0.031050
5 0.486456 0.241355 0.040412 0.031050
5 0.227988 0.247935 0.034025 0.022530
5 0.110989 0.248325 0.034038 0.023310
5 0.929457 0.689690 0.043613 0.032600
