5 0.470467 0.207050 0.040769 0.029680
5 0.228929 0.207055 0.039890 0.032270
4 0.808613 0.975895 0.163984 0.008390
0 0.865749 0.180840 0.227624 0.152540
4 0.140735 0.256095 0.166635 0.018070
4 0.855591 0.430965 0.101923 0.006450
4 0.856477 0.613255 0.206525 0.008390
4 0.614052 0.613900 0.150687 0.008380
4 0.616271 0.430640 0.094849 0.007100
4 0.380495 0.430965 0.101923 0.007750
4 0.141174 0.431610 0.192349 0.009040
4 0.380495 0.619060 0.162198 0.017420
4 0.142507 0.613900 0.168420 0.009680
4 0.183723 0.974930 0.178159 0.007740
4 0.381380 0.793610 0.206525 0.007740
4 0.134973 0.794255 0.208297 0.007750
4 0.856916 0.793930 0.233997 0.007100
4 0.617596 0.793610 0.175495 0.009040
4 0.499746 0.975580 0.163146 0.009040
5 0.955309 0.938150 0.038997 0.029680
5 0.642418 0.938795 0.039011 0.028390
5 0.311806 0.939440 0.038997 0.030980
5 0.225378 0.751665 0.041662 0.029690
5 0.224938 0.569375 0.042541 0.031610
5 0.469554 0.752300 0.042486 0.031000
5 0.711113 0.750695 0.041648 0.027750
5 0.956635 0.751990 0.039890 0.031620
5 0.957960 0.570020 0.042541 0.031620
4 0.379609 0.250930 0.190563 0.007740
5 0.711113 0.569700 0.039890 0.029680
4 0.618043 0.250610 0.123201 0.009680
4 0.855591 0.251255 0.204753 0.008390
3 0.616717 0.238995 0.104588 0.010970
3 0.856477 0.238990 0.158668 0.012260
3 0.380501 0.239640 0.116113 0.008380
3 0.140735 0.239635 0.214492 0.010970
3 0.140735 0.419675 0.207404 0.008390
3 0.381353 0.420615 0.066415 0.011570
3 0.616717 0.419995 0.056731 0.010330
3 0.853819 0.419995 0.073571 0.009030
3 0.856477 0.602605 0.133832 0.009030
3 0.618489 0.602285 0.097500 0.010970
3 0.378723 0.599705 0.201209 0.013550
3 0.141621 0.602285 0.093956 0.008390
3 0.132754 0.781670 0.132953 0.009680
3 0.380055 0.782965 0.170192 0.008390
3 0.616710 0.782640 0.118777 0.010320
3 0.856477 0.781995 0.167514 0.010330
3 0.809938 0.963635 0.118777 0.008390
3 0.500598 0.964930 0.115234 0.009680
3 0.183297 0.962990 0.131209 0.009680
2 0.249313 0.939120 0.098379 0.031620
2 0.580398 0.939115 0.095687 0.030330
2 0.891044 0.939765 0.096621 0.030330
2 0.649986 0.751020 0.098324 0.029680
2 0.895027 0.751665 0.093956 0.030970
2 0.407088 0.751665 0.096621 0.029690
2 0.162905 0.751990 0.093942 0.029040
2 0.163777 0.569700 0.097500 0.029680
2 0.407534 0.570020 0.095728 0.029040
2 0.649512 0.570020 0.095728 0.029040
2 0.894148 0.570020 0.093956 0.031620
2 0.895474 0.386760 0.098393 0.029040
2 0.649066 0.387730 0.096621 0.030980
2 0.165110 0.385150 0.094835 0.028400
2 0.407527 0.387085 0.093956 0.030970
2 0.164670 0.207055 0.097500 0.030970
2 0.407974 0.207700 0.098393 0.030980
2 0.650838 0.207055 0.094835 0.028390
2 0.895920 0.207700 0.093956 0.029680
1 0.701360 0.184790 0.050522 0.014840
1 0.946889 0.185760 0.052294 0.015480
1 0.462933 0.185435 0.045206 0.013550
1 0.462486 0.365145 0.047857 0.011610
1 0.702692 0.365790 0.049643 0.014200
1 0.948654 0.364180 0.050522 0.014840
1 0.216071 0.364500 0.053187 0.014200
1 0.218736 0.184470 0.040769 0.012900
1 0.217411 0.547435 0.048750 0.016130
1 0.459828 0.547115 0.049629 0.015490
1 0.703139 0.547115 0.052294 0.014190
1 0.702692 0.729080 0.051401 0.012900
1 0.461154 0.728110 0.050522 0.012260
1 0.217411 0.730370 0.045206 0.014200
1 0.948661 0.546795 0.055838 0.013550
1 0.948654 0.729080 0.054066 0.014200
1 0.636216 0.916535 0.049629 0.013550
1 0.945110 0.917825 0.054066 0.016130
1 0.302054 0.916535 0.046085 0.013550
0 0.186827 0.902660 0.288956 0.152280
0 0.515220 0.898790 0.295165 0.163900
0 0.840082 0.896870 0.269451 0.167740
0 0.138324 0.717530 0.218049 0.161060
0 0.379766 0.718690 0.222308 0.158740
0 0.620680 0.723340 0.223365 0.152540
0 0.858407 0.726050 0.239313 0.145580
0 0.137679 0.545510 0.213791 0.144880
0 0.381284 0.545510 0.215865 0.166560
0 0.621154 0.537350 0.223352 0.162700
0 0.865749 0.538155 0.227624 0.159590
0 0.139808 0.355030 0.218049 0.160360
0 0.380728 0.368970 0.219121 0.130940
0 0.624801 0.367805 0.217981 0.131710
5 0.468688 0.570665 0.040783 0.030330
0 0.864684 0.368580 0.227610 0.131720
0 0.140872 0.180805 0.215920 0.168110
0 0.384966 0.182350 0.210563 0.144880
0 0.622706 0.177355 0.220165 0.159510
5 0.957074 0.386760 0.040769 0.029040
5 0.956188 0.206730 0.042541 0.030320
5 0.712438 0.207375 0.038997 0.032910
5 0.713771 0.386765 0.038118 0.030330
5 0.227596 0.387410 0.040769 0.031620
5 0.470907 0.386440 0.039890 0.029680
