4 0.862067 0.968360 0.217624 0.018280
0 0.867795 0.187535 0.221003 0.154410
0 0.621841 0.174115 0.222802 0.161170
0 0.134643 0.196080 0.216978 0.140440
0 0.131593 0.358245 0.224725 0.157150
0 0.379808 0.371425 0.221978 0.151750
0 0.620604 0.362000 0.229396 0.169400
0 0.871813 0.360895 0.210110 0.151810
0 0.381442 0.182550 0.234615 0.171500
0 0.135371 0.539860 0.231181 0.159280
0 0.378338 0.541160 0.224918 0.151680
0 0.627060 0.536700 0.221154 0.160600
0 0.863942 0.720000 0.222665 0.178400
0 0.139856 0.895410 0.212321 0.167260
0 0.863393 0.541845 0.228984 0.153110
0 0.132898 0.721150 0.231181 0.157900
0 0.381710 0.723990 0.224766 0.149580
0 0.626710 0.726050 0.216882 0.166900
0 0.860865 0.895510 0.224423 0.164940
0 0.386126 0.897370 0.213187 0.164460
0 0.617019 0.898565 0.224698 0.162110
1 0.213228 0.182510 0.046676 0.011640
2 0.161394 0.204065 0.096470 0.028930
5 0.225275 0.204585 0.035769 0.029990
3 0.137012 0.233100 0.209492 0.022200
4 0.134341 0.255735 0.214286 0.018670
1 0.459457 0.189380 0.041525 0.010080
2 0.404574 0.212255 0.096044 0.028690
5 0.470337 0.211510 0.034876 0.028960
3 0.378379 0.237395 0.232060 0.010230
4 0.377404 0.256560 0.159753 0.021280
1 0.702679 0.188965 0.041401 0.011870
2 0.649100 0.211610 0.091415 0.026040
5 0.714224 0.211170 0.034931 0.026300
3 0.620234 0.238940 0.215055 0.011040
4 0.621896 0.250020 0.221593 0.009160
1 0.947486 0.181860 0.041126 0.010660
2 0.894650 0.204070 0.095398 0.030540
5 0.960234 0.203810 0.035769 0.030540
3 0.865371 0.232850 0.177940 0.024620
4 0.864560 0.255950 0.185165 0.018100
1 0.213647 0.357640 0.049437 0.014280
2 0.161037 0.379985 0.096058 0.029170
5 0.225817 0.380120 0.034629 0.028500
3 0.136573 0.411440 0.140920 0.021460
4 0.136573 0.429650 0.204217 0.012300
1 0.458111 0.368030 0.046662 0.012280
2 0.405810 0.391115 0.095137 0.029810
5 0.471957 0.391055 0.036635 0.029790
3 0.375529 0.418675 0.209162 0.010950
4 0.378812 0.436535 0.194245 0.019890
1 0.701724 0.362495 0.042898 0.012970
2 0.651271 0.385020 0.095151 0.027840
5 0.716504 0.384695 0.034629 0.028330
3 0.620302 0.413855 0.222582 0.022510
4 0.620913 0.436385 0.228777 0.020770
1 0.943620 0.372620 0.044959 0.013240
2 0.892692 0.395540 0.094615 0.029300
5 0.958482 0.395100 0.036635 0.030320
3 0.858091 0.419015 0.183132 0.012870
4 0.863819 0.432135 0.164945 0.008530
1 0.212871 0.554885 0.047582 0.012030
2 0.161745 0.577165 0.092170 0.028910
5 0.229169 0.576620 0.036717 0.027820
3 0.131236 0.601395 0.189396 0.010230
4 0.135027 0.613605 0.229396 0.011410
1 0.459986 0.549730 0.047885 0.013700
2 0.408482 0.571915 0.091003 0.027770
5 0.472919 0.571395 0.036223 0.028410
3 0.377493 0.601150 0.122184 0.009320
4 0.379107 0.611860 0.204973 0.010140
1 0.703674 0.552895 0.043283 0.011750
2 0.652040 0.575365 0.095343 0.028150
5 0.718537 0.575090 0.036635 0.027960
3 0.621552 0.600050 0.149203 0.007900
4 0.622610 0.611595 0.163022 0.007890
1 0.943620 0.552850 0.040343 0.012640
2 0.891243 0.576050 0.091525 0.024980
5 0.956944 0.574320 0.034629 0.028060
3 0.865522 0.600830 0.188462 0.010600
4 0.863709 0.612190 0.228516 0.012280
1 0.218681 0.736255 0.038681 0.011170
2 0.163091 0.758635 0.092500 0.028170
5 0.231380 0.759035 0.033970 0.030010
3 0.134361 0.781970 0.188970 0.010540
4 0.135213 0.794525 0.214766 0.009590
1 0.464890 0.724120 0.044560 0.011620
2 0.409945 0.745460 0.095742 0.027640
5 0.475714 0.745525 0.035714 0.027530
3 0.376662 0.770390 0.209148 0.012540
4 0.382679 0.788065 0.157720 0.019870
1 0.703056 0.725160 0.048091 0.012940
2 0.651422 0.746695 0.094245 0.027830
5 0.717095 0.747320 0.036140 0.027860
3 0.622850 0.775855 0.196799 0.020510
4 0.623984 0.798965 0.185275 0.021130
1 0.941999 0.733605 0.046745 0.012270
2 0.888860 0.755385 0.096648 0.029170
5 0.956003 0.755605 0.037033 0.029170
3 0.857576 0.780275 0.158613 0.011310
4 0.861944 0.799375 0.186003 0.020850
1 0.213750 0.879385 0.061071 0.011830
2 0.161717 0.902535 0.094313 0.027090
5 0.227479 0.902135 0.034327 0.028410
3 0.140865 0.933960 0.205522 0.025380
4 0.139505 0.962100 0.204478 0.031060
1 0.462390 0.904175 0.041813 0.011110
2 0.406985 0.928035 0.092349 0.026470
5 0.475350 0.927770 0.034712 0.030900
3 0.379087 0.951760 0.188255 0.011600
4 0.379032 0.968725 0.190288 0.020810
1 0.698359 0.900120 0.043970 0.011860
2 0.642988 0.922490 0.092431 0.027400
5 0.707837 0.922635 0.033832 0.027590
3 0.621978 0.951195 0.214368 0.012490
4 0.620934 0.969190 0.168571 0.021220
1 0.941964 0.890155 0.044945 0.012430
2 0.887404 0.911580 0.097115 0.027460
5 0.954547 0.912895 0.036511 0.025430
3 0.860371 0.944495 0.220467 0.022270
