4 0.862933 0.519310 0.213970 0.030500
1 0.707479 0.237680 0.046662 0.012080
2 0.651779 0.259930 0.093036 0.029400
5 0.717266 0.260045 0.037940 0.031370
3 0.630048 0.292770 0.146195 0.012880
0 0.875735 0.921565 0.196882 0.126670
0 0.640749 0.921750 0.213283 0.125700
0 0.398008 0.912925 0.212500 0.142350
0 0.143448 0.914520 0.233049 0.138440
0 0.818139 0.780100 0.251360 0.148400
0 0.502816 0.764100 0.286951 0.119200
0 0.178537 0.767385 0.236332 0.138590
0 0.790179 0.623550 0.227335 0.148300
0 0.514148 0.618290 0.224725 0.149300
0 0.853846 0.432810 0.232418 0.207220
0 0.631937 0.425565 0.225687 0.216870
0 0.384739 0.433650 0.233819 0.198100
0 0.187905 0.618000 0.315948 0.151200
0 0.862843 0.210250 0.233379 0.218180
0 0.632740 0.214330 0.207871 0.190140
0 0.139444 0.433800 0.222843 0.200200
0 0.386607 0.211095 0.232830 0.238810
0 0.137184 0.208885 0.236071 0.221030
4 0.860611 0.309145 0.219684 0.021050
4 0.866195 0.974315 0.179066 0.020230
3 0.863036 0.959150 0.170137 0.011360
5 0.955920 0.926210 0.036429 0.029620
2 0.890584 0.925990 0.094245 0.030060
1 0.943620 0.903645 0.045783 0.011870
4 0.629389 0.973850 0.138475 0.019500
3 0.629808 0.956890 0.107418 0.011880
5 0.726992 0.925050 0.037390 0.029960
2 0.662672 0.925310 0.091415 0.029380
1 0.713929 0.902045 0.042225 0.013090
4 0.399217 0.973515 0.166951 0.020430
3 0.398853 0.955450 0.128942 0.010900
5 0.485295 0.925915 0.038448 0.030710
2 0.420350 0.924355 0.090865 0.028850
1 0.473764 0.902550 0.039011 0.011900
4 0.135962 0.974580 0.143956 0.018940
3 0.133860 0.957520 0.213874 0.014840
5 0.959011 0.255855 0.035879 0.028870
5 0.242898 0.926780 0.034286 0.029380
2 0.177397 0.926815 0.096827 0.030250
3 0.859746 0.286065 0.191745 0.023990
4 0.629657 0.304350 0.166236 0.008900
1 0.947795 0.233560 0.039519 0.012480
2 0.893716 0.256025 0.093942 0.028690
1 0.216353 0.234820 0.046003 0.010280
2 0.165742 0.256280 0.094890 0.028440
5 0.230247 0.255605 0.033791 0.029610
3 0.131648 0.287075 0.217692 0.020170
4 0.494128 0.819840 0.188668 0.009120
1 0.913104 0.758920 0.045824 0.010960
2 0.861628 0.781075 0.093338 0.027030
5 0.927012 0.780325 0.033036 0.028050
3 0.808214 0.810365 0.212418 0.023330
4 0.806868 0.838150 0.228022 0.030100
1 0.231600 0.904405 0.053475 0.012790
3 0.497074 0.809700 0.123984 0.011000
5 0.628077 0.787500 0.035110 0.027780
2 0.563036 0.787030 0.095824 0.027460
1 0.614691 0.766055 0.041607 0.011130
4 0.178530 0.826740 0.181401 0.018920
3 0.177562 0.810945 0.209162 0.011050
5 0.277246 0.781480 0.037816 0.028760
2 0.211463 0.782220 0.092843 0.027400
1 0.261257 0.759600 0.041964 0.012900
4 0.786662 0.688515 0.132445 0.018430
3 0.786477 0.673225 0.167349 0.011970
5 0.888736 0.649230 0.029615 0.022000
2 0.835412 0.648930 0.077473 0.023440
1 0.877005 0.631345 0.035604 0.009930
5 0.767775 0.650000 0.028379 0.022420
2 0.714650 0.649500 0.075920 0.023920
1 0.759409 0.632150 0.039698 0.008900
4 0.513963 0.687000 0.225371 0.012000
3 0.512727 0.675325 0.195151 0.013250
5 0.597280 0.642785 0.033132 0.028950
2 0.531010 0.643025 0.092651 0.027530
1 0.585625 0.622155 0.051690 0.012050
4 0.183668 0.687555 0.262225 0.009090
3 0.182589 0.675590 0.204876 0.011380
5 0.327630 0.648845 0.034657 0.026530
2 0.263510 0.648405 0.093036 0.026090
1 0.316944 0.625585 0.048777 0.013630
4 0.130721 0.309895 0.155371 0.018710
1 0.471532 0.221990 0.048613 0.010420
2 0.417967 0.242390 0.093736 0.027400
5 0.483963 0.242395 0.037431 0.028310
3 0.380646 0.280315 0.212912 0.035950
4 0.385185 0.315750 0.227898 0.030500
1 0.218393 0.424860 0.048516 0.013400
2 0.164348 0.448680 0.095343 0.028240
5 0.232644 0.447385 0.036250 0.028570
3 0.135515 0.484355 0.191058 0.033870
4 0.134402 0.518380 0.210728 0.030620
1 0.471696 0.444540 0.047047 0.011260
2 0.418262 0.466770 0.094519 0.030620
5 0.483420 0.466610 0.034918 0.031680
3 0.384107 0.498120 0.196154 0.024280
4 0.380982 0.522175 0.224245 0.021630
1 0.713448 0.455440 0.044121 0.010660
2 0.659821 0.476175 0.095357 0.029250
5 0.727356 0.475885 0.036497 0.029730
3 0.631786 0.503330 0.225440 0.014540
4 0.634588 0.522505 0.174231 0.020010
1 0.937644 0.437540 0.043118 0.010460
2 0.886126 0.459025 0.095879 0.027850
5 0.952088 0.458200 0.035989 0.029400
3 0.867232 0.490275 0.188063 0.026230
