1 0.457685 0.360595 0.042514 0.012430
0 0.618613 0.726910 0.221841 0.164940
0 0.377473 0.726415 0.228022 0.159090
0 0.137569 0.717890 0.208379 0.158620
0 0.858791 0.894760 0.220330 0.169460
0 0.624245 0.900550 0.196016 0.158100
0 0.377747 0.897700 0.217857 0.160600
0 0.135646 0.896100 0.210852 0.167600
0 0.867995 0.545850 0.196154 0.162700
0 0.629018 0.536675 0.204794 0.164130
0 0.378214 0.539065 0.208681 0.159270
0 0.866690 0.717995 0.228709 0.165730
0 0.377335 0.360950 0.221978 0.172700
0 0.136264 0.366385 0.229121 0.189970
0 0.138462 0.545850 0.219780 0.165700
0 0.753984 0.279490 0.401374 0.314020
0 0.377418 0.181415 0.225659 0.167970
2 0.154712 0.940135 0.095247 0.026850
1 0.208915 0.917690 0.040082 0.011100
4 0.866154 0.794605 0.228489 0.011050
3 0.865069 0.781980 0.191648 0.011680
5 0.962452 0.759330 0.035124 0.028760
2 0.896985 0.759015 0.096690 0.028750
1 0.949705 0.736320 0.047184 0.013160
4 0.619712 0.799750 0.174203 0.018680
3 0.621154 0.783320 0.205412 0.014540
5 0.711463 0.755470 0.034327 0.029460
2 0.646243 0.754945 0.095398 0.028410
1 0.699684 0.732425 0.044451 0.014470
4 0.376353 0.796920 0.209162 0.017420
3 0.377129 0.781200 0.227363 0.010980
5 0.468297 0.756635 0.035412 0.027910
2 0.402679 0.755835 0.095027 0.027090
1 0.456181 0.733955 0.045302 0.010650
4 0.129560 0.792170 0.169808 0.010060
3 0.130426 0.778985 0.137308 0.012890
5 0.224554 0.750535 0.033613 0.027910
2 0.158427 0.750010 0.094299 0.027380
1 0.212569 0.728280 0.046978 0.010300
4 0.865378 0.618540 0.191497 0.017080
3 0.865769 0.603100 0.170659 0.010600
5 0.947191 0.578225 0.036635 0.027950
2 0.880426 0.578780 0.094835 0.027780
1 0.936655 0.558130 0.040646 0.010040
4 0.613942 0.612505 0.172995 0.011370
3 0.611126 0.600985 0.118791 0.012950
5 0.714293 0.572095 0.033723 0.031590
2 0.650309 0.571655 0.093640 0.030710
1 0.702397 0.549405 0.041854 0.012070
4 0.369100 0.612895 0.153585 0.010950
3 0.367974 0.599690 0.101140 0.014540
5 0.464615 0.572515 0.034258 0.028410
2 0.399794 0.572515 0.095385 0.030310
1 0.453736 0.549220 0.053764 0.013580
4 0.382370 0.437450 0.175591 0.018620
3 0.383022 0.414405 0.176896 0.024310
5 0.469087 0.383315 0.036854 0.029670
2 0.404265 0.383160 0.092788 0.029360
5 0.235082 0.391540 0.029478 0.023700
2 0.181669 0.390920 0.078475 0.023360
1 0.228022 0.372485 0.040110 0.009210
4 0.135714 0.446170 0.198544 0.030500
3 0.132905 0.418220 0.214162 0.018220
5 0.111820 0.392070 0.027459 0.025540
2 0.060151 0.392315 0.076236 0.025510
1 0.100804 0.373185 0.036937 0.009850
4 0.131882 0.618990 0.204093 0.018620
3 0.132885 0.599565 0.199451 0.019570
5 0.228880 0.570335 0.039025 0.027150
2 0.161456 0.571125 0.091484 0.027470
1 0.213771 0.549415 0.049986 0.012050
4 0.742596 0.429400 0.290357 0.014140
3 0.740707 0.412810 0.217898 0.013680
5 0.926820 0.379730 0.051195 0.044480
2 0.825309 0.379400 0.150014 0.046400
1 0.905817 0.343660 0.075151 0.020780
4 0.379210 0.254970 0.202404 0.019320
3 0.380460 0.238340 0.165453 0.013640
5 0.471655 0.211885 0.036497 0.029230
2 0.407012 0.212005 0.093585 0.028930
1 0.460460 0.190135 0.040563 0.011570
4 0.132109 0.255545 0.169959 0.019250
3 0.135172 0.238970 0.176085 0.012620
5 0.230962 0.211825 0.037280 0.030310
2 0.165838 0.212110 0.093654 0.030620
1 0.220755 0.191000 0.041209 0.010960
4 0.861319 0.969215 0.199890 0.020070
3 0.862514 0.947425 0.199588 0.021750
5 0.952026 0.913935 0.033723 0.029170
2 0.886964 0.914715 0.095632 0.027950
1 0.942582 0.892150 0.038736 0.010300
0 0.138942 0.182100 0.223214 0.167600
4 0.614052 0.969480 0.167280 0.018940
3 0.612788 0.952455 0.173434 0.013150
5 0.703255 0.927520 0.035989 0.030940
2 0.636202 0.927915 0.094299 0.029990
1 0.690941 0.905425 0.044080 0.012890
4 0.376731 0.968365 0.202912 0.019250
3 0.375913 0.952300 0.212019 0.011680
5 0.468908 0.928625 0.035041 0.028410
2 0.403331 0.928365 0.093942 0.028410
1 0.455728 0.906140 0.049863 0.013940
4 0.128984 0.974550 0.197720 0.010100
3 0.124643 0.962320 0.161868 0.010780
5 0.221985 0.938950 0.037569 0.027640
