2 0.378584 0.686620 0.122720 0.089620
3 0.234681 0.737440 0.144802 0.010500
4 0.235361 0.747375 0.165538 0.008950
2 0.377507 0.842865 0.122323 0.085450
3 0.236877 0.885885 0.080099 0.011570
4 0.236877 0.896930 0.103215 0.009460
2 0.844278 0.262140 0.129660 0.034720
5 0.928534 0.262165 0.039079 0.034170
1 0.928152 0.235955 0.037776 0.014630
5 0.929483 0.305610 0.035652 0.042980
2 0.843038 0.307160 0.129788 0.042520
3 0.740368 0.345630 0.173938 0.010420
4 0.740014 0.357310 0.211926 0.011680
1 0.928329 0.411880 0.040992 0.013840
2 0.844065 0.439400 0.127790 0.038140
5 0.929186 0.439160 0.036813 0.038720
2 0.843718 0.482870 0.128853 0.041100
5 0.929327 0.482315 0.037096 0.041110
3 0.741388 0.522595 0.288895 0.011510
4 0.739731 0.534510 0.324504 0.010360
2 0.857146 0.628710 0.128909 0.036820
1 0.930751 0.771070 0.040680 0.015500
2 0.843173 0.798265 0.130935 0.035670
0 0.768038 0.638400 0.386303 0.155800
4 0.735977 0.711570 0.273938 0.008740
3 0.730255 0.702255 0.266544 0.009590
5 0.941487 0.670590 0.037564 0.041860
2 0.857025 0.671925 0.129660 0.040750
4 0.740460 0.894595 0.295737 0.020290
3 0.737861 0.878300 0.320765 0.010480
5 0.928378 0.840985 0.038003 0.045490
2 0.842854 0.842160 0.131006 0.042320
5 0.926275 0.798050 0.035326 0.037900
5 0.940907 0.627565 0.037734 0.037370
0 0.253661 0.244470 0.370864 0.159060
0 0.232004 0.388900 0.413612 0.134400
0 0.281161 0.681060 0.318414 0.140780
0 0.259632 0.831735 0.357790 0.139530
0 0.727663 0.261700 0.437592 0.202800
0 0.751360 0.454590 0.394731 0.169020
0 0.766572 0.814695 0.379320 0.180810
0 0.267705 0.535150 0.345609 0.140100
1 0.940701 0.600640 0.038428 0.014880
2 0.378605 0.239830 0.119561 0.084500
3 0.238314 0.306245 0.101983 0.010910
3 0.235765 0.318575 0.122833 0.009270
2 0.378187 0.394150 0.120680 0.082700
3 0.240460 0.440805 0.078569 0.010390
4 0.235914 0.451605 0.088824 0.009290
2 0.377996 0.542550 0.123612 0.085500
3 0.235276 0.589595 0.092762 0.010790
4 0.236013 0.600010 0.088088 0.010100
