3 0.617404 0.227140 0.221978 0.012900
4 0.864746 0.968350 0.185536 0.020860
3 0.863929 0.951510 0.190824 0.012000
5 0.955913 0.913760 0.036854 0.028400
2 0.889354 0.914390 0.095385 0.028400
1 0.945948 0.892770 0.038159 0.010140
4 0.624272 0.960815 0.232885 0.022270
3 0.629911 0.937120 0.183860 0.024840
5 0.712473 0.906610 0.034698 0.028680
2 0.646710 0.906215 0.093942 0.028410
1 0.701971 0.884490 0.040426 0.010400
4 0.378592 0.969150 0.231964 0.020940
3 0.380391 0.942965 0.183420 0.020950
5 0.472761 0.912690 0.034341 0.029580
2 0.407205 0.912500 0.096772 0.029200
1 0.462301 0.889850 0.045920 0.014060
4 0.137273 0.970515 0.183668 0.020830
3 0.133317 0.948135 0.185234 0.021270
5 0.228929 0.917715 0.037637 0.029970
2 0.163640 0.918110 0.093654 0.028720
1 0.215130 0.896475 0.047734 0.010790
4 0.868516 0.787735 0.208022 0.019730
3 0.866271 0.765160 0.211030 0.021860
1 0.944409 0.711915 0.044725 0.012370
5 0.957734 0.733655 0.036593 0.029070
2 0.893324 0.734020 0.091374 0.028640
4 0.620337 0.794650 0.200261 0.019500
3 0.622074 0.777750 0.224808 0.012940
5 0.717239 0.749205 0.036731 0.028950
2 0.651422 0.750400 0.094245 0.027800
1 0.706456 0.728100 0.042308 0.012060
4 0.375996 0.789230 0.232074 0.020900
3 0.375014 0.765615 0.214808 0.026230
5 0.472184 0.738660 0.035852 0.027720
2 0.407397 0.738605 0.090865 0.027390
1 0.459430 0.716530 0.048997 0.014720
4 0.140742 0.798540 0.187198 0.019280
3 0.135859 0.776750 0.144519 0.022100
5 0.230639 0.747535 0.036580 0.024990
2 0.163379 0.747235 0.089918 0.026330
1 0.215742 0.726495 0.045824 0.012810
4 0.807349 0.611140 0.158379 0.010120
3 0.803008 0.599720 0.138489 0.010960
5 0.895041 0.567170 0.035192 0.026520
2 0.826957 0.567610 0.098448 0.025200
1 0.882074 0.545850 0.045797 0.011440
4 0.501538 0.607780 0.194011 0.020840
3 0.504712 0.586510 0.187308 0.021820
5 0.604890 0.557720 0.034918 0.029080
2 0.539409 0.558030 0.094588 0.030520
1 0.593530 0.535295 0.038901 0.013330
4 0.175797 0.606120 0.237885 0.023680
3 0.178290 0.580895 0.224162 0.023230
5 0.273221 0.553395 0.035343 0.029690
2 0.207287 0.553865 0.095563 0.028670
1 0.261401 0.531405 0.043434 0.010890
4 0.798276 0.433670 0.211415 0.021500
3 0.799766 0.411310 0.127967 0.024360
5 0.899519 0.382450 0.027335 0.021500
2 0.848310 0.382735 0.075275 0.020870
1 0.891140 0.365385 0.036593 0.008830
5 0.779059 0.383280 0.029766 0.020300
2 0.725639 0.383590 0.076772 0.019000
1 0.772582 0.366455 0.038681 0.010350
4 0.495378 0.432825 0.182871 0.020250
4 0.501710 0.412720 0.229766 0.015500
5 0.601120 0.387005 0.035755 0.029830
2 0.536552 0.386820 0.093654 0.029540
1 0.587933 0.365200 0.048997 0.012940
4 0.174423 0.432890 0.207280 0.020020
3 0.175364 0.409475 0.220398 0.024090
5 0.281257 0.381250 0.038146 0.030960
2 0.214615 0.380350 0.095824 0.029980
1 0.268091 0.358910 0.052033 0.013420
4 0.863441 0.247210 0.214986 0.023260
3 0.862967 0.227495 0.222665 0.015910
5 0.958139 0.201725 0.034657 0.031970
2 0.892905 0.202310 0.096360 0.029720
1 0.944650 0.177910 0.049272 0.011200
4 0.616717 0.245625 0.183104 0.021850
2 0.652548 0.206005 0.095701 0.029650
1 0.706525 0.182350 0.047665 0.011900
4 0.378489 0.251595 0.214945 0.009730
3 0.375261 0.238150 0.221648 0.013260
5 0.469499 0.211170 0.035124 0.028920
1 0.456284 0.190335 0.042404 0.012790
2 0.404265 0.211210 0.090618 0.026540
5 0.231113 0.206680 0.035577 0.029040
4 0.131497 0.251360 0.137005 0.009820
3 0.129986 0.238260 0.171264 0.010140
2 0.164691 0.207115 0.095755 0.029770
1 0.218262 0.184470 0.047047 0.011720
5 0.718839 0.205935 0.033668 0.028770
0 0.866896 0.896000 0.215659 0.168000
0 0.624306 0.892305 0.234657 0.161010
0 0.377885 0.897475 0.232418 0.164290
0 0.141717 0.901045 0.212170 0.159990
0 0.860227 0.714820 0.231195 0.167040
0 0.622115 0.719400 0.224725 0.172000
0 0.377198 0.714450 0.231593 0.170900
0 0.136964 0.727810 0.226016 0.161020
0 0.802404 0.540200 0.221291 0.152200
0 0.503365 0.538180 0.239148 0.161080
0 0.176147 0.536150 0.239464 0.166100
0 0.797644 0.358680 0.261854 0.171040
0 0.494231 0.355500 0.247802 0.175000
0 0.177919 0.360625 0.245755 0.165050
0 0.863530 0.178280 0.224588 0.161440
0 0.617376 0.177095 0.237775 0.159010
0 0.374705 0.176125 0.222569 0.160350
0 0.136470 0.179650 0.225687 0.154500
