0 0.362012 0.410185 0.297761 0.160230
4 0.851593 0.974300 0.170137 0.019700
3 0.846799 0.957160 0.192500 0.012160
5 0.961696 0.931510 0.036140 0.028780
2 0.896525 0.931955 0.093214 0.028170
1 0.947795 0.909325 0.049766 0.011890
4 0.610227 0.976370 0.185810 0.020180
3 0.602734 0.960555 0.212775 0.011450
5 0.718036 0.931480 0.036126 0.030800
2 0.651216 0.931630 0.097294 0.030340
1 0.701710 0.909780 0.044080 0.011080
4 0.377589 0.975045 0.167953 0.020450
3 0.373908 0.956495 0.204162 0.015450
5 0.470247 0.924805 0.035330 0.028330
2 0.404217 0.925840 0.094341 0.028680
1 0.456422 0.903685 0.047184 0.010150
4 0.146848 0.975625 0.211250 0.020070
3 0.143201 0.953545 0.176071 0.024090
5 0.237466 0.921370 0.035975 0.029040
2 0.170391 0.921205 0.096690 0.029670
1 0.221676 0.899165 0.041401 0.010410
4 0.855968 0.744145 0.197294 0.029090
3 0.859341 0.715145 0.179808 0.022730
5 0.960831 0.685685 0.034327 0.028030
2 0.895604 0.686200 0.096044 0.028280
1 0.949038 0.664925 0.049670 0.012950
4 0.613098 0.749415 0.174190 0.020910
3 0.616600 0.731600 0.215975 0.012000
5 0.716703 0.702780 0.037637 0.029700
2 0.650055 0.702865 0.095137 0.029530
1 0.705543 0.680635 0.045481 0.011670
4 0.379032 0.750045 0.257596 0.019730
3 0.377596 0.726580 0.217995 0.023480
5 0.473365 0.695545 0.034670 0.028410
2 0.408283 0.695600 0.094670 0.029200
1 0.461133 0.674060 0.047266 0.013240
4 0.130453 0.747415 0.203434 0.019690
3 0.131799 0.724325 0.131181 0.023450
5 0.227933 0.694890 0.036854 0.030620
2 0.162370 0.695050 0.094519 0.028720
1 0.211662 0.672385 0.062033 0.012490
4 0.886621 0.486930 0.130220 0.014180
3 0.889416 0.470825 0.111772 0.016670
5 0.951854 0.442600 0.036951 0.028000
2 0.885968 0.442685 0.094849 0.027950
0 0.125481 0.251820 0.191346 0.141960
0 0.317747 0.250250 0.173022 0.137700
0 0.505632 0.244080 0.155495 0.147840
0 0.691456 0.243160 0.197308 0.157280
1 0.941284 0.421220 0.053420 0.012420
0 0.882225 0.244365 0.175385 0.147870
0 0.185687 0.441145 0.035549 0.030950
0 0.651923 0.415970 0.265659 0.169260
4 0.655701 0.490325 0.231016 0.020250
3 0.654265 0.470625 0.186882 0.017990
5 0.767163 0.440675 0.034876 0.030510
2 0.702033 0.441240 0.095385 0.029720
1 0.757328 0.418725 0.052102 0.012050
4 0.354677 0.484360 0.251085 0.010720
3 0.354966 0.473150 0.236223 0.009100
5 0.481902 0.442475 0.032761 0.028550
2 0.416635 0.442685 0.094093 0.029410
1 0.470707 0.420490 0.046662 0.012420
4 0.109141 0.485435 0.161937 0.008150
3 0.106010 0.473150 0.140481 0.011680
2 0.120302 0.441590 0.092088 0.029780
1 0.174348 0.419760 0.052129 0.010960
4 0.882328 0.313205 0.136140 0.009350
3 0.882150 0.300670 0.106580 0.013680
5 0.952486 0.267595 0.034753 0.030070
2 0.886724 0.267965 0.096964 0.030030
1 0.939663 0.245500 0.049684 0.012060
4 0.689505 0.315050 0.119835 0.013900
3 0.689025 0.299890 0.190769 0.013220
5 0.754945 0.270275 0.033104 0.029690
2 0.690714 0.270160 0.090934 0.028720
1 0.746113 0.247250 0.049368 0.012280
4 0.494863 0.301035 0.092143 0.010530
3 0.493496 0.312900 0.116827 0.009860
5 0.559952 0.270700 0.033832 0.030660
2 0.493915 0.270895 0.095742 0.030250
1 0.547569 0.248305 0.049505 0.011570
4 0.300968 0.312355 0.137294 0.011830
3 0.302342 0.301025 0.104876 0.011690
5 0.378743 0.271465 0.034712 0.029830
2 0.313434 0.270890 0.095742 0.030620
1 0.365158 0.248900 0.044602 0.011800
0 0.113805 0.425915 0.178434 0.126970
4 0.110577 0.312800 0.087637 0.019280
3 0.110268 0.298480 0.145948 0.008840
5 0.207363 0.277750 0.023736 0.020300
2 0.165137 0.277605 0.060330 0.019730
1 0.199588 0.263300 0.033242 0.008200
5 0.102095 0.276295 0.023475 0.019290
2 0.059766 0.276295 0.059313 0.019510
1 0.094485 0.261340 0.031580 0.008980
0 0.865343 0.885435 0.232857 0.200290
0 0.616683 0.877125 0.240261 0.219150
0 0.144025 0.877710 0.222940 0.217960
0 0.867926 0.633350 0.221841 0.251100
0 0.628091 0.634100 0.236126 0.252600
0 0.378839 0.632940 0.257981 0.254120
0 0.136951 0.636035 0.219505 0.242930
0 0.375206 0.877170 0.223489 0.217660
0 0.884176 0.415445 0.174780 0.157310
