5 0.717418 0.914340 0.035824 0.029160
0 0.140515 0.185600 0.209904 0.130600
0 0.384361 0.193835 0.193036 0.124610
0 0.145460 0.363455 0.201937 0.146890
0 0.392170 0.356350 0.182692 0.156500
0 0.623379 0.174245 0.224121 0.164710
0 0.863118 0.176930 0.229808 0.163540
0 0.623249 0.350660 0.223558 0.168680
0 0.864080 0.351205 0.233379 0.169990
0 0.139540 0.537720 0.221195 0.156960
0 0.378846 0.544490 0.225549 0.147920
0 0.867473 0.536010 0.224121 0.167180
0 0.141353 0.729935 0.224437 0.160130
0 0.378640 0.725095 0.227060 0.168610
0 0.623008 0.716420 0.229258 0.168560
0 0.866298 0.712260 0.232047 0.172120
0 0.144286 0.895590 0.207857 0.169420
0 0.383104 0.901365 0.235165 0.161070
0 0.862706 0.910500 0.233104 0.136600
0 0.623345 0.894225 0.222541 0.170170
3 0.619897 0.400065 0.174821 0.024090
4 0.621463 0.424950 0.188558 0.019500
1 0.946071 0.343550 0.050440 0.011700
2 0.890769 0.364850 0.093654 0.027280
5 0.958407 0.365605 0.036429 0.028790
3 0.865955 0.400815 0.222266 0.022770
4 0.864430 0.425125 0.232953 0.021410
1 0.211580 0.527440 0.067198 0.020520
2 0.165144 0.552200 0.094080 0.026860
5 0.231470 0.553305 0.036016 0.026550
3 0.137479 0.581335 0.182102 0.023070
4 0.138681 0.604690 0.172225 0.021220
1 0.463056 0.548815 0.044904 0.009310
2 0.408578 0.569695 0.093942 0.028930
5 0.473413 0.569605 0.035728 0.029050
3 0.382630 0.600400 0.134409 0.011800
4 0.382088 0.613390 0.166209 0.008440
1 0.705701 0.551750 0.045467 0.010500
2 0.652768 0.573905 0.095646 0.029390
5 0.717610 0.572290 0.034121 0.027400
5 0.226717 0.207095 0.035522 0.028710
1 0.214396 0.184890 0.053626 0.012500
2 0.160962 0.206875 0.095027 0.028670
3 0.134739 0.233175 0.120632 0.011310
4 0.133935 0.245455 0.135701 0.010310
1 0.453152 0.187420 0.053860 0.013440
2 0.396806 0.209205 0.095453 0.027190
5 0.462747 0.209100 0.035220 0.027860
3 0.377569 0.239140 0.120440 0.011400
4 0.377569 0.251065 0.132253 0.009730
1 0.214073 0.371760 0.049382 0.010520
2 0.160900 0.393260 0.096772 0.028780
5 0.227699 0.393550 0.036882 0.027580
3 0.130069 0.419805 0.124286 0.010530
4 0.131106 0.431265 0.134766 0.010230
1 0.453269 0.368645 0.050220 0.011310
2 0.397692 0.391975 0.097555 0.028410
5 0.464794 0.391190 0.037005 0.029080
3 0.367672 0.418380 0.120096 0.010100
4 0.367940 0.429010 0.134780 0.010520
1 0.704409 0.174995 0.052088 0.014050
2 0.650968 0.198665 0.094547 0.025450
5 0.717074 0.198225 0.035797 0.029390
3 0.620316 0.228490 0.200824 0.013640
4 0.621202 0.246040 0.192514 0.019720
1 0.947191 0.167410 0.042157 0.012600
2 0.895810 0.189760 0.094093 0.027280
5 0.961044 0.188645 0.033874 0.028330
3 0.866078 0.221520 0.209162 0.025000
4 0.866408 0.247305 0.188338 0.022210
1 0.703777 0.345680 0.054505 0.012740
2 0.651236 0.367385 0.093352 0.025890
5 0.717205 0.368250 0.034931 0.028500
3 0.619801 0.601480 0.124959 0.010520
4 0.621003 0.613485 0.147830 0.008550
4 0.622321 0.544040 0.228159 0.148320
1 0.951628 0.547945 0.046717 0.008510
2 0.897878 0.570120 0.094849 0.028020
5 0.962431 0.569200 0.033654 0.029600
3 0.865721 0.602115 0.177184 0.011110
4 0.866161 0.614295 0.194904 0.010390
1 0.221930 0.729105 0.049931 0.010050
2 0.168427 0.750550 0.098640 0.027280
5 0.235206 0.750310 0.035412 0.029200
3 0.137775 0.781230 0.207280 0.013640
4 0.139025 0.799535 0.204780 0.019330
1 0.461724 0.722330 0.047266 0.011540
2 0.408640 0.745000 0.092500 0.028200
5 0.473365 0.744645 0.037418 0.028770
3 0.384107 0.776955 0.191813 0.021270
4 0.385460 0.798250 0.140069 0.019900
1 0.706820 0.732010 0.041854 0.011180
2 0.652060 0.753805 0.093654 0.028130
5 0.717734 0.753585 0.037390 0.027950
3 0.625831 0.780825 0.222266 0.014090
4 0.622438 0.794900 0.228475 0.011000
1 0.832898 0.738560 0.037637 0.008680
2 0.789286 0.756690 0.077198 0.022420
5 0.842679 0.755875 0.029615 0.023890
1 0.954231 0.736720 0.035522 0.010080
2 0.910055 0.755135 0.076181 0.022350
5 0.963475 0.754530 0.028901 0.023260
3 0.865391 0.780140 0.167953 0.012720
4 0.865728 0.792870 0.208379 0.010000
1 0.219499 0.908000 0.046607 0.013680
2 0.165275 0.930600 0.095549 0.028800
5 0.231442 0.930425 0.034286 0.028030
3 0.136786 0.963505 0.123132 0.010730
4 0.137424 0.974865 0.150426 0.010730
1 0.461133 0.907370 0.043063 0.010500
2 0.408462 0.929575 0.094313 0.027350
5 0.474739 0.928785 0.035742 0.030250
3 0.382026 0.962370 0.140481 0.010980
4 0.383846 0.975815 0.173791 0.010610
1 0.701126 0.892615 0.037940 0.010790
2 0.650364 0.914495 0.093338 0.030250
3 0.619911 0.945540 0.187926 0.024920
4 0.621120 0.968755 0.184135 0.019110
1 0.835913 0.921725 0.035371 0.008770
2 0.789320 0.940350 0.078585 0.024100
5 0.845865 0.940285 0.029505 0.025230
1 0.956216 0.921420 0.037212 0.011040
2 0.908345 0.940010 0.081662 0.023980
5 0.964712 0.939610 0.028901 0.023700
3 0.865900 0.962980 0.135508 0.011040
4 0.864773 0.973555 0.167651 0.010790
