0 0.752429 0.816775 0.416671 0.175410
0 0.765248 0.463115 0.381402 0.173430
0 0.749858 0.278690 0.435411 0.174020
5 0.450255 0.623290 0.032040 0.037880
1 0.447118 0.596455 0.035793 0.013670
2 0.364908 0.623565 0.129391 0.035330
0 0.751275 0.636750 0.420680 0.159300
4 0.751990 0.898925 0.303130 0.009850
3 0.756069 0.886780 0.312252 0.012160
5 0.940446 0.853805 0.032422 0.040270
2 0.856140 0.854470 0.125113 0.039740
5 0.940411 0.810590 0.033541 0.035800
1 0.941976 0.782245 0.036870 0.013550
2 0.855276 0.811050 0.126530 0.035980
4 0.255687 0.893870 0.146048 0.009460
0 0.293938 0.274110 0.376544 0.188420
4 0.751239 0.361970 0.325113 0.008180
2 0.363661 0.446970 0.128116 0.036360
1 0.450963 0.419740 0.039915 0.015000
5 0.447861 0.447050 0.033229 0.037480
2 0.363895 0.491115 0.129150 0.042570
5 0.448959 0.491095 0.035765 0.043270
2 0.863640 0.316020 0.127875 0.042920
5 0.949030 0.272775 0.035765 0.038510
3 0.755942 0.349885 0.219419 0.013090
1 0.948584 0.245000 0.037564 0.015160
2 0.864001 0.272875 0.126105 0.035350
4 0.256579 0.361820 0.276841 0.010600
3 0.256381 0.350150 0.187805 0.008900
5 0.463775 0.312545 0.035028 0.042490
2 0.378683 0.315975 0.131020 0.041950
5 0.464008 0.272245 0.032606 0.037710
1 0.463463 0.244860 0.039079 0.015160
2 0.378392 0.273335 0.125368 0.037270
0 0.250992 0.639200 0.431728 0.162600
5 0.949030 0.315370 0.033980 0.042340
3 0.256863 0.526875 0.242592 0.012550
4 0.257493 0.539065 0.254306 0.009130
2 0.850085 0.453355 0.128159 0.035050
1 0.936608 0.426970 0.038088 0.015900
5 0.934958 0.453745 0.033938 0.036310
2 0.850340 0.496980 0.127365 0.039780
5 0.934724 0.497235 0.032195 0.041670
3 0.749603 0.532645 0.212408 0.012270
4 0.748527 0.545145 0.325411 0.010470
2 0.370425 0.798230 0.126714 0.036000
1 0.453796 0.770800 0.038895 0.012940
5 0.452904 0.797425 0.036487 0.039270
2 0.369327 0.841705 0.128768 0.041410
0 0.260269 0.458100 0.422521 0.171400
0 0.253180 0.823975 0.439816 0.149230
5 0.451034 0.841605 0.032210 0.041610
3 0.257054 0.882250 0.114221 0.009300
4 0.751870 0.711085 0.381246 0.009570
3 0.754533 0.700465 0.326346 0.011330
5 0.944115 0.662980 0.034150 0.042560
2 0.858987 0.663815 0.129646 0.042010
5 0.943697 0.619560 0.034476 0.037920
1 0.942620 0.592580 0.036431 0.013240
2 0.858654 0.620345 0.126884 0.034590
4 0.256006 0.716905 0.145779 0.008410
3 0.257741 0.705465 0.109079 0.011050
5 0.448569 0.666535 0.032040 0.044710
2 0.365262 0.668535 0.128314 0.043250
