2 0.650749 0.197120 0.096854 0.029280
5 0.958249 0.563785 0.032514 0.029070
2 0.891786 0.563720 0.095824 0.030020
1 0.945261 0.541600 0.043819 0.011000
4 0.624622 0.617595 0.230975 0.020810
3 0.626518 0.595395 0.189794 0.021870
5 0.720852 0.560955 0.035824 0.029390
2 0.654760 0.561080 0.096360 0.029640
1 0.710433 0.537910 0.050288 0.014900
3 0.864595 0.595195 0.193805 0.024330
4 0.865529 0.618665 0.201745 0.020330
4 0.384636 0.617095 0.213146 0.019810
3 0.381037 0.594685 0.210288 0.021330
5 0.473104 0.558520 0.036456 0.030900
0 0.136092 0.180900 0.225618 0.168200
2 0.406793 0.559010 0.096470 0.030380
1 0.461497 0.535640 0.044396 0.013480
4 0.136071 0.619290 0.202005 0.021500
3 0.135309 0.594915 0.225014 0.024070
2 0.165556 0.564040 0.097074 0.030100
1 0.216902 0.542760 0.045288 0.011400
4 0.861305 0.434325 0.199011 0.020210
3 0.859952 0.416865 0.218255 0.011830
5 0.952933 0.392830 0.035371 0.030600
2 0.886683 0.392630 0.095701 0.030900
1 0.939423 0.369900 0.048626 0.011200
4 0.611120 0.436665 0.163997 0.019410
3 0.609540 0.420690 0.170453 0.012540
5 0.707074 0.392450 0.034203 0.030100
2 0.641332 0.393245 0.096951 0.028510
1 0.692335 0.370385 0.043901 0.010770
4 0.379224 0.255555 0.224519 0.018490
4 0.377816 0.431450 0.191071 0.009300
3 0.373551 0.418675 0.168008 0.010050
5 0.472067 0.392030 0.034519 0.029040
2 0.406690 0.392190 0.094093 0.029040
1 0.459794 0.369820 0.038379 0.009640
0 0.134890 0.357760 0.224725 0.177100
4 0.133214 0.435380 0.216016 0.020460
3 0.134691 0.412775 0.225179 0.023590
5 0.227205 0.384740 0.035893 0.030500
2 0.161216 0.385480 0.095701 0.029440
4 0.865982 0.255545 0.225453 0.020110
3 0.864059 0.233240 0.211277 0.024600
5 0.958372 0.203060 0.034904 0.030520
2 0.892734 0.203485 0.096099 0.029990
1 0.943290 0.180050 0.043997 0.011740
0 0.620309 0.189850 0.231909 0.154100
4 0.620192 0.254965 0.224451 0.022070
3 0.623468 0.232135 0.217266 0.022770
5 0.718008 0.195550 0.036374 0.030340
1 0.708214 0.172315 0.041346 0.014330
3 0.378276 0.233100 0.224135 0.023200
5 0.472239 0.190485 0.035742 0.029930
2 0.406477 0.190585 0.095755 0.030030
1 0.456710 0.168320 0.047486 0.013420
4 0.135783 0.255410 0.224588 0.018680
3 0.136023 0.232885 0.225398 0.023630
5 0.230810 0.190105 0.036593 0.029170
2 0.164760 0.190435 0.093942 0.028930
1 0.217315 0.167835 0.048613 0.013070
1 0.214409 0.361290 0.047005 0.011800
4 0.378503 0.967410 0.224038 0.020180
0 0.862589 0.894750 0.221525 0.159300
0 0.622871 0.893500 0.230907 0.169800
0 0.378846 0.893830 0.225275 0.167260
0 0.135920 0.896275 0.226841 0.159090
0 0.864581 0.722490 0.225508 0.171420
0 0.625934 0.724100 0.222582 0.169800
0 0.382280 0.727985 0.229121 0.160230
0 0.866071 0.181750 0.225549 0.167700
0 0.137843 0.721000 0.228159 0.175000
0 0.220879 0.719430 0.048709 0.011820
0 0.869499 0.540365 0.211003 0.177070
0 0.624588 0.539000 0.230769 0.178600
0 0.383379 0.546200 0.215659 0.164200
0 0.136126 0.541365 0.227198 0.178530
0 0.232136 0.563685 0.035893 0.030070
0 0.860495 0.362050 0.219945 0.165100
0 0.624382 0.361070 0.200412 0.171260
0 0.385920 0.355800 0.207005 0.160800
2 0.165996 0.743300 0.095014 0.029600
5 0.230941 0.742655 0.034519 0.031850
3 0.137589 0.775140 0.227266 0.023640
4 0.137658 0.798570 0.225453 0.019860
1 0.463935 0.723810 0.047679 0.012240
2 0.410879 0.745750 0.090604 0.027900
5 0.476587 0.746250 0.034190 0.028300
3 0.381848 0.775275 0.201690 0.024550
4 0.384609 0.797985 0.223091 0.020230
1 0.704409 0.722720 0.047170 0.011040
2 0.651003 0.743250 0.093516 0.027200
5 0.716628 0.744295 0.038558 0.029890
3 0.625680 0.775980 0.200041 0.022640
4 0.623935 0.798630 0.206250 0.020660
1 0.948880 0.720085 0.048777 0.011670
2 0.889196 0.743950 0.091827 0.028300
5 0.956161 0.743485 0.035481 0.028770
3 0.865117 0.775120 0.205508 0.024360
4 0.864973 0.798650 0.225000 0.019300
1 0.211580 0.908645 0.042445 0.010090
2 0.158084 0.931560 0.097816 0.029280
5 0.224760 0.931375 0.034629 0.029810
3 0.131696 0.957275 0.203091 0.011550
4 0.136133 0.969720 0.226332 0.012500
1 0.461799 0.893685 0.044918 0.010410
2 0.408228 0.916375 0.092060 0.028450
5 0.474526 0.915120 0.033805 0.028160
3 0.377136 0.944625 0.221030 0.021810
1 0.705014 0.893460 0.044258 0.011860
2 0.648063 0.916160 0.095357 0.028720
5 0.715405 0.915490 0.033118 0.028740
3 0.620261 0.944075 0.177335 0.023250
4 0.622802 0.968180 0.229945 0.019640
1 0.943448 0.893905 0.050742 0.014430
2 0.888558 0.917705 0.094286 0.026410
5 0.954773 0.916425 0.037212 0.028410
3 0.861401 0.943300 0.217857 0.011400
4 0.861120 0.962180 0.199739 0.023180
0 0.378049 0.174375 0.225962 0.180770
