5 0.954918 0.610850 0.033626 0.030500
1 0.226161 0.596040 0.053448 0.013160
2 0.169815 0.617745 0.094657 0.028670
5 0.235323 0.617440 0.036497 0.029480
3 0.136181 0.643250 0.234643 0.012880
4 0.137198 0.660860 0.194011 0.019320
1 0.457239 0.586440 0.053104 0.013420
2 0.400185 0.608910 0.098640 0.030580
4 0.786154 0.974050 0.330440 0.010960
3 0.790041 0.961855 0.262225 0.013110
5 0.920220 0.936875 0.035549 0.031050
2 0.854190 0.936915 0.095742 0.031430
1 0.908008 0.914470 0.052088 0.012500
4 0.459299 0.970555 0.195137 0.019310
3 0.453510 0.952800 0.247239 0.012600
5 0.600996 0.929620 0.034547 0.030920
2 0.535646 0.929955 0.096346 0.030490
1 0.590934 0.907295 0.048077 0.011570
4 0.150027 0.967660 0.157363 0.021320
3 0.162527 0.950360 0.234808 0.013180
5 0.278716 0.924585 0.033723 0.030710
2 0.212356 0.925135 0.098860 0.031810
1 0.266346 0.902240 0.052473 0.012440
4 0.862335 0.805320 0.204533 0.021820
3 0.861078 0.786115 0.210288 0.015150
5 0.958929 0.758850 0.033242 0.028620
2 0.894169 0.758350 0.096607 0.029380
1 0.947974 0.737275 0.051854 0.012310
4 0.619897 0.804005 0.185426 0.020450
3 0.620659 0.787690 0.201181 0.012620
5 0.711243 0.762260 0.034025 0.030900
2 0.645776 0.762505 0.096360 0.031810
1 0.700893 0.740100 0.052610 0.011000
4 0.377260 0.806515 0.169190 0.020930
3 0.379554 0.788655 0.206552 0.014930
2 0.401758 0.759865 0.095989 0.030070
5 0.467143 0.760215 0.034396 0.029650
1 0.456635 0.738435 0.054588 0.012250
4 0.135577 0.806600 0.181841 0.022400
3 0.133695 0.790305 0.195165 0.011690
5 0.229842 0.757940 0.036223 0.030120
2 0.162747 0.757340 0.097418 0.030320
1 0.219478 0.735585 0.055000 0.012770
0 0.858242 0.588640 0.232692 0.165120
4 0.859567 0.660790 0.228860 0.019020
3 0.857184 0.639560 0.198516 0.022700
2 0.888750 0.611415 0.098022 0.031270
5 0.466724 0.608975 0.034327 0.030250
3 0.368317 0.640600 0.164766 0.024620
4 0.376607 0.663400 0.201181 0.020200
0 0.377679 0.592540 0.215522 0.163720
2 0.698297 0.594105 0.052582 0.012210
2 0.644038 0.616410 0.096951 0.031180
5 0.709492 0.616540 0.034038 0.032120
3 0.610261 0.641680 0.159698 0.013420
4 0.610982 0.656275 0.198723 0.012630
1 0.942995 0.589510 0.049451 0.011660
0 0.136538 0.586950 0.235714 0.167500
0 0.617514 0.601195 0.218269 0.123010
0 0.134959 0.745100 0.226786 0.145800
0 0.380426 0.748630 0.208929 0.137160
0 0.621772 0.744450 0.213049 0.139500
0 0.865488 0.744210 0.219574 0.143580
0 0.170199 0.898620 0.251745 0.159320
0 0.474038 0.900200 0.289011 0.161000
0 0.786882 0.904655 0.330632 0.150890
