0 0.377953 0.368520 0.228434 0.176020
4 0.829712 0.970490 0.221071 0.018980
3 0.824231 0.946305 0.160852 0.025570
5 0.951635 0.912710 0.034615 0.029980
2 0.885975 0.913505 0.096346 0.029230
1 0.937644 0.891495 0.046140 0.011870
4 0.500103 0.970345 0.234959 0.019990
3 0.501587 0.952045 0.262239 0.013090
5 0.659354 0.924345 0.036374 0.029230
2 0.592335 0.924995 0.095742 0.029730
1 0.646085 0.901705 0.042720 0.011090
4 0.182445 0.970870 0.184286 0.020120
3 0.171477 0.949460 0.275728 0.010320
5 0.316195 0.923450 0.035302 0.028800
2 0.250405 0.923645 0.096360 0.029410
1 0.303516 0.901675 0.044286 0.011410
4 0.862514 0.793490 0.218516 0.011400
3 0.860172 0.779300 0.143091 0.011000
5 0.841085 0.755095 0.028846 0.023930
2 0.787074 0.755150 0.078269 0.023600
1 0.827988 0.737280 0.036772 0.010540
5 0.958551 0.755985 0.029437 0.023850
2 0.905962 0.756380 0.075440 0.023240
1 0.950433 0.738240 0.031277 0.008480
4 0.619437 0.799160 0.197115 0.020520
4 0.619739 0.775265 0.221126 0.024270
5 0.715288 0.743555 0.034670 0.028930
2 0.649835 0.743885 0.094835 0.029750
1 0.699499 0.721890 0.045591 0.014000
5 0.477232 0.749440 0.024684 0.021920
2 0.428400 0.749800 0.070755 0.021500
1 0.468345 0.733080 0.036168 0.009280
4 0.375556 0.798550 0.213723 0.018640
3 0.378771 0.776260 0.201387 0.024220
5 0.359904 0.749890 0.028544 0.020780
2 0.310398 0.749890 0.071181 0.022880
1 0.348633 0.732925 0.036799 0.009290
4 0.125632 0.799935 0.167390 0.020050
3 0.126133 0.777960 0.190948 0.023520
5 0.228118 0.744820 0.035907 0.029960
2 0.162191 0.744575 0.097294 0.029170
1 0.217163 0.721160 0.044409 0.012420
4 0.860350 0.613705 0.189739 0.009090
3 0.861813 0.600810 0.146099 0.009880
5 0.959107 0.569575 0.034698 0.028670
2 0.893530 0.569180 0.097198 0.029460
1 0.947005 0.547090 0.053104 0.011580
4 0.632198 0.618530 0.197912 0.020500
3 0.629945 0.601250 0.169093 0.011840
5 0.717266 0.569770 0.034258 0.028720
2 0.652012 0.570245 0.094519 0.030310
1 0.703716 0.548330 0.047404 0.012940
4 0.377837 0.623740 0.194794 0.029920
3 0.378894 0.594920 0.217898 0.023180
5 0.476044 0.562930 0.033626 0.028860
2 0.410295 0.562875 0.096690 0.029070
1 0.459863 0.541210 0.048709 0.014100
4 0.133345 0.618805 0.219519 0.018590
3 0.131861 0.600470 0.208640 0.011020
5 0.229773 0.569670 0.033860 0.027180
2 0.163915 0.569230 0.097857 0.028060
1 0.216937 0.546680 0.046071 0.011840
4 0.859293 0.431970 0.207596 0.012120
3 0.858613 0.419390 0.171703 0.012120
5 0.958262 0.386285 0.035206 0.027890
2 0.893489 0.386160 0.095027 0.029640
1 0.945989 0.364825 0.041703 0.011190
4 0.631380 0.431715 0.193723 0.011230
3 0.629306 0.418170 0.135261 0.011660
2 0.651662 0.387310 0.095824 0.030960
1 0.705570 0.364140 0.046168 0.012600
4 0.377514 0.440015 0.206044 0.033330
3 0.377589 0.410700 0.200041 0.025640
5 0.469519 0.381770 0.028242 0.023340
2 0.416003 0.382030 0.077775 0.023340
1 0.458056 0.364570 0.034190 0.008300
5 0.355433 0.381810 0.026662 0.021800
2 0.302445 0.382310 0.076703 0.024180
1 0.345082 0.364610 0.035934 0.009240
4 0.134190 0.431800 0.225467 0.009780
3 0.130343 0.419220 0.200412 0.012320
5 0.228214 0.388055 0.033407 0.028290
2 0.163338 0.388635 0.097500 0.028410
1 0.217390 0.366495 0.045769 0.012270
4 0.860467 0.250930 0.179808 0.011360
3 0.860584 0.237910 0.142953 0.011780
5 0.960405 0.206830 0.031909 0.028940
2 0.893860 0.207380 0.095742 0.029600
1 0.947095 0.184450 0.041250 0.012500
4 0.622177 0.251090 0.207679 0.012000
3 0.622637 0.239100 0.150330 0.011400
2 0.646641 0.206880 0.094080 0.029840
1 0.699402 0.186070 0.047871 0.010600
4 0.372967 0.245840 0.187308 0.022280
3 0.373757 0.223290 0.204135 0.022320
1 0.457163 0.172280 0.044602 0.012560
4 0.130343 0.256310 0.185055 0.020240
3 0.130701 0.233430 0.191896 0.023460
5 0.107459 0.203985 0.023544 0.022170
2 0.060213 0.204070 0.071058 0.021920
1 0.097493 0.187805 0.034025 0.009870
5 0.220673 0.203395 0.026841 0.021370
5 0.471937 0.192610 0.032500 0.026820
2 0.404595 0.193250 0.098228 0.027300
2 0.172342 0.203305 0.069712 0.022350
1 0.210776 0.187125 0.033448 0.008250
5 0.716277 0.386300 0.033379 0.029200
0 0.841683 0.895700 0.263255 0.168160
0 0.523420 0.899970 0.308104 0.162460
0 0.183516 0.897665 0.300000 0.166730
0 0.863620 0.715825 0.231827 0.166450
0 0.621566 0.723935 0.224451 0.172130
0 0.379609 0.725710 0.221827 0.164580
0 0.135783 0.721915 0.219643 0.177170
0 0.871099 0.539935 0.213324 0.155870
0 0.629464 0.542800 0.209753 0.173200
0 0.378118 0.549165 0.230302 0.178870
0 0.135117 0.542750 0.223255 0.170900
0 0.865240 0.353335 0.220343 0.170730
0 0.632486 0.353690 0.202060 0.169380
0 0.134066 0.362650 0.226099 0.148500
0 0.873620 0.177900 0.206058 0.156800
0 0.623489 0.181450 0.210165 0.151100
0 0.711415 0.206565 0.034148 0.027410
0 0.377136 0.174620 0.222926 0.165600
0 0.129320 0.185600 0.209766 0.162400
