2 0.407479 0.201255 0.097404 0.029910
1 0.461655 0.177755 0.051964 0.011570
4 0.127857 0.255635 0.203352 0.019250
3 0.128798 0.239395 0.183338 0.011790
2 0.164959 0.205820 0.094505 0.028680
5 0.229492 0.206650 0.037720 0.029360
1 0.217507 0.184860 0.050179 0.012620
0 0.856999 0.898040 0.198365 0.164720
0 0.380495 0.909010 0.225000 0.138000
0 0.617898 0.906500 0.219148 0.148900
0 0.864663 0.722270 0.231662 0.174260
0 0.140762 0.897940 0.236058 0.162320
0 0.617548 0.723165 0.251717 0.174070
0 0.373468 0.726120 0.231058 0.169520
0 0.141133 0.725980 0.211140 0.172640
0 0.863084 0.539690 0.236003 0.178900
0 0.622960 0.538930 0.221168 0.178680
0 0.380481 0.540335 0.249945 0.178750
0 0.138207 0.537780 0.224766 0.180540
0 0.865254 0.359235 0.219519 0.180590
0 0.621648 0.360030 0.246621 0.175060
0 0.379313 0.359980 0.225659 0.171360
0 0.137122 0.357380 0.221085 0.175680
0 0.861745 0.190045 0.228571 0.135490
0 0.625364 0.179190 0.229217 0.181980
0 0.375701 0.183265 0.237335 0.165070
0 0.133276 0.187940 0.229876 0.154540
3 0.864100 0.414645 0.146250 0.023890
4 0.862383 0.969980 0.144382 0.020200
3 0.864121 0.953085 0.181676 0.011050
2 0.872418 0.927865 0.097857 0.029370
1 0.927830 0.906555 0.053297 0.012930
5 0.938331 0.927335 0.035398 0.028670
4 0.614595 0.975340 0.150893 0.009780
3 0.614299 0.963885 0.102445 0.010990
2 0.636916 0.937935 0.096690 0.030930
5 0.703297 0.937060 0.037225 0.031320
1 0.689677 0.913765 0.044327 0.013250
4 0.374272 0.968275 0.196896 0.019550
3 0.375179 0.949580 0.207692 0.013740
2 0.407905 0.918525 0.095810 0.030610
5 0.474821 0.918325 0.036126 0.030910
1 0.462177 0.895955 0.040151 0.011410
4 0.141305 0.974920 0.234698 0.007760
3 0.139897 0.964390 0.142734 0.008980
5 0.222321 0.936780 0.035165 0.031300
2 0.156085 0.937385 0.097060 0.030110
1 0.210027 0.915000 0.036264 0.009400
4 0.864966 0.799050 0.230783 0.021300
3 0.863668 0.776660 0.229533 0.022960
5 0.958084 0.746075 0.036140 0.029770
2 0.889821 0.746080 0.099698 0.029860
1 0.945247 0.723960 0.050275 0.012240
4 0.621566 0.800480 0.223214 0.019700
3 0.619588 0.783320 0.219780 0.013640
5 0.708201 0.756205 0.034258 0.029390
2 0.642665 0.757035 0.096264 0.029270
1 0.696154 0.735495 0.047418 0.011510
4 0.374341 0.799455 0.181676 0.022730
3 0.373317 0.781185 0.228503 0.014230
2 0.400694 0.757825 0.095398 0.030010
5 0.466614 0.756635 0.035728 0.028170
1 0.453805 0.735595 0.046978 0.010810
4 0.131532 0.802215 0.188805 0.021010
3 0.130268 0.782275 0.182816 0.011510
2 0.163681 0.755685 0.095907 0.031630
5 0.229924 0.754060 0.035124 0.030020
1 0.217926 0.732835 0.041896 0.010070
4 0.863949 0.618325 0.226497 0.020830
3 0.863400 0.595145 0.236635 0.024550
2 0.887974 0.563500 0.095096 0.031240
5 0.953297 0.562850 0.035632 0.028520
1 0.940124 0.541205 0.052940 0.012630
4 0.621456 0.618685 0.178984 0.019730
3 0.616154 0.602155 0.196676 0.014010
2 0.651470 0.568670 0.097610 0.030540
5 0.718956 0.567605 0.035989 0.029710
1 0.705021 0.545705 0.049657 0.013150
4 0.381394 0.618915 0.249739 0.022390
3 0.380357 0.594670 0.185220 0.024660
2 0.400907 0.564755 0.096593 0.030090
5 0.467019 0.564235 0.035632 0.029410
1 0.457163 0.542650 0.047679 0.012020
4 0.130199 0.618310 0.198750 0.019360
3 0.130302 0.601775 0.206429 0.011990
2 0.164210 0.574735 0.096470 0.028930
5 0.231731 0.574945 0.039011 0.028410
1 0.221930 0.552470 0.050426 0.012600
4 0.860275 0.438315 0.209670 0.022010
4 0.863812 0.414850 0.147761 0.025760
2 0.889004 0.383615 0.096607 0.029970
5 0.955872 0.383255 0.036635 0.029250
1 0.943832 0.361430 0.049560 0.013700
4 0.621566 0.437500 0.160769 0.020460
3 0.621463 0.414785 0.161827 0.022910
2 0.652136 0.385165 0.096525 0.031130
5 0.718159 0.382725 0.033874 0.029790
1 0.707445 0.361855 0.043901 0.010590
4 0.378276 0.436070 0.226332 0.020860
3 0.377081 0.418540 0.200316 0.011780
5 0.468180 0.395250 0.034299 0.030900
2 0.402438 0.396055 0.096250 0.030330
1 0.455694 0.372240 0.048091 0.012480
4 0.134306 0.435380 0.214354 0.018940
3 0.133352 0.420160 0.191538 0.008320
2 0.164499 0.393490 0.096827 0.028960
5 0.230515 0.392715 0.034629 0.030690
1 0.219732 0.371020 0.048723 0.011260
4 0.866772 0.251160 0.219780 0.013640
3 0.868317 0.237420 0.171332 0.011240
2 0.878997 0.211245 0.097115 0.030690
5 0.948455 0.209905 0.039025 0.030610
1 0.934004 0.188050 0.047047 0.011880
4 0.621834 0.252795 0.203036 0.034910
3 0.623462 0.221610 0.196044 0.024820
2 0.653977 0.191245 0.097569 0.030470
5 0.721058 0.191050 0.035247 0.030900
1 0.705810 0.169110 0.044258 0.010280
4 0.378372 0.255765 0.216442 0.019690
3 0.377315 0.232165 0.193475 0.023670
5 0.474787 0.200550 0.036580 0.029880
