4 0.865337 0.431230 0.211277 0.010960
3 0.863839 0.419150 0.216525 0.014180
5 0.959691 0.387610 0.034876 0.030320
2 0.893386 0.387925 0.097981 0.029350
1 0.946236 0.366605 0.049341 0.011270
4 0.621298 0.432195 0.142019 0.009550
3 0.618468 0.419155 0.185810 0.015270
5 0.716209 0.390155 0.032775 0.029170
2 0.650652 0.389775 0.097294 0.029930
1 0.704712 0.367265 0.044863 0.012930
4 0.375652 0.432125 0.182926 0.012770
3 0.373468 0.418495 0.174821 0.010950
5 0.473249 0.390230 0.037212 0.030800
2 0.406896 0.390825 0.094835 0.029590
1 0.460275 0.366960 0.048516 0.011740
4 0.138894 0.432080 0.211030 0.011860
3 0.137342 0.417540 0.231635 0.015500
5 0.231786 0.387580 0.035549 0.031560
2 0.164574 0.387845 0.097912 0.030250
1 0.218668 0.364685 0.050440 0.011510
4 0.864629 0.242925 0.203187 0.021010
3 0.868393 0.219525 0.224753 0.025530
5 0.958029 0.187275 0.036497 0.030510
2 0.892212 0.187585 0.095824 0.030610
1 0.947005 0.165580 0.045522 0.010780
4 0.619794 0.251090 0.157830 0.010100
3 0.619588 0.238430 0.172940 0.010900
5 0.715467 0.208545 0.035549 0.028490
2 0.649973 0.209140 0.096264 0.031060
1 0.704959 0.187530 0.055632 0.011860
4 0.378510 0.251095 0.133970 0.008210
3 0.377857 0.240235 0.164423 0.013630
2 0.408620 0.209025 0.096772 0.027730
1 0.461538 0.187015 0.052033 0.013250
4 0.140185 0.251460 0.145975 0.008940
3 0.141332 0.239020 0.203544 0.013180
5 0.232157 0.207050 0.035962 0.030460
2 0.165838 0.207185 0.097308 0.029970
1 0.217191 0.183110 0.053063 0.013180
0 0.141930 0.172900 0.217514 0.166600
0 0.621511 0.904590 0.229231 0.150620
0 0.867308 0.715270 0.225275 0.170060
0 0.139787 0.541605 0.220426 0.151090
0 0.137452 0.352590 0.232514 0.171020
0 0.377541 0.893750 0.225137 0.169100
0 0.385076 0.722430 0.216525 0.157060
0 0.137610 0.715900 0.240495 0.165200
0 0.865096 0.532320 0.233049 0.173580
0 0.618674 0.533575 0.228723 0.171230
0 0.626703 0.176935 0.214286 0.158270
0 0.474073 0.208455 0.035234 0.028930
3 0.381504 0.944765 0.191470 0.025730
4 0.386497 0.968355 0.133187 0.020070
1 0.704712 0.894985 0.046071 0.012270
2 0.651023 0.917255 0.094849 0.029290
5 0.716305 0.917470 0.035769 0.031040
3 0.621703 0.946780 0.228297 0.025160
4 0.624203 0.969860 0.191676 0.020000
1 0.950261 0.888670 0.047692 0.013420
2 0.896614 0.911660 0.091168 0.029140
5 0.960872 0.911215 0.035398 0.029430
3 0.866415 0.943600 0.213324 0.025800
4 0.862253 0.969885 0.198764 0.020110
0 0.387953 0.351825 0.207885 0.173750
0 0.626236 0.716285 0.220879 0.171830
0 0.138462 0.894750 0.225275 0.170100
5 0.476394 0.917210 0.027102 0.024200
2 0.425082 0.917955 0.074670 0.023450
0 0.384327 0.177200 0.216511 0.156200
0 0.867747 0.166340 0.226044 0.174120
0 0.628571 0.352520 0.207143 0.169520
0 0.866339 0.351185 0.221717 0.171030
0 0.376374 0.531785 0.232143 0.170570
0 0.869368 0.896960 0.219231 0.168880
1 0.467747 0.899695 0.037033 0.009870
5 0.354238 0.917235 0.026799 0.023890
2 0.302637 0.917420 0.075879 0.024620
1 0.345378 0.899350 0.030865 0.009320
4 0.138317 0.968650 0.178613 0.020500
3 0.138434 0.944600 0.224780 0.028420
5 0.231023 0.912870 0.036854 0.031040
2 0.164375 0.912715 0.096799 0.030030
1 0.219293 0.890765 0.040646 0.010050
4 0.868585 0.789530 0.205412 0.020500
3 0.866710 0.765435 0.186690 0.025050
5 0.961099 0.733780 0.035632 0.031060
2 0.895110 0.734150 0.095852 0.030320
1 0.949828 0.711480 0.049437 0.012060
4 0.612775 0.790075 0.129615 0.024050
3 0.614293 0.765275 0.196992 0.022450
5 0.718558 0.727975 0.036731 0.029810
2 0.651868 0.727645 0.096648 0.029590
1 0.704258 0.705160 0.044560 0.009640
4 0.375673 0.788740 0.169093 0.023860
3 0.377754 0.763740 0.176387 0.023860
5 0.474238 0.732390 0.036937 0.031460
2 0.407452 0.732850 0.097102 0.030320
1 0.461648 0.709830 0.050357 0.011180
4 0.136435 0.787840 0.229821 0.020500
3 0.137335 0.763525 0.240385 0.022770
5 0.225371 0.727395 0.035577 0.029590
2 0.159815 0.728075 0.095536 0.030050
1 0.213647 0.705910 0.036387 0.009680
5 0.963654 0.578995 0.030714 0.025670
2 0.907953 0.579735 0.079423 0.025250
1 0.952033 0.560490 0.037747 0.009200
4 0.866779 0.613895 0.205728 0.010230
3 0.864959 0.601280 0.231016 0.013180
5 0.842946 0.579065 0.027706 0.024350
2 0.789753 0.578950 0.079038 0.024660
1 0.834011 0.561130 0.041648 0.009680
5 0.718578 0.578285 0.028173 0.023930
2 0.664746 0.578700 0.079492 0.024200
1 0.708283 0.560925 0.038654 0.010250
4 0.618908 0.613630 0.200838 0.011740
3 0.618496 0.601015 0.204464 0.014010
5 0.600529 0.578765 0.027706 0.025210
2 0.545907 0.578660 0.081044 0.024660
1 0.590563 0.560690 0.040137 0.010660
5 0.475089 0.571315 0.027102 0.023410
2 0.422514 0.571450 0.078764 0.024200
1 0.463805 0.553700 0.038324 0.010200
4 0.381882 0.611925 0.197225 0.009850
3 0.379526 0.599235 0.225810 0.015530
2 0.298860 0.573200 0.076566 0.025880
5 0.351580 0.572280 0.029533 0.024100
1 0.343310 0.555130 0.034505 0.008980
4 0.139828 0.612220 0.169821 0.010260
3 0.139938 0.598490 0.219519 0.015820
5 0.231305 0.567470 0.035549 0.031460
2 0.165625 0.567995 0.095755 0.030490
1 0.220172 0.543795 0.044409 0.011690
