5 0.960137 0.208220 0.034918 0.030600
2 0.894430 0.208320 0.096470 0.029980
3 0.623647 0.238330 0.200426 0.013660
5 0.717205 0.206810 0.034931 0.029160
2 0.651511 0.206775 0.095137 0.029830
1 0.703681 0.184720 0.047253 0.012440
4 0.379396 0.250080 0.218132 0.009780
3 0.378853 0.238020 0.184712 0.012940
2 0.399973 0.206745 0.096841 0.032090
5 0.466016 0.206595 0.036978 0.029610
1 0.452878 0.184895 0.051662 0.012390
4 0.132953 0.256125 0.176071 0.020230
3 0.132473 0.239060 0.223516 0.011120
2 0.166016 0.206210 0.094890 0.030420
5 0.232005 0.206845 0.036264 0.028910
1 0.218510 0.184400 0.040179 0.010000
0 0.859705 0.549355 0.210810 0.157690
0 0.465522 0.752870 0.035962 0.029380
0 0.376257 0.726710 0.217569 0.147920
0 0.940405 0.913945 0.048173 0.012490
0 0.382713 0.910245 0.217541 0.140070
0 0.377534 0.172800 0.222404 0.164000
1 0.949176 0.185570 0.054203 0.013420
4 0.622356 0.250935 0.212816 0.009990
0 0.138661 0.551365 0.224766 0.182170
0 0.618462 0.549510 0.229258 0.178900
0 0.376030 0.545100 0.238049 0.167400
0 0.628407 0.730030 0.226429 0.154060
0 0.135206 0.177820 0.230137 0.176960
0 0.869918 0.178615 0.215659 0.177770
0 0.625000 0.357225 0.223352 0.159550
0 0.863242 0.743705 0.225440 0.113790
4 0.124258 0.967740 0.186374 0.019520
0 0.625343 0.173505 0.218544 0.166210
0 0.131559 0.897280 0.212706 0.160640
0 0.622665 0.905050 0.224176 0.149500
0 0.135378 0.722960 0.222102 0.150540
0 0.146841 0.364600 0.226648 0.149400
0 0.377163 0.361765 0.219025 0.171330
0 0.862734 0.907650 0.223159 0.145700
4 0.860968 0.974580 0.083008 0.010520
3 0.862102 0.963520 0.059038 0.009500
2 0.887315 0.936360 0.096250 0.030300
5 0.953510 0.936400 0.036442 0.029840
4 0.617301 0.975025 0.178860 0.009050
3 0.619918 0.964680 0.217582 0.010000
2 0.649540 0.929145 0.095398 0.030330
5 0.716332 0.928685 0.036593 0.029990
1 0.703207 0.906415 0.049135 0.011050
4 0.378819 0.975205 0.180275 0.009210
3 0.380460 0.963600 0.211030 0.013200
2 0.406861 0.929370 0.096690 0.030020
5 0.473441 0.927840 0.035838 0.028940
1 0.460412 0.906325 0.048791 0.010990
3 0.127026 0.951015 0.144574 0.014030
2 0.153194 0.926135 0.095755 0.030910
5 0.219595 0.925260 0.036387 0.027960
1 0.208077 0.903260 0.047912 0.011920
4 0.862569 0.795070 0.212088 0.010860
3 0.863832 0.781235 0.156813 0.012130
2 0.892260 0.757150 0.098640 0.031300
5 0.958029 0.755480 0.035124 0.030340
0 0.866298 0.363350 0.227376 0.168280
1 0.946902 0.733555 0.048503 0.012190
4 0.617005 0.794180 0.076703 0.011080
3 0.617177 0.782520 0.035426 0.011760
2 0.644766 0.763700 0.095742 0.031440
5 0.712335 0.754130 0.039148 0.029780
1 0.698626 0.732200 0.043681 0.011800
4 0.371092 0.794915 0.204794 0.012270
3 0.373956 0.780630 0.181016 0.011860
2 0.399196 0.753775 0.097349 0.029610
1 0.453118 0.731075 0.049588 0.012410
4 0.127356 0.793645 0.196195 0.008970
3 0.127898 0.781745 0.168379 0.011570
2 0.159396 0.755670 0.096593 0.030940
5 0.225364 0.755805 0.035838 0.028950
1 0.216312 0.733775 0.055673 0.014390
4 0.856834 0.618080 0.171690 0.020860
3 0.857830 0.601205 0.175330 0.011370
5 0.950117 0.573820 0.034135 0.029280
2 0.884114 0.573915 0.097349 0.029770
1 0.938159 0.551555 0.052692 0.013330
4 0.618269 0.623540 0.227473 0.030480
3 0.623084 0.588530 0.142981 0.036860
2 0.641779 0.552400 0.095453 0.029200
5 0.707617 0.552340 0.037459 0.029120
1 0.697047 0.529860 0.054258 0.014120
4 0.377424 0.618980 0.197706 0.020520
3 0.377857 0.601615 0.203791 0.013570
2 0.397569 0.565160 0.096786 0.031240
5 0.463537 0.564170 0.035728 0.028300
1 0.452060 0.542665 0.053022 0.012270
4 0.137459 0.625100 0.195989 0.034760
3 0.137431 0.594480 0.188874 0.023520
2 0.162802 0.563965 0.095385 0.032130
5 0.227692 0.563115 0.035549 0.031570
1 0.217740 0.541105 0.049135 0.010910
4 0.869966 0.432115 0.200316 0.030610
3 0.867754 0.403440 0.221497 0.024020
5 0.949348 0.371510 0.033668 0.028920
2 0.883963 0.371810 0.095343 0.029040
1 0.937713 0.350095 0.053146 0.012450
4 0.623956 0.431325 0.185220 0.010990
3 0.624265 0.418560 0.167953 0.013180
2 0.650810 0.388345 0.096648 0.030250
5 0.718297 0.387210 0.035769 0.030900
1 0.706216 0.364305 0.049684 0.012270
4 0.377198 0.437500 0.219231 0.021000
3 0.379354 0.417500 0.187170 0.014400
2 0.401202 0.387495 0.097102 0.030010
5 0.467946 0.387060 0.035124 0.030320
1 0.456188 0.364645 0.049986 0.012730
4 0.134444 0.433125 0.124876 0.011370
3 0.136339 0.420795 0.137871 0.011370
2 0.164931 0.395735 0.097198 0.030250
5 0.230701 0.394950 0.035027 0.029200
1 0.221174 0.373180 0.053448 0.012060
4 0.857727 0.256885 0.155041 0.020870
3 0.859911 0.239100 0.182624 0.012120
