0 0.143229 0.239500 0.247396 0.173000
1 0.218099 0.237000 0.040365 0.012000
2 0.179036 0.264500 0.162760 0.039000
3 0.138672 0.295500 0.225260 0.017000
4 0.172526 0.312500 0.157552 0.013000
5 0.234375 0.268000 0.041667 0.026000
0 0.391276 0.216000 0.238281 0.220000
1 0.454427 0.235500 0.020833 0.013000
2 0.417318 0.263000 0.165365 0.040000
3 0.423828 0.294000 0.131510 0.016000
4 0.416667 0.311500 0.148438 0.013000
5 0.472656 0.266500 0.044271 0.025000
0 0.632161 0.233000 0.235677 0.174000
1 0.697266 0.238000 0.040365 0.012000
2 0.658854 0.265000 0.161458 0.040000
3 0.632161 0.296000 0.196615 0.016000
4 0.623698 0.312000 0.216146 0.012000
5 0.713542 0.268000 0.041667 0.028000
0 0.872396 0.215000 0.239583 0.220000
1 0.928385 0.236500 0.018229 0.013000
2 0.891276 0.264000 0.157552 0.040000
3 0.858073 0.295500 0.208333 0.015000
4 0.874349 0.311500 0.175781 0.013000
5 0.945964 0.269000 0.042969 0.026000
0 0.156901 0.454000 0.248698 0.186000
1 0.218750 0.456500 0.039062 0.011000
2 0.177734 0.483500 0.162760 0.039000
3 0.174479 0.515000 0.153646 0.014000
4 0.175130 0.530500 0.157552 0.011000
5 0.234375 0.487500 0.036458 0.027000
0 0.495443 0.439000 0.282552 0.214000
1 0.572266 0.456500 0.042969 0.013000
2 0.533854 0.484500 0.161458 0.041000
3 0.494141 0.515500 0.222656 0.017000
4 0.497396 0.531500 0.216146 0.013000
5 0.589193 0.488500 0.042969 0.027000
0 0.879557 0.442500 0.235677 0.207000
1 0.929036 0.455500 0.042969 0.013000
2 0.891276 0.482500 0.162760 0.039000
3 0.878906 0.513500 0.164062 0.017000
4 0.876302 0.530000 0.174479 0.012000
5 0.946615 0.486500 0.041667 0.027000
0 0.290365 0.658500 0.348958 0.211000
1 0.410807 0.677500 0.042969 0.013000
2 0.374349 0.704500 0.162760 0.041000
3 0.343099 0.735500 0.207031 0.015000
4 0.374349 0.751500 0.149740 0.011000
5 0.430339 0.707000 0.045573 0.026000
0 0.766927 0.655500 0.315104 0.215000
1 0.872396 0.675500 0.041667 0.013000
2 0.833984 0.703500 0.160156 0.039000
3 0.796875 0.735500 0.218750 0.015000
4 0.797526 0.751500 0.217448 0.011000
5 0.889323 0.707000 0.041667 0.028000
0 0.203776 0.883000 0.292969 0.204000
1 0.292318 0.896000 0.022135 0.012000
2 0.257812 0.923000 0.161458 0.038000
3 0.236328 0.955500 0.183594 0.017000
4 0.234375 0.970500 0.192708 0.011000
5 0.311849 0.927000 0.045573 0.026000
0 0.544271 0.882500 0.270833 0.213000
1 0.615885 0.896000 0.041667 0.012000
2 0.578776 0.923500 0.160156 0.039000
3 0.541016 0.955000 0.217448 0.016000
4 0.538411 0.971500 0.222656 0.013000
5 0.631510 0.926500 0.041667 0.027000
0 0.831380 0.873000 0.217448 0.214000
1 0.887370 0.894500 0.045573 0.013000
2 0.848958 0.921500 0.158854 0.039000
3 0.824870 0.953000 0.196615 0.016000
4 0.828776 0.969000 0.188802 0.012000
5 0.904297 0.923500 0.040365 0.029000
