0 0.317183 0.221000 0.370801 0.198000
1 0.454134 0.235000 0.040052 0.012000
2 0.417313 0.262000 0.162791 0.040000
3 0.336563 0.294000 0.311370 0.014000
4 0.354005 0.310500 0.273902 0.013000
5 0.474160 0.265500 0.049096 0.029000
0 0.781654 0.215000 0.385013 0.218000
1 0.922481 0.234500 0.041344 0.013000
2 0.885013 0.261500 0.157623 0.039000
3 0.827519 0.294000 0.259690 0.016000
4 0.865633 0.310500 0.183463 0.013000
5 0.938630 0.264500 0.045220 0.029000
0 0.325581 0.438500 0.356589 0.231000
1 0.453488 0.458000 0.043928 0.014000
2 0.416667 0.484500 0.158915 0.039000
3 0.376615 0.518000 0.226098 0.016000
4 0.353359 0.533500 0.277778 0.011000
5 0.470930 0.488500 0.047804 0.029000
0 0.779070 0.435500 0.387597 0.213000
1 0.914083 0.457500 0.024548 0.013000
2 0.877261 0.485000 0.162791 0.038000
3 0.771318 0.517000 0.361757 0.016000
4 0.792636 0.532500 0.316537 0.011000
5 0.932171 0.488500 0.045220 0.027000
0 0.288114 0.667500 0.444444 0.207000
1 0.454134 0.680500 0.024548 0.013000
2 0.415375 0.706000 0.161499 0.040000
3 0.284884 0.739500 0.404393 0.017000
4 0.332687 0.755000 0.316537 0.012000
5 0.472222 0.709500 0.045220 0.027000
0 0.781008 0.656000 0.383721 0.216000
1 0.916667 0.647500 0.042636 0.013000
2 0.878553 0.675000 0.165375 0.040000
3 0.830103 0.713500 0.241602 0.029000
4 0.843669 0.746000 0.217054 0.028000
5 0.931525 0.678500 0.043928 0.029000
0 0.204134 0.883000 0.289406 0.206000
1 0.297158 0.870000 0.041344 0.012000
2 0.259690 0.896500 0.162791 0.041000
3 0.224160 0.937500 0.218346 0.033000
4 0.221576 0.969000 0.223514 0.024000
5 0.313307 0.899500 0.042636 0.029000
0 0.518088 0.880500 0.289406 0.209000
1 0.613695 0.901000 0.043928 0.014000
2 0.577519 0.928500 0.165375 0.039000
3 0.513566 0.960000 0.267442 0.016000
4 0.551680 0.976000 0.196382 0.010000
5 0.631137 0.932000 0.042636 0.026000
0 0.807494 0.875500 0.248062 0.219000
1 0.885659 0.869000 0.045220 0.012000
2 0.845607 0.896500 0.158915 0.041000
3 0.810078 0.936500 0.214470 0.031000
4 0.808140 0.969000 0.220930 0.026000
5 0.901163 0.901500 0.042636 0.027000
