0 0.191462 0.205500 0.318241 0.231000
1 0.291074 0.231500 0.041397 0.011000
2 0.256145 0.258500 0.165589 0.039000
3 0.238034 0.291500 0.178525 0.017000
4 0.245149 0.307000 0.161708 0.012000
5 0.311125 0.262500 0.055627 0.027000
0 0.536223 0.213000 0.267788 0.212000
1 0.617076 0.232000 0.041397 0.014000
2 0.578266 0.259500 0.160414 0.039000
3 0.542691 0.291000 0.213454 0.016000
4 0.563389 0.307500 0.174644 0.013000
5 0.633894 0.263000 0.041397 0.028000
0 0.826649 0.208000 0.294955 0.220000
1 0.923674 0.231500 0.041397 0.013000
2 0.884864 0.259000 0.163001 0.040000
3 0.823415 0.291000 0.270375 0.016000
4 0.833118 0.307500 0.253558 0.011000
5 0.941138 0.262500 0.047865 0.029000
0 0.194049 0.431500 0.310479 0.215000
1 0.293661 0.454000 0.043984 0.012000
2 0.258085 0.481000 0.161708 0.038000
3 0.208279 0.512500 0.243208 0.015000
4 0.216688 0.528500 0.223803 0.011000
5 0.313066 0.484000 0.046572 0.026000
0 0.525873 0.432000 0.285899 0.218000
1 0.617723 0.454500 0.040103 0.013000
2 0.578913 0.482000 0.164295 0.038000
3 0.527167 0.513500 0.247089 0.017000
4 0.536223 0.530500 0.231565 0.013000
5 0.635188 0.485500 0.043984 0.029000
0 0.835705 0.428000 0.279431 0.218000
1 0.928202 0.453500 0.042691 0.013000
2 0.888098 0.481500 0.161708 0.039000
3 0.832471 0.512000 0.265201 0.016000
4 0.835058 0.528000 0.254851 0.010000
5 0.943726 0.484000 0.045278 0.030000
0 0.205692 0.653500 0.292367 0.223000
1 0.298836 0.675500 0.041397 0.011000
2 0.260673 0.702000 0.161708 0.038000
3 0.209573 0.734000 0.245796 0.016000
4 0.202458 0.750000 0.265201 0.012000
0 0.500000 0.653500 0.293661 0.217000
1 0.598318 0.674000 0.021992 0.012000
2 0.562096 0.701500 0.161708 0.041000
3 0.535576 0.732500 0.196636 0.015000
4 0.548512 0.750000 0.168176 0.012000
5 0.616429 0.704500 0.050453 0.029000
5 0.315006 0.706500 0.040103 0.025000
0 0.813066 0.649000 0.324709 0.220000
1 0.915912 0.674500 0.043984 0.013000
2 0.880983 0.701500 0.160414 0.039000
3 0.804010 0.733000 0.296248 0.016000
4 0.829884 0.750500 0.244502 0.013000
5 0.935317 0.704000 0.046572 0.028000
0 0.205045 0.880500 0.288486 0.197000
1 0.295602 0.894000 0.042691 0.012000
2 0.256145 0.921500 0.165589 0.039000
3 0.221863 0.953500 0.216041 0.017000
4 0.227038 0.970000 0.205692 0.012000
5 0.311772 0.924500 0.046572 0.027000
0 0.522639 0.877500 0.300129 0.207000
1 0.615783 0.894500 0.043984 0.013000
2 0.579560 0.921500 0.163001 0.039000
3 0.525226 0.953500 0.250970 0.015000
4 0.515524 0.969000 0.270375 0.012000
5 0.633894 0.924500 0.043984 0.029000
0 0.831177 0.875500 0.270375 0.209000
1 0.915912 0.894000 0.043984 0.014000
2 0.876455 0.922000 0.164295 0.038000
3 0.846701 0.953500 0.203105 0.015000
4 0.846054 0.969500 0.209573 0.013000
5 0.933376 0.925000 0.042691 0.028000
