0 0.835948 0.224600 0.257516 0.189200
0 0.630065 0.872750 0.209673 0.200300
0 0.147320 0.872150 0.232680 0.203900
0 0.865817 0.435900 0.207190 0.202600
0 0.516013 0.212600 0.366405 0.209800
0 0.397908 0.872650 0.238693 0.198500
0 0.176732 0.216900 0.275294 0.207400
0 0.858562 0.872400 0.216732 0.205200
0 0.862810 0.654800 0.194379 0.211000
0 0.617190 0.655900 0.224967 0.205000
0 0.163856 0.657250 0.213203 0.198900
0 0.152680 0.434000 0.224837 0.215000
0 0.386667 0.435400 0.215425 0.208000
0 0.623660 0.434700 0.231634 0.209400
0 0.395621 0.658900 0.212941 0.196800
