0 0.615112 0.895050 0.202365 0.149500
0 0.844612 0.870200 0.202234 0.202200
0 0.618988 0.659850 0.210907 0.213300
0 0.157030 0.661150 0.240736 0.203900
0 0.173784 0.443100 0.281603 0.198000
0 0.281472 0.219450 0.309593 0.215300
0 0.722339 0.227000 0.287254 0.201200
0 0.876281 0.445750 0.194612 0.195700
0 0.437516 0.442950 0.225099 0.198900
0 0.664389 0.444750 0.211564 0.192700
0 0.394087 0.877250 0.203942 0.196500
0 0.166360 0.876350 0.235742 0.195300
0 0.401051 0.660800 0.208410 0.203400
0 0.847109 0.658600 0.229829 0.203000
