0 0.17914438502673796 0.7422907488986784 0.13368983957219252 0.039647577092511016
0 0.18716577540106955 0.4757709251101322 0.12834224598930483 0.03524229074889868
0 0.17914438502673796 0.5903083700440529 0.13368983957219252 0.03524229074889868
3 0.8101604278074866 0.9603524229074889 0.37967914438502676 0.04405286343612335
2 0.8101604278074865 0.8986784140969163 0.3689839572192513 0.06167400881057269
4 0.7914438502673797 0.4977973568281938 0.40641711229946526 0.1145374449339207
1 0.11764705882352941 0.790748898678414 0.053475935828877004 0.048458149779735685
1 0.10695187165775402 0.6453744493392071 0.0855614973262032 0.05726872246696035
1 0.09893048128342247 0.5242290748898678 0.09090909090909091 0.05286343612334802
4 0.7941176470588236 0.7709251101321586 0.40106951871657753 0.12334801762114538
4 0.7941176470588236 0.6343612334801763 0.40106951871657753 0.14096916299559473
