2 0.41538461538461535 0.8905109489051095 0.8153846153846154 0.08759124087591241
0 0.8884615384615385 0.072992700729927 0.16153846153846155 0.058394160583941604
0 0.8923076923076924 0.34306569343065696 0.18461538461538463 0.043795620437956206
0 0.8884615384615384 0.6386861313868614 0.14615384615384616 0.051094890510948905
1 0.6884615384615385 0.740875912408759 0.34615384615384615 0.15328467153284672
1 0.6961538461538461 0.4416058394160584 0.34615384615384615 0.15328467153284672
1 0.6923076923076923 0.18248175182481752 0.35384615384615387 0.145985401459854
3 0.41538461538461535 0.9635036496350364 0.7230769230769231 0.058394160583941604
4 0.9230769230769231 0.740875912408759 0.12307692307692308 0.15328467153284672
4 0.9230769230769231 0.44525547445255476 0.12307692307692308 0.145985401459854
4 0.9307692307692308 0.17883211678832117 0.12307692307692308 0.15328467153284672
