4 0.9161676646706587 0.4633333333333333 0.11976047904191617 0.16666666666666666
4 0.9131736526946108 0.15666666666666668 0.12574850299401197 0.16666666666666666
1 0.6976047904191617 0.16 0.32934131736526945 0.16
1 0.6976047904191617 0.46 0.32934131736526945 0.16
1 0.6976047904191617 0.7533333333333333 0.32934131736526945 0.16
2 0.5419161676646707 0.8933333333333333 0.3532934131736527 0.06666666666666667
3 0.5419161676646707 0.97 0.3772455089820359 0.04666666666666667
0 0.8832335329341318 0.6333333333333334 0.1377245508982036 0.08
0 0.8772455089820359 0.3566666666666667 0.12574850299401197 0.07333333333333333
0 0.877245508982036 0.05666666666666667 0.1377245508982036 0.07333333333333333
4 0.9221556886227544 0.7466666666666667 0.1317365269461078 0.17333333333333334
