1 0.6901408450704225 0.12585034013605442 0.323943661971831 0.1292517006802721
0 0.869718309859155 0.030612244897959183 0.11971830985915492 0.047619047619047616
2 0.46830985915492956 0.891156462585034 0.4295774647887324 0.05442176870748299
3 0.46830985915492956 0.9489795918367347 0.2605633802816901 0.047619047619047616
0 0.8908450704225352 0.29931972789115646 0.176056338028169 0.05442176870748299
0 0.8873239436619719 0.5986394557823129 0.16901408450704225 0.05442176870748299
1 0.7112676056338029 0.6938775510204082 0.323943661971831 0.1360544217687075
1 0.7183098591549296 0.3945578231292517 0.323943661971831 0.1360544217687075
4 0.926056338028169 0.6938775510204082 0.11971830985915492 0.1360544217687075
4 0.9295774647887324 0.3945578231292517 0.11267605633802817 0.1360544217687075
4 0.9049295774647887 0.12244897959183673 0.11971830985915492 0.1360544217687075
