1 0.7023121387283238 0.7647058823529411 0.32947976878612717 0.1411764705882353
1 0.7138728323699421 0.46176470588235297 0.32947976878612717 0.14705882352941177
1 0.7080924855491328 0.14411764705882352 0.32947976878612717 0.14705882352941177
2 0.4710982658959537 0.9058823529411765 0.43352601156069365 0.058823529411764705
3 0.4682080924855492 0.9647058823529412 0.6473988439306358 0.058823529411764705
4 0.9248554913294798 0.1411764705882353 0.13872832369942195 0.1411764705882353
0 0.8988439306358381 0.03823529411764706 0.12138728323699421 0.06470588235294118
0 0.9046242774566474 0.3529411764705882 0.14450867052023122 0.047058823529411764
0 0.8930635838150289 0.6588235294117647 0.15606936416184972 0.058823529411764705
4 0.9335260115606936 0.7588235294117647 0.12138728323699421 0.15294117647058825
4 0.9364161849710982 0.4647058823529412 0.12716763005780346 0.15294117647058825
