0 0.8854961832061068 0.6304347826086957 0.1984732824427481 0.057971014492753624
0 0.8854961832061069 0.33695652173913043 0.16793893129770993 0.06521739130434782
0 0.8740458015267175 0.07246376811594203 0.16030534351145037 0.057971014492753624
1 0.6946564885496183 0.7391304347826086 0.33587786259541985 0.14492753623188406
2 0.41603053435114506 0.8840579710144927 0.816793893129771 0.08695652173913043
4 0.916030534351145 0.18115942028985507 0.12213740458015267 0.15942028985507245
4 0.9236641221374046 0.44202898550724634 0.12213740458015267 0.14492753623188406
4 0.9274809160305344 0.7391304347826086 0.11450381679389313 0.14492753623188406
1 0.6908396946564885 0.44202898550724634 0.3435114503816794 0.14492753623188406
1 0.6908396946564885 0.18115942028985507 0.3435114503816794 0.15942028985507245
3 0.416030534351145 0.9565217391304348 0.7099236641221374 0.057971014492753624
