1 0.7676470588235295 0.5681818181818181 0.2411764705882353 0.09740259740259741
4 0.9352941176470588 0.564935064935065 0.10588235294117647 0.1038961038961039
4 0.9382352941176471 0.4577922077922078 0.1 0.11038961038961038
4 0.9352941176470588 0.34415584415584416 0.10588235294117647 0.1038961038961039
4 0.9382352941176471 0.237012987012987 0.1 0.09740259740259741
1 0.7705882352941177 0.2337662337662338 0.23529411764705882 0.1038961038961039
1 0.7676470588235295 0.3474025974025974 0.2411764705882353 0.09740259740259741
1 0.7676470588235295 0.4577922077922078 0.2411764705882353 0.11038961038961038
0 0.5411764705882354 0.2337662337662338 0.18823529411764706 0.1038961038961039
0 0.5470588235294118 0.3474025974025974 0.18823529411764706 0.11038961038961038
0 0.5411764705882354 0.4545454545454546 0.18823529411764706 0.1038961038961039
0 0.5441176470588235 0.5681818181818181 0.18235294117647058 0.09740259740259741
0 0.5411764705882354 0.2272727272727273 0.18823529411764706 0.1038961038961039
3 0.5088235294117647 0.9545454545454545 0.6882352941176471 0.03896103896103896
2 0.5058823529411764 0.8928571428571428 0.4823529411764706 0.045454545454545456
