1 0.686046511627907 0.7166666666666667 0.3372093023255814 0.14444444444444443
1 0.686046511627907 0.14166666666666666 0.3372093023255814 0.1388888888888889
1 0.688953488372093 0.4361111111111111 0.3430232558139535 0.12777777777777777
2 0.5174418604651163 0.85 0.9418604651162791 0.05555555555555555
3 0.5058139534883721 0.9388888888888889 0.6162790697674418 0.1111111111111111
4 0.9186046511627907 0.14166666666666666 0.12790697674418605 0.15
0 0.877906976744186 0.044444444444444446 0.18604651162790697 0.06666666666666667
0 0.8837209302325582 0.34444444444444444 0.16279069767441862 0.05555555555555555
0 0.8837209302325582 0.6083333333333334 0.1744186046511628 0.05
4 0.9127906976744186 0.4361111111111111 0.11627906976744186 0.12777777777777777
4 0.9186046511627907 0.7194444444444444 0.12790697674418605 0.1388888888888889
