3 0.4817518248175182 0.9527027027027026 0.9197080291970803 0.05405405405405406
2 0.4817518248175182 0.8986486486486487 0.46715328467153283 0.05405405405405406
0 0.8832116788321168 0.04391891891891892 0.1897810218978102 0.0472972972972973
0 0.8832116788321168 0.3716216216216216 0.145985401459854 0.05405405405405406
0 0.8795620437956204 0.6452702702702703 0.15328467153284672 0.060810810810810814
1 0.6751824817518248 0.4763513513513513 0.3722627737226277 0.1554054054054054
1 0.6751824817518248 0.75 0.3722627737226277 0.14864864864864866
1 0.6751824817518248 0.14864864864864866 0.3722627737226277 0.14864864864864866
4 0.9197080291970803 0.14527027027027029 0.13138686131386862 0.1554054054054054
4 0.9197080291970803 0.4763513513513513 0.13138686131386862 0.1554054054054054
4 0.9233576642335766 0.75 0.12408759124087591 0.14864864864864866
