0 0.9036144578313253 0.6006711409395973 0.1566265060240964 0.06040268456375839
0 0.8945783132530121 0.3926174496644295 0.16265060240963855 0.06040268456375839
0 0.3042168674698795 0.6140939597315437 0.16265060240963855 0.06040268456375839
0 0.29518072289156627 0.40604026845637586 0.1686746987951807 0.06040268456375839
1 0.75 0.7013422818791946 0.2710843373493976 0.14093959731543623
4 0.9337349397590362 0.7013422818791946 0.0963855421686747 0.14093959731543623
4 0.3373493975903615 0.7114093959731543 0.10843373493975904 0.1342281879194631
4 0.32831325301204817 0.5033557046979865 0.10240963855421686 0.1342281879194631
4 0.927710843373494 0.4899328859060403 0.0963855421686747 0.1342281879194631
1 0.14457831325301204 0.5033557046979865 0.27710843373493976 0.1342281879194631
1 0.1566265060240964 0.7147651006711409 0.27710843373493976 0.14093959731543623
1 0.7409638554216867 0.4899328859060403 0.2891566265060241 0.1342281879194631
2 0.5 0.8221476510067114 0.963855421686747 0.0738255033557047
3 0.5 0.9295302013422818 0.8674698795180723 0.10067114093959731
