3 0.4763513513513513 0.9565217391304348 0.5878378378378378 0.057971014492753624
2 0.47297297297297297 0.8840579710144928 0.44594594594594594 0.07246376811594203
0 0.3716216216216216 0.6630434782608695 0.10810810810810811 0.036231884057971016
0 0.902027027027027 0.6594202898550725 0.12837837837837837 0.057971014492753624
1 0.20270270270270271 0.7644927536231884 0.2972972972972973 0.13768115942028986
1 0.7331081081081081 0.7608695652173912 0.2905405405405405 0.13043478260869565
4 0.40540540540540543 0.7644927536231884 0.10810810810810811 0.13768115942028986
4 0.9290540540540541 0.7608695652173912 0.10135135135135136 0.13043478260869565
4 0.8040540540540541 0.25724637681159424 0.10810810810810811 0.13768115942028986
1 0.6013513513513513 0.25724637681159424 0.2972972972972973 0.13768115942028986
0 0.7804054054054055 0.15942028985507245 0.1554054054054054 0.057971014492753624
