2 0.48175182481751827 0.8884892086330936 0.5255474452554745 0.06474820143884892
4 0.9014598540145985 0.460431654676259 0.12408759124087591 0.14388489208633093
4 0.9014598540145985 0.7086330935251799 0.12408759124087591 0.1366906474820144
4 0.9051094890510949 0.20503597122302158 0.13138686131386862 0.1510791366906475
1 0.6715328467153285 0.20503597122302158 0.35036496350364965 0.1510791366906475
0 0.8576642335766423 0.3489208633093525 0.19708029197080293 0.06474820143884892
0 0.864963503649635 0.6007194244604317 0.19708029197080293 0.06474820143884892
1 0.6678832116788321 0.45683453237410077 0.34306569343065696 0.1510791366906475
1 0.6751824817518248 0.7050359712230215 0.34306569343065696 0.14388489208633093
3 0.4854014598540146 0.9532374100719425 0.708029197080292 0.06474820143884892
0 0.8576642335766423 0.09712230215827337 0.22627737226277372 0.050359712230215826
