1 0.42222222222222217 0.11464968152866242 0.34074074074074073 0.12738853503184713
0 0.6037037037037037 0.025477707006369428 0.1259259259259259 0.03821656050955414
1 0.7 0.7738853503184713 0.34814814814814815 0.1337579617834395
1 0.1814814814814815 0.7611464968152866 0.34814814814814815 0.1337579617834395
0 0.888888888888889 0.678343949044586 0.17777777777777778 0.05732484076433121
3 0.48888888888888893 0.9522292993630573 0.6370370370370371 0.044585987261146494
2 0.48518518518518516 0.89171974522293 0.8222222222222222 0.06369426751592357
0 0.3592592592592593 0.6656050955414012 0.15555555555555556 0.05732484076433121
4 0.6481481481481481 0.11464968152866242 0.1111111111111111 0.11464968152866242
4 0.40740740740740744 0.7611464968152866 0.11851851851851852 0.1337579617834395
4 0.9296296296296297 0.7738853503184713 0.1259259259259259 0.1337579617834395
