1 0.2 0.6803797468354431 0.35384615384615387 0.13291139240506328
1 0.7000000000000001 0.6835443037974683 0.35384615384615387 0.12658227848101267
0 0.40384615384615385 0.1930379746835443 0.13076923076923078 0.04430379746835443
1 0.21153846153846154 0.28164556962025317 0.36153846153846153 0.13291139240506328
2 0.5 0.8259493670886076 0.9846153846153847 0.06962025316455696
3 0.5038461538461538 0.9177215189873418 0.8538461538461538 0.10126582278481013
0 0.8884615384615384 0.5917721518987342 0.2076923076923077 0.056962025316455694
0 0.38846153846153847 0.5854430379746836 0.19230769230769232 0.056962025316455694
4 0.4461538461538462 0.28164556962025317 0.12307692307692308 0.12025316455696203
4 0.4346153846153846 0.6772151898734178 0.11538461538461539 0.12658227848101267
4 0.9307692307692308 0.6835443037974683 0.12307692307692308 0.12658227848101267
