3 0.5 0.9527027027027027 0.9882352941176471 0.06756756756756757
2 0.4882352941176471 0.8716216216216216 0.7411764705882353 0.08108108108108109
4 0.9235294117647059 0.6655405405405405 0.11764705882352941 0.16891891891891891
1 0.6970588235294117 0.6655405405405405 0.3352941176470588 0.16891891891891891
0 0.8852941176470588 0.5472972972972974 0.13529411764705881 0.05405405405405406
4 0.9205882352941177 0.40878378378378377 0.11176470588235295 0.1554054054054054
1 0.6941176470588235 0.41216216216216217 0.32941176470588235 0.16216216216216217
0 0.8911764705882352 0.28716216216216217 0.14705882352941177 0.07432432432432433
4 0.9264705882352942 0.15202702702702703 0.12352941176470589 0.16891891891891891
1 0.7 0.15878378378378377 0.32941176470588235 0.16891891891891891
0 0.888235294117647 0.04054054054054054 0.12941176470588237 0.05405405405405406
